1	527	5
1	588	4
1	595	5
1	608	4
1	720	3
1	783	4
1	914	3
1	938	4
1	1028	5
1	1029	5
1	1193	5
1	1246	4
1	1287	5
1	1566	4
1	1721	4
1	1962	4
1	2018	4
1	2692	4
1	2804	5
1	3114	4
5	6	2
5	24	1
5	34	4
5	36	3
5	41	4
5	52	2
5	215	3
5	229	3
5	296	4
5	299	3
5	318	3
5	321	3
5	348	4
5	357	2
5	497	3
5	501	1
5	506	4
5	515	4
5	581	3
5	593	4
5	608	4
5	728	4
5	860	2
5	866	4
5	896	4
5	908	4
5	968	3
5	1046	5
5	1171	4
5	1175	5
5	1213	5
5	1392	4
5	1449	4
5	1466	3
5	1485	3
5	1513	4
5	1529	4
5	1535	4
5	1580	4
5	1594	1
5	1610	4
5	1617	3
5	1649	4
5	1683	3
5	1684	3
5	1704	3
5	1715	4
5	1721	1
5	1722	2
5	1729	4
5	1734	4
5	1747	2
5	1788	3
5	1794	3
5	1912	3
5	1923	3
5	2029	4
5	2058	1
5	2159	1
5	2188	1
5	2282	3
5	2289	4
5	2318	4
5	2323	4
5	2353	3
5	2359	3
5	2390	4
5	2395	5
5	2437	2
5	2560	4
5	2580	4
5	2607	2
5	2692	4
5	2716	3
5	2734	2
5	2770	4
5	2890	4
5	2908	4
5	2916	1
5	2952	2
5	2997	5
5	3006	3
5	3020	1
5	3051	2
5	3079	2
5	3100	1
5	3176	2
5	3267	4
5	3409	3
5	3418	3
5	3476	3
5	3499	3
5	3513	1
5	3578	2
5	3728	2
5	3744	1
5	3786	3
5	3793	2
6	17	4
6	34	4
6	296	2
6	588	4
6	590	3
6	595	4
6	838	4
6	914	5
6	1028	4
6	1030	4
6	1088	5
6	1441	4
6	1566	4
6	1569	4
6	1674	4
6	1688	5
6	1806	3
6	1947	5
6	2081	4
6	2100	3
6	2396	4
6	2469	3
6	2506	3
6	3072	4
6	3501	5
6	3508	3
6	3524	3
6	3578	4
6	3685	3
6	3753	5
8	17	4
8	24	4
8	36	4
8	42	3
8	105	4
8	110	5
8	111	5
8	151	4
8	161	3
8	163	5
8	269	4
8	282	3
8	296	5
8	454	3
8	465	5
8	476	3
8	480	5
8	506	3
8	510	3
8	527	4
8	538	3
8	555	4
8	608	5
8	741	5
8	908	5
8	1059	3
8	1213	5
8	1265	5
8	1277	3
8	1357	4
8	1393	5
8	1411	5
8	1466	4
8	1488	3
8	1573	4
8	1580	4
8	1621	3
8	1639	5
8	1660	3
8	1673	5
8	1704	5
8	1721	5
8	1840	4
8	1916	5
8	2023	3
8	2278	3
8	2320	2
8	2329	5
8	2336	3
8	2396	5
8	2429	2
8	2442	4
8	2490	2
8	2600	2
8	2692	5
8	2712	3
8	2908	3
8	2916	5
8	3006	3
8	3107	5
8	3148	3
8	3213	3
8	3252	3
8	3256	5
8	3267	5
8	3418	3
8	3425	3
8	3500	3
16	2369	5
16	2485	3
16	2568	1
16	2581	4
16	2629	2
16	2701	2
16	2722	2
16	2761	4
16	2770	3
16	3175	4
32	28	3
32	247	4
32	293	4
32	457	3
32	480	2
32	593	5
32	608	4
32	1088	4
32	1617	3
32	1683	3
32	1784	3
32	1834	3
32	2916	3
32	3072	5
32	3079	5
32	3159	2
32	3429	3
32	3786	4
32	3821	1
37	236	4
37	339	3
37	357	5
37	480	3
37	497	5
37	587	5
37	605	5
37	788	1
37	1088	5
37	1094	2
37	1265	3
37	1457	4
37	1569	4
37	1721	3
37	1722	4
37	1947	5
37	1997	1
37	2080	4
37	2081	4
37	2100	3
37	2396	4
37	3159	5
37	3821	1
37	3864	1
38	17	4
38	34	3
38	64	2
38	215	3
38	236	4
38	296	3
38	339	4
38	342	3
38	357	5
38	381	4
38	500	4
38	587	4
38	588	4
38	605	3
38	779	2
38	838	4
38	1059	3
38	1088	4
38	1183	5
38	1246	4
38	1393	5
38	1441	3
38	1569	4
38	1573	4
38	1688	3
38	1704	5
38	1721	4
38	1835	3
38	1888	3
38	1895	3
38	1917	3
38	2059	4
38	2171	4
38	2336	4
38	2396	5
38	2442	5
38	2485	3
38	2506	4
38	2581	4
38	3072	4
40	161	4
40	173	2
40	303	3
40	329	3
40	466	4
40	590	3
40	653	4
40	736	4
40	780	4
40	952	3
40	969	5
40	1017	3
40	1198	5
40	1204	5
40	1242	4
40	1272	5
40	1287	5
40	1374	3
40	1391	3
40	1580	3
40	1927	4
40	2105	3
40	2161	4
40	2202	5
40	2287	5
40	2430	5
40	2471	4
40	2748	3
40	2815	1
40	2816	1
40	2817	1
40	2871	3
40	3062	4
40	3196	4
40	3247	3
40	3269	2
40	3406	4
40	3461	2
40	3643	4
40	3836	3
40	3927	3
45	34	1
45	35	2
45	52	4
45	140	4
45	144	2
45	153	2
45	186	2
45	205	2
45	215	3
45	235	3
45	276	3
45	317	3
45	339	4
45	348	3
45	355	2
45	357	5
45	371	4
45	378	2
45	447	3
45	489	3
45	497	4
45	500	3
45	527	1
45	532	2
45	587	5
45	588	3
45	605	3
45	671	3
45	697	2
45	728	4
45	736	2
45	779	1
45	830	2
45	838	2
45	905	4
45	909	4
45	910	5
45	911	4
45	914	4
45	915	5
45	916	5
45	933	3
45	943	3
45	969	5
45	1014	4
45	1028	4
45	1057	3
45	1083	3
45	1135	4
45	1171	1
45	1226	4
45	1230	3
45	1265	4
45	1278	3
45	1286	4
45	1292	2
45	1390	3
45	1398	2
45	1414	2
45	1441	3
45	1453	2
45	1485	2
45	1566	3
45	1571	2
45	1580	4
45	1632	2
45	1639	3
45	1641	3
45	1666	3
45	1680	2
45	1784	4
45	1835	5
45	1875	2
45	1888	2
45	1914	1
45	1923	1
45	2011	3
45	2012	3
45	2015	3
45	2037	2
45	2081	3
45	2100	4
45	2146	2
45	2205	2
45	2241	3
45	2245	5
45	2247	2
45	2248	4
45	2252	2
45	2262	3
45	2266	5
45	2292	1
45	2302	3
45	2316	2
45	2339	3
45	2356	3
45	2369	5
45	2385	2
45	2396	3
45	2407	4
45	2415	1
45	2416	3
45	2424	2
45	2426	4
45	2468	4
45	2469	3
45	2492	2
45	2558	3
45	2581	1
45	2598	2
45	2629	3
45	2716	5
45	2822	1
45	2829	2
45	2870	2
45	2915	4
45	2997	2
45	3037	3
45	3044	5
45	3061	2
45	3088	5
45	3114	4
45	3175	5
45	3244	4
45	3253	1
45	3255	3
45	3269	5
45	3284	5
45	3436	2
45	3450	4
45	3466	4
45	3501	4
45	3524	4
45	3540	2
45	3608	4
45	3671	3
45	3684	4
45	3685	1
45	3812	4
45	3873	3
45	3874	3
50	144	3
50	480	3
50	1466	3
50	2241	3
50	2312	4
50	3390	1
50	3409	3
50	3510	3
50	3578	3
50	3594	3
50	3616	2
50	3646	2
50	3786	3
50	3793	3
50	3821	1
67	36	5
67	111	4
67	277	4
67	318	5
67	480	2
67	587	2
67	908	5
67	909	5
67	971	4
67	1084	5
67	1094	5
67	1213	5
67	1272	4
67	1276	4
67	1287	5
67	1408	3
67	1704	4
67	1953	5
67	1954	5
67	1955	4
67	1962	4
67	1997	4
67	2915	4
67	3334	5
67	3359	5
67	3362	4
67	3424	4
67	3467	4
67	3471	4
67	3685	4
68	17	3
68	28	2
68	910	4
68	1136	5
68	1230	4
68	1265	1
68	1278	4
68	1639	4
68	1747	5
68	1912	4
68	1923	1
68	1947	5
68	2078	4
68	2248	5
68	2396	5
68	2690	5
68	2692	3
68	2804	2
68	2908	5
68	2997	5
68	3112	5
68	3421	3
68	3467	1
68	3524	2
68	3578	4
68	3608	3
68	3671	4
73	8	2
73	34	3
73	44	2
73	70	5
73	95	3
73	110	5
73	153	3
73	173	1
73	180	4
73	198	4
73	329	3
73	379	4
73	434	2
73	457	4
73	466	4
73	480	3
73	511	2
73	546	2
73	590	4
73	653	2
73	671	4
73	720	4
73	780	2
73	785	4
73	786	3
73	836	2
73	849	2
73	861	4
73	1015	2
73	1028	4
73	1091	2
73	1175	3
73	1198	4
73	1200	4
73	1215	5
73	1222	5
73	1261	5
73	1265	5
73	1275	5
73	1297	4
73	1356	5
73	1372	5
73	1373	2
73	1374	4
73	1394	3
73	1431	1
73	1562	1
73	1573	4
73	1580	3
73	1590	1
73	1606	3
73	1610	4
73	1615	3
73	1641	4
73	1690	3
73	1722	3
73	1769	4
73	1784	4
73	1882	1
73	1883	5
73	1917	2
73	1918	3
73	1923	2
73	1994	3
73	1997	4
73	2001	4
73	2011	3
73	2012	3
73	2046	4
73	2053	1
73	2081	4
73	2105	4
73	2193	4
73	2196	2
73	2320	2
73	2322	3
73	2353	3
73	2370	4
73	2399	3
73	2410	3
73	2490	4
73	2617	3
73	2692	5
73	2701	1
73	2716	5
73	2794	3
73	2796	3
73	2807	1
73	2826	4
73	2916	5
73	2986	3
73	2997	3
73	3033	4
73	3107	3
73	3175	4
73	3253	4
73	3267	4
73	3409	2
73	3438	5
73	3444	5
73	3450	3
73	3510	2
73	3527	3
73	3552	4
73	3578	5
73	3596	3
73	3608	3
73	3703	5
73	3704	3
73	3753	4
73	3768	3
73	3793	3
73	3821	1
73	3864	4
77	536	3
77	1131	3
77	2188	2
77	2395	5
77	2433	3
77	2712	3
77	2770	3
77	2771	2
77	2881	3
77	2997	5
77	3005	2
77	3053	3
77	3578	4
77	3753	3
82	10	4
82	24	3
82	110	5
82	161	5
82	256	4
82	296	5
82	318	5
82	379	3
82	457	5
82	480	4
82	527	4
82	587	5
82	590	5
82	593	5
82	608	4
82	628	4
82	718	4
82	780	5
82	788	4
82	805	4
82	832	4
82	880	3
82	1092	5
82	1183	4
82	1372	4
82	1393	5
82	1407	4
82	1411	4
82	1573	3
82	1580	3
82	1590	3
82	1610	5
82	1617	4
82	1704	5
82	1721	5
82	1722	4
82	1747	4
82	1762	4
82	1784	5
82	1892	4
82	2278	4
82	2353	5
82	2424	4
82	2501	5
82	2701	3
82	2722	4
82	2826	3
82	2916	4
82	3044	4
82	3072	4
82	3100	5
82	3176	4
82	3185	4
82	3252	4
82	3256	5
82	3476	4
82	3510	5
82	3513	4
82	3578	4
82	3697	3
82	3753	5
82	3793	3
82	3821	2
86	54	4
86	153	4
86	158	4
86	236	5
86	362	2
86	480	4
86	609	4
86	754	5
86	903	5
86	1013	4
86	1015	4
86	1088	5
86	1580	5
86	1688	3
86	1721	5
86	1760	4
86	2184	4
86	2396	5
86	2485	5
86	2617	5
86	2701	5
86	2716	3
86	2997	1
86	3005	5
86	3118	3
86	3175	4
86	3269	4
86	3489	4
88	110	4
88	111	5
88	318	4
88	480	3
88	527	5
88	608	5
88	858	5
88	908	5
88	924	4
88	1079	3
88	1084	5
88	1193	5
88	1198	4
88	1225	5
88	1228	4
88	1230	5
88	1265	1
88	1293	4
88	1394	1
88	1446	5
88	1594	2
88	1674	4
88	1704	5
88	1747	4
88	1923	5
88	1957	5
88	1962	4
88	2302	4
88	2915	5
88	2997	2
88	3068	4
88	3072	4
88	3334	4
88	3359	4
91	110	5
91	111	3
91	497	5
91	514	4
91	910	5
91	947	5
91	969	5
91	1060	4
91	1079	5
91	1226	5
91	1238	5
91	1265	5
91	1276	5
91	1278	5
91	1394	5
91	2073	5
91	2396	5
91	2788	5
91	2997	3
91	3104	5
91	3421	5
91	3671	5
92	6	1
92	8	3
92	17	4
92	24	2
92	34	3
92	36	2
92	70	1
92	76	2
92	110	5
92	153	3
92	158	3
92	216	5
92	256	2
92	303	1
92	317	3
92	318	5
92	329	3
92	357	4
92	360	3
92	362	2
92	376	1
92	434	4
92	465	1
92	480	4
92	514	3
92	527	1
92	546	5
92	558	1
92	588	5
92	593	4
92	595	5
92	653	2
92	709	3
92	736	2
92	780	3
92	783	1
92	788	1
92	810	1
92	886	4
92	901	3
92	910	5
92	914	5
92	953	4
92	1019	3
92	1024	2
92	1028	4
92	1029	2
92	1030	4
92	1031	3
92	1032	3
92	1057	2
92	1064	1
92	1088	4
92	1136	5
92	1198	3
92	1200	4
92	1214	3
92	1265	1
92	1271	4
92	1387	2
92	1391	2
92	1393	2
92	1408	3
92	1411	3
92	1499	1
92	1513	1
92	1562	3
92	1566	3
92	1573	5
92	1580	3
92	1590	1
92	1595	1
92	1605	2
92	1615	2
92	1641	5
92	1673	1
92	1688	5
92	1702	2
92	1704	2
92	1721	4
92	1722	2
92	1760	1
92	1779	3
92	1784	2
92	1882	1
92	1917	4
92	1920	1
92	1923	2
92	1947	4
92	1967	5
92	1997	2
92	2011	5
92	2012	4
92	2015	4
92	2018	2
92	2038	5
92	2046	5
92	2058	3
92	2072	4
92	2077	3
92	2078	3
92	2080	5
92	2081	5
92	2083	5
92	2093	4
92	2100	2
92	2102	3
92	2123	3
92	2125	5
92	2142	2
92	2143	2
92	2161	3
92	2188	1
92	2329	3
92	2336	3
92	2353	2
92	2359	1
92	2396	4
92	2407	3
92	2430	1
92	2471	2
92	2485	3
92	2500	1
92	2529	3
92	2546	1
92	2580	4
92	2581	4
92	2606	4
92	2701	2
92	2709	3
92	2714	2
92	2716	4
92	2719	1
92	2722	1
92	2763	4
92	2770	3
92	2771	2
92	2804	5
92	2822	3
92	2826	1
92	2840	3
92	2874	4
92	2876	2
92	2881	2
92	2950	2
92	2978	3
92	2995	2
92	2997	1
92	3005	2
92	3033	5
92	3034	3
92	3040	4
92	3107	4
92	3114	5
92	3175	2
92	3176	2
92	3178	2
92	3185	1
92	3238	1
92	3247	4
92	3252	2
92	3253	4
92	3255	5
92	3269	4
92	3325	1
92	3398	3
92	3409	4
92	3418	3
92	3438	4
92	3461	1
92	3466	4
92	3471	1
92	3477	2
92	3489	3
92	3510	3
92	3513	3
92	3515	1
92	3555	1
92	3578	5
92	3594	3
92	3608	1
92	3615	3
92	3616	1
92	3646	1
92	3675	5
92	3745	3
92	3753	4
92	3776	1
92	3793	3
92	3798	4
92	3821	1
92	3824	1
92	3864	1
92	3882	2
92	3927	4
98	296	4
98	318	5
98	527	5
98	593	3
98	1562	3
98	1997	2
98	2241	3
98	2302	3
98	3244	3
98	3578	5
98	3821	4
101	71	4
101	145	5
101	329	5
101	360	5
101	376	4
101	466	5
101	480	5
101	546	5
101	736	5
101	780	5
101	849	4
101	1198	5
101	1200	3
101	1214	3
101	1275	5
101	1287	5
101	1356	5
101	1372	5
101	1373	5
101	1374	4
101	1438	5
101	1562	5
101	1580	5
101	1722	5
101	1835	3
101	1954	5
101	2001	5
101	2353	5
101	2405	5
101	2411	5
101	2617	5
101	2640	5
101	2642	5
101	2735	3
101	2763	5
101	2794	5
101	2826	4
101	2916	3
101	3418	4
101	3438	5
101	3527	3
101	3555	5
101	3697	3
101	3793	5
101	3841	5
102	10	2
102	24	5
102	111	5
102	203	4
102	296	3
102	555	3
102	595	3
102	851	2
102	922	5
102	924	1
102	926	5
102	931	4
102	933	4
102	943	4
102	953	2
102	1084	5
102	1193	5
102	1251	4
102	1513	5
102	1722	2
102	1912	5
102	2011	4
102	2012	2
102	2212	4
102	2336	1
102	2369	4
102	2390	4
102	2395	1
102	2396	5
102	2416	5
102	2434	3
102	2485	1
102	2580	3
102	2692	1
102	2714	3
102	2722	3
102	2761	5
102	2763	5
102	2877	2
102	2908	3
102	2935	5
102	2990	2
102	2997	3
102	3039	1
102	3157	1
102	3175	5
102	3176	3
102	3219	1
102	3326	5
102	3468	4
102	3555	2
102	3578	1
102	3618	4
102	3635	4
102	3745	2
102	3754	1
102	3786	1
102	3791	2
102	3793	4
102	3798	1
102	3872	3
102	3952	3
109	317	4
109	480	4
109	780	4
109	903	4
109	908	4
109	924	4
109	932	4
109	933	4
109	1028	4
109	1078	5
109	1193	2
109	1198	5
109	1230	4
109	1234	4
109	1278	5
109	1373	4
109	1374	4
109	1580	5
109	1702	4
109	1731	1
109	1920	5
109	2015	4
109	2080	4
109	2405	5
109	2640	4
109	3028	4
109	3033	4
109	3061	4
109	3072	4
109	3175	5
109	3633	4
109	3671	4
109	3675	4
111	36	4
111	52	3
111	144	3
111	151	3
111	222	4
111	246	4
111	296	4
111	300	4
111	318	5
111	342	3
111	357	4
111	454	3
111	477	5
111	480	3
111	497	4
111	500	4
111	529	4
111	538	3
111	590	5
111	593	4
111	986	3
111	1042	4
111	1094	4
111	1147	4
111	1265	4
111	1357	4
111	1542	4
111	1617	5
111	1639	3
111	1641	4
111	1722	3
111	1747	3
111	1784	5
111	1845	4
111	1883	4
111	1914	4
111	1923	4
111	2248	5
111	2272	3
111	2302	4
111	2336	2
111	2359	5
111	2692	4
111	2770	3
111	2916	3
111	2997	4
111	3079	3
111	3100	4
111	3252	5
111	3255	4
111	3256	3
131	17	4
131	41	4
131	79	1
131	111	4
131	144	2
131	147	1
131	153	1
131	163	1
131	180	1
131	211	3
131	235	4
131	246	4
131	247	4
131	296	3
131	318	4
131	348	4
131	480	3
131	497	4
131	506	4
131	515	5
131	527	3
131	529	4
131	535	4
131	574	4
131	588	3
131	593	4
131	595	4
131	608	4
131	628	3
131	653	1
131	668	4
131	728	3
131	766	4
131	780	1
131	783	2
131	824	3
131	858	4
131	903	4
131	910	3
131	924	5
131	1060	4
131	1094	4
131	1136	5
131	1171	4
131	1175	3
131	1183	4
131	1189	5
131	1193	5
131	1198	5
131	1200	5
131	1204	5
131	1214	4
131	1217	4
131	1223	3
131	1225	5
131	1230	4
131	1242	3
131	1251	3
131	1257	2
131	1258	4
131	1265	5
131	1277	4
131	1288	2
131	1292	4
131	1310	4
131	1339	4
131	1357	4
131	1366	4
131	1407	4
131	1441	1
131	1449	4
131	1594	4
131	1610	4
131	1617	5
131	1633	2
131	1639	3
131	1649	4
131	1673	4
131	1684	4
131	1704	4
131	1721	1
131	1747	3
131	1784	2
131	1794	4
131	1827	2
131	1834	4
131	1840	3
131	1859	3
131	1882	1
131	1895	2
131	1900	5
131	1953	3
131	1954	4
131	1955	4
131	1957	4
131	2011	2
131	2081	3
131	2105	2
131	2171	4
131	2248	2
131	2289	5
131	2318	5
131	2336	4
131	2341	4
131	2395	5
131	2396	3
131	2580	4
131	2609	3
131	2692	4
131	2716	4
131	2871	3
131	2890	4
131	2997	3
131	3006	4
131	3019	4
131	3020	1
131	3125	2
131	3211	4
131	3252	2
131	3267	4
131	3359	4
131	3424	5
131	3426	5
131	3429	4
131	3477	1
131	3746	3
131	3798	1
131	3819	4
131	3910	2
133	22	4
133	36	4
133	296	1
133	300	4
133	318	5
133	357	3
133	454	4
133	457	4
133	480	3
133	500	4
133	527	5
133	587	4
133	593	5
133	628	4
133	805	5
133	832	4
133	1088	4
133	1092	5
133	1094	1
133	1183	5
133	1246	5
133	1271	5
133	1347	4
133	1378	4
133	1392	4
133	1393	4
133	1407	3
133	1408	5
133	1477	4
133	1485	4
133	1610	4
133	1617	4
133	1624	4
133	1660	5
133	1670	4
133	1674	4
133	1721	5
133	1727	4
133	1892	4
133	1923	4
133	2001	3
133	2058	4
133	2100	3
133	2146	5
133	2329	5
133	2353	4
133	2391	4
133	2396	1
133	2407	3
133	2546	4
133	2581	4
133	2617	1
133	2716	4
133	2763	4
133	2804	1
133	2881	4
133	2908	1
133	2976	2
133	2997	4
133	3005	4
133	3051	3
133	3148	5
133	3176	4
133	3185	3
133	3211	4
133	3238	1
133	3255	4
133	3418	3
133	3436	5
133	3476	4
133	3552	1
133	3579	5
133	3608	1
133	3720	2
133	3791	4
133	3798	4
133	3824	5
133	3844	5
134	6	2
134	10	3
134	20	1
134	24	4
134	44	1
134	95	2
134	110	3
134	153	1
134	173	1
134	198	1
134	329	3
134	379	1
134	434	2
134	457	4
134	480	4
134	494	1
134	511	1
134	512	3
134	546	1
134	548	1
134	588	3
134	653	2
134	736	2
134	780	3
134	786	2
134	788	2
134	798	3
134	832	4
134	836	1
134	849	1
134	880	1
134	1265	3
134	1356	4
134	1372	3
134	1373	4
134	1391	1
134	1396	3
134	1408	3
134	1432	1
134	1438	1
134	1573	3
134	1580	4
134	1590	1
134	1606	1
134	1641	4
134	1687	2
134	1722	3
134	1747	3
134	1762	1
134	1772	5
134	1779	2
134	1784	3
134	1792	2
134	1882	1
134	1917	3
134	1918	3
134	2012	2
134	2023	3
134	2058	5
134	2302	5
134	2322	1
134	2353	4
134	2490	2
134	2617	2
134	2701	2
134	2763	3
134	2807	1
134	2916	2
134	2997	4
134	3107	3
134	3114	3
134	3175	5
134	3256	3
134	3300	4
134	3438	2
134	3555	3
134	3578	5
134	3618	4
134	3719	5
134	3753	4
134	3783	5
134	3793	2
134	3879	3
134	3884	1
135	24	3
135	785	4
135	1513	1
135	2318	5
135	2336	5
135	2395	5
135	2396	5
135	2580	4
135	2598	4
135	2600	2
135	2606	1
135	2672	2
135	2692	5
135	2701	1
135	2709	4
135	2716	5
135	2722	2
135	2747	5
135	2763	3
135	2770	5
135	2771	3
135	2840	2
135	2881	2
135	2908	5
135	2995	1
135	3114	5
135	3159	5
135	3175	5
135	3176	4
135	3515	2
135	3793	5
139	34	4
139	110	4
139	180	3
139	235	4
139	296	5
139	318	5
139	441	3
139	457	4
139	480	4
139	512	2
139	555	5
139	581	5
139	588	3
139	593	5
139	595	3
139	608	5
139	610	5
139	671	3
139	720	5
139	735	4
139	780	4
139	918	3
139	924	3
139	926	4
139	1024	3
139	1028	3
139	1029	3
139	1031	4
139	1094	5
139	1104	3
139	1136	5
139	1175	5
139	1193	4
139	1198	5
139	1200	5
139	1201	2
139	1206	5
139	1214	5
139	1222	4
139	1225	4
139	1234	3
139	1237	2
139	1242	5
139	1258	4
139	1275	5
139	1276	4
139	1278	4
139	1288	5
139	1333	4
139	1339	4
139	1347	5
139	1356	3
139	1372	3
139	1374	3
139	1387	5
139	1391	4
139	1394	3
139	1580	4
139	1610	5
139	1617	5
139	1641	5
139	1673	5
139	1856	4
139	1947	3
139	1967	4
139	1994	4
139	1997	4
139	2001	4
139	2012	2
139	2018	3
139	2019	4
139	2021	5
139	2078	5
139	2080	3
139	2097	5
139	2102	3
139	2105	3
139	2138	5
139	2143	5
139	2161	4
139	2193	5
139	2336	4
139	2396	4
139	2405	3
139	2459	1
139	2617	5
139	2640	2
139	2716	4
139	2746	4
139	2788	3
139	2804	5
139	2871	3
139	2883	4
139	2916	3
139	3028	3
139	3033	3
139	3034	5
139	3040	2
139	3114	3
139	3142	3
139	3175	4
139	3334	3
139	3468	5
139	3471	5
139	3476	4
139	3499	5
139	3527	2
139	3545	3
139	3671	5
139	3679	5
139	3693	2
139	3702	3
139	3703	3
139	3704	4
139	3740	4
139	3766	4
139	3942	1
141	17	3
141	480	5
141	942	4
141	1199	1
141	1721	4
141	1950	5
141	2203	5
141	3578	4
150	24	4
150	34	5
150	111	4
150	144	4
150	235	4
150	279	4
150	296	5
150	299	4
150	318	5
150	321	4
150	342	5
150	357	3
150	410	3
150	441	4
150	446	4
150	457	4
150	480	4
150	527	4
150	538	4
150	590	5
150	593	5
150	595	4
150	608	5
150	628	5
150	759	4
150	924	5
150	1079	4
150	1094	5
150	1096	5
150	1183	5
150	1193	5
150	1198	4
150	1199	3
150	1201	4
150	1206	5
150	1222	4
150	1225	5
150	1228	4
150	1230	3
150	1234	5
150	1246	5
150	1252	5
150	1258	3
150	1265	3
150	1271	4
150	1272	4
150	1286	5
150	1292	4
150	1387	4
150	1393	4
150	1394	4
150	1449	4
150	1513	3
150	1535	3
150	1594	5
150	1617	4
150	1639	4
150	1641	5
150	1673	4
150	1674	4
150	1879	4
150	1914	4
150	1923	5
150	1954	4
150	1955	4
150	1957	4
150	1994	3
150	1997	4
150	2023	3
150	2100	4
150	2161	4
150	2282	4
150	2312	3
150	2313	4
150	2369	3
150	2395	3
150	2396	5
150	2690	4
150	2701	2
150	2712	4
150	2716	4
150	2734	3
150	2745	5
150	2763	3
150	2871	2
150	2890	4
150	2908	5
150	2915	5
150	2917	5
150	2932	5
150	2971	5
150	2997	4
150	3072	4
150	3135	4
150	3169	4
150	3176	4
150	3325	3
150	3359	5
150	3362	4
150	3471	5
150	3499	4
150	3510	3
150	3578	5
150	3608	4
150	3671	4
150	3733	5
155	5	2
155	19	1
155	110	3
155	231	1
155	236	4
155	256	2
155	296	3
155	355	2
155	357	3
155	410	2
155	432	2
155	587	4
155	593	4
155	784	3
155	858	4
155	924	5
155	934	5
155	1193	5
155	1227	5
155	1265	4
155	1457	2
155	1485	4
155	1580	4
155	1704	5
155	1784	4
155	1883	2
155	2245	4
155	2252	4
155	2380	1
155	2396	4
155	2407	3
155	2424	4
155	2471	1
155	2539	3
155	2574	2
155	2735	2
155	2829	1
155	2953	2
155	3157	3
155	3175	2
155	3253	1
155	3263	2
155	3450	3
155	3471	5
155	3500	4
155	3618	3
155	3821	1
155	3884	2
158	111	5
158	376	5
158	858	5
158	922	3
158	926	3
158	943	4
158	1204	4
158	1252	5
158	1812	5
158	1998	2
158	2019	4
159	1198	4
159	1234	5
159	1513	2
159	2396	4
159	2485	4
159	2581	3
159	2716	4
159	2763	5
159	2772	3
159	2881	4
159	3114	4
159	3255	3
159	3578	5
159	3615	4
159	3753	4
159	3793	3
175	17	4
175	34	5
175	36	5
175	42	4
175	111	4
175	235	5
175	282	3
175	293	4
175	296	5
175	318	5
175	352	5
175	372	3
175	410	4
175	434	3
175	441	3
175	480	2
175	500	4
175	527	5
175	538	5
175	555	5
175	588	4
175	590	3
175	593	5
175	608	5
175	759	5
175	766	4
175	838	3
175	851	4
175	901	4
175	914	5
175	915	4
175	924	5
175	934	4
175	945	5
175	1013	5
175	1015	5
175	1028	5
175	1031	4
175	1032	5
175	1059	4
175	1060	4
175	1079	4
175	1084	4
175	1094	4
175	1183	5
175	1190	4
175	1193	5
175	1198	5
175	1206	2
175	1211	5
175	1214	5
175	1230	5
175	1246	5
175	1258	5
175	1265	3
175	1271	4
175	1278	5
175	1286	3
175	1290	2
175	1293	5
175	1297	1
175	1357	5
175	1387	5
175	1393	3
175	1394	5
175	1407	3
175	1411	3
175	1441	3
175	1449	5
175	1569	2
175	1580	2
175	1611	5
175	1617	4
175	1633	5
175	1639	3
175	1641	5
175	1673	5
175	1704	4
175	1721	4
175	1797	5
175	1840	4
175	1856	3
175	1883	4
175	1914	4
175	1923	5
175	1962	4
175	1997	3
175	2010	4
175	2018	3
175	2022	5
175	2059	5
175	2078	3
175	2080	5
175	2097	4
175	2100	4
175	2111	4
175	2146	2
175	2171	1
175	2248	4
175	2262	3
175	2282	5
175	2329	4
175	2336	5
175	2359	5
175	2391	4
175	2395	5
175	2396	5
175	2407	4
175	2424	4
175	2442	2
175	2474	2
175	2590	5
175	2712	4
175	2716	2
175	2739	5
175	2761	5
175	2804	4
175	2871	4
175	2908	5
175	2915	3
175	2916	3
175	2952	4
175	2997	5
175	3019	5
175	3072	3
175	3100	4
175	3114	4
175	3125	4
175	3145	5
175	3157	3
175	3159	3
175	3176	5
175	3185	2
175	3251	4
175	3253	4
175	3263	4
175	3281	4
175	3424	5
175	3425	5
175	3499	5
175	3521	5
175	3545	5
175	3578	5
175	3608	4
175	3671	4
175	3707	1
175	3753	4
175	3791	2
175	3823	1
175	3844	5
175	3858	5
178	515	2
178	588	4
178	783	4
178	909	4
178	911	4
178	914	5
178	938	5
178	1028	5
178	1029	5
178	1083	5
178	1088	5
178	1096	4
178	1193	4
178	1198	4
178	1201	4
178	1238	2
178	1275	3
178	1276	5
178	1293	5
178	1373	4
178	1374	4
178	1566	3
178	1617	3
178	1688	4
178	1947	4
178	1967	3
178	2011	4
178	2015	4
178	2041	3
178	2050	3
178	2080	5
178	2083	4
178	2100	4
178	2102	3
178	2105	3
178	2143	3
178	2161	3
178	2193	3
178	2311	3
178	2312	5
178	2405	4
178	2407	4
178	2408	3
178	2469	3
178	2471	3
178	2739	5
178	2745	4
178	2951	4
178	2971	3
178	3019	1
178	3028	4
178	3061	4
178	3144	4
178	3388	3
178	3398	4
178	3467	4
178	3545	4
178	3608	2
178	3675	4
178	3681	4
178	3707	4
178	3873	5
178	3952	5
181	6	4
181	31	4
181	36	4
181	42	4
181	70	5
181	95	3
181	110	5
181	153	3
181	161	4
181	170	4
181	173	1
181	180	4
181	296	5
181	318	5
181	329	4
181	376	2
181	432	2
181	434	2
181	457	4
181	479	4
181	480	4
181	511	3
181	514	3
181	527	5
181	529	3
181	532	3
181	555	5
181	590	4
181	593	4
181	608	5
181	736	1
181	785	4
181	786	2
181	861	3
181	999	4
181	1079	4
181	1091	3
181	1135	3
181	1136	5
181	1171	4
181	1198	5
181	1200	4
181	1206	5
181	1213	5
181	1215	5
181	1220	5
181	1222	5
181	1228	5
181	1234	4
181	1242	4
181	1246	4
181	1257	4
181	1258	4
181	1261	3
181	1265	4
181	1272	4
181	1297	3
181	1352	4
181	1356	3
181	1378	3
181	1394	5
181	1408	3
181	1466	4
181	1562	2
181	1580	3
181	1610	4
181	1617	5
181	1674	4
181	1690	4
181	1704	5
181	1721	2
181	1729	4
181	1825	3
181	1912	4
181	1923	5
181	1962	3
181	2011	3
181	2012	2
181	2072	3
181	2081	2
181	2100	4
181	2105	3
181	2111	2
181	2193	4
181	2245	3
181	2248	4
181	2261	4
181	2302	4
181	2313	4
181	2329	5
181	2374	3
181	2380	1
181	2395	4
181	2405	4
181	2407	3
181	2408	1
181	2410	4
181	2411	3
181	2416	4
181	2468	2
181	2471	2
181	2474	4
181	2692	5
181	2701	1
181	2716	5
181	2734	5
181	2735	3
181	2739	4
181	2890	5
181	2916	4
181	3019	4
181	3039	4
181	3040	5
181	3072	3
181	3107	3
181	3114	1
181	3157	2
181	3203	3
181	3247	1
181	3253	3
181	3256	4
181	3267	4
181	3388	2
181	3421	4
181	3424	5
181	3444	3
181	3506	4
181	3524	3
181	3527	4
181	3552	5
181	3578	5
181	3693	4
181	3697	2
181	3698	4
181	3703	4
181	3704	4
181	3710	3
181	3740	4
181	3834	3
181	3841	3
185	110	5
185	153	3
185	303	4
185	329	4
185	480	4
185	780	5
185	849	2
185	1356	4
185	1372	3
185	1580	4
185	1610	4
185	1687	3
185	1792	3
185	1918	4
185	2058	3
185	2617	4
185	2763	3
185	2826	3
185	2916	4
185	3256	4
185	3513	4
185	3578	5
193	28	4
193	34	4
193	36	4
193	137	3
193	215	4
193	235	3
193	296	4
193	318	4
193	334	2
193	348	4
193	357	4
193	454	3
193	457	4
193	480	3
193	514	4
193	529	3
193	581	5
193	588	4
193	593	3
193	608	5
193	720	4
193	903	4
193	908	4
193	910	3
193	918	4
193	922	5
193	924	2
193	926	5
193	929	3
193	931	4
193	942	4
193	952	4
193	969	4
193	984	3
193	1031	4
193	1041	4
193	1046	3
193	1079	3
193	1094	4
193	1104	5
193	1136	5
193	1162	3
193	1175	2
193	1183	3
193	1198	4
193	1199	3
193	1204	4
193	1206	2
193	1213	3
193	1223	4
193	1225	4
193	1234	4
193	1237	3
193	1238	3
193	1264	4
193	1265	5
193	1278	4
193	1287	4
193	1292	4
193	1293	4
193	1333	4
193	1374	3
193	1393	3
193	1394	3
193	1446	4
193	1617	5
193	1639	5
193	1648	5
193	1704	4
193	1734	4
193	1784	3
193	1794	5
193	1875	4
193	1912	3
193	1914	4
193	1947	4
193	1957	4
193	2132	4
193	2202	4
193	2203	3
193	2204	3
193	2208	5
193	2248	4
193	2289	4
193	2318	4
193	2395	3
193	2396	3
193	2501	3
193	2520	5
193	2583	4
193	2609	2
193	2612	4
193	2626	4
193	2716	4
193	2788	3
193	2804	4
193	2829	3
193	2871	4
193	2912	3
193	2920	2
193	2937	3
193	2997	5
193	3006	3
193	3019	2
193	3061	3
193	3068	3
193	3072	4
193	3088	2
193	3114	4
193	3135	4
193	3196	4
193	3267	4
193	3334	4
193	3406	3
193	3421	4
193	3634	4
193	3671	5
193	3703	4
193	3728	4
193	3872	3
193	3927	3
193	3929	3
195	6	2
195	8	4
195	17	5
195	19	3
195	20	4
195	24	5
195	31	3
195	34	5
195	36	4
195	44	3
195	70	4
195	76	4
195	80	4
195	110	4
195	111	5
195	144	4
195	153	4
195	157	3
195	158	3
195	163	2
195	173	1
195	186	3
195	229	5
195	235	4
195	247	5
195	256	4
195	262	5
195	293	5
195	296	5
195	300	5
195	307	5
195	308	5
195	318	5
195	321	5
195	329	2
195	330	4
195	340	5
195	355	3
195	357	3
195	362	4
195	379	4
195	392	5
195	410	2
195	441	4
195	446	5
195	448	5
195	457	5
195	458	4
195	480	4
195	488	5
195	500	4
195	513	4
195	518	4
195	527	5
195	546	2
195	558	4
195	565	5
195	577	4
195	587	4
195	588	5
195	590	5
195	593	4
195	608	4
195	610	3
195	628	3
195	635	4
195	653	5
195	668	5
195	669	5
195	709	3
195	720	5
195	741	4
195	743	3
195	780	2
195	784	4
195	785	5
195	788	2
195	798	1
195	799	5
195	810	2
195	842	3
195	849	2
195	851	3
195	858	5
195	861	4
195	866	4
195	870	3
195	880	4
195	908	4
195	910	4
195	924	5
195	926	5
195	942	5
195	952	4
195	969	3
195	986	4
195	1017	4
195	1019	4
195	1020	4
195	1031	4
195	1059	3
195	1064	3
195	1091	4
195	1092	2
195	1130	3
195	1131	5
195	1132	5
195	1136	4
195	1161	4
195	1175	5
195	1178	5
195	1183	3
195	1184	3
195	1193	5
195	1198	5
195	1199	5
195	1200	3
195	1201	5
195	1204	5
195	1206	5
195	1213	5
195	1214	5
195	1215	4
195	1217	5
195	1222	5
195	1223	4
195	1225	4
195	1228	4
195	1230	4
195	1234	5
195	1237	5
195	1242	5
195	1246	4
195	1252	5
195	1258	4
195	1261	4
195	1265	4
195	1275	5
195	1277	5
195	1278	5
195	1306	4
195	1339	5
195	1342	4
195	1347	4
195	1356	2
195	1357	4
195	1372	4
195	1373	3
195	1374	3
195	1378	4
195	1390	3
195	1391	4
195	1393	4
195	1407	1
195	1419	5
195	1432	3
195	1464	5
195	1466	5
195	1485	4
195	1562	4
195	1566	3
195	1573	3
195	1580	4
195	1590	2
195	1606	4
195	1617	5
195	1641	5
195	1655	3
195	1665	3
195	1673	4
195	1683	5
195	1690	3
195	1702	2
195	1704	4
195	1729	5
195	1731	3
195	1734	5
195	1747	3
195	1769	4
195	1779	2
195	1784	5
195	1788	5
195	1812	5
195	1827	5
195	1834	5
195	1835	4
195	1840	4
195	1845	5
195	1859	4
195	1862	2
195	1867	3
195	1882	4
195	1883	5
195	1900	5
195	1914	4
195	1917	2
195	1918	3
195	1920	4
195	1923	5
195	1931	4
195	1949	5
195	1953	4
195	1954	3
195	1967	4
195	1994	3
195	1997	5
195	1998	3
195	2001	4
195	2004	2
195	2010	5
195	2011	3
195	2012	3
195	2019	5
195	2021	5
195	2027	2
195	2053	1
195	2059	3
195	2072	2
195	2097	3
195	2105	3
195	2111	4
195	2120	3
195	2122	4
195	2125	4
195	2143	5
195	2147	3
195	2153	2
195	2159	5
195	2161	4
195	2193	4
195	2232	5
195	2247	2
195	2264	4
195	2305	4
195	2311	5
195	2313	5
195	2322	4
195	2329	5
195	2336	4
195	2341	4
195	2359	4
195	2369	1
195	2370	4
195	2373	2
195	2374	3
195	2377	4
195	2391	4
195	2396	5
195	2405	3
195	2407	4
195	2408	3
195	2429	4
195	2456	1
195	2483	4
195	2501	4
195	2512	4
195	2539	4
195	2544	3
195	2560	4
195	2579	4
195	2594	5
195	2607	4
195	2609	5
195	2617	3
195	2624	4
195	2640	4
195	2692	5
195	2701	3
195	2712	4
195	2716	5
195	2722	2
195	2734	5
195	2735	4
195	2745	5
195	2746	3
195	2747	4
195	2748	1
195	2761	5
195	2769	4
195	2770	3
195	2793	3
195	2804	5
195	2819	5
195	2826	4
195	2840	4
195	2844	4
195	2860	3
195	2877	5
195	2890	3
195	2905	4
195	2908	4
195	2916	5
195	2938	5
195	2950	3
195	2971	4
195	2976	4
195	2986	3
195	2994	5
195	2995	4
195	2997	4
195	3006	4
195	3020	5
195	3022	5
195	3031	3
195	3033	4
195	3062	4
195	3072	3
195	3079	4
195	3088	5
195	3090	4
195	3114	3
195	3115	5
195	3145	5
195	3146	4
195	3157	5
195	3158	4
195	3175	3
195	3196	5
195	3243	3
195	3247	4
195	3253	4
195	3263	3
195	3267	5
195	3275	4
195	3300	4
195	3331	2
195	3354	1
195	3388	3
195	3429	4
195	3438	3
195	3471	3
195	3476	5
195	3478	4
195	3489	3
195	3510	4
195	3515	4
195	3527	3
195	3532	4
195	3538	5
195	3578	5
195	3598	4
195	3608	3
195	3615	4
195	3618	4
195	3697	4
195	3698	3
195	3700	4
195	3702	3
195	3703	4
195	3704	3
195	3720	4
195	3727	3
195	3740	4
195	3744	4
195	3745	3
195	3746	5
195	3753	4
195	3793	3
195	3796	4
195	3816	5
195	3819	5
195	3867	5
195	3869	4
195	3877	2
195	3902	4
195	3910	5
195	3943	4
195	3951	5
196	111	4
196	296	5
196	357	4
196	593	3
196	608	5
196	903	4
196	908	4
196	1193	4
196	1200	3
196	1213	5
196	1252	3
196	1617	3
196	1834	4
196	2183	3
196	2952	4
196	3515	4
196	3546	3
199	10	4
199	17	3
199	20	3
199	27	4
199	36	3
199	42	1
199	44	3
199	70	5
199	71	4
199	72	4
199	95	4
199	110	4
199	111	3
199	140	3
199	145	4
199	161	3
199	163	4
199	170	3
199	173	1
199	222	3
199	256	3
199	276	4
199	293	3
199	295	4
199	296	5
199	300	3
199	303	3
199	318	3
199	329	3
199	339	4
199	351	2
199	357	3
199	360	2
199	365	4
199	372	5
199	376	2
199	379	3
199	424	1
199	434	4
199	454	3
199	457	4
199	466	3
199	480	4
199	493	4
199	497	3
199	511	2
199	527	5
199	546	4
199	548	3
199	593	3
199	608	4
199	647	3
199	736	3
199	780	4
199	786	3
199	788	2
199	832	3
199	849	4
199	861	4
199	886	4
199	924	4
199	968	5
199	1054	1
199	1059	3
199	1183	3
199	1200	3
199	1206	5
199	1213	3
199	1214	3
199	1215	3
199	1222	5
199	1225	2
199	1242	5
199	1246	5
199	1271	5
199	1272	3
199	1339	2
199	1356	4
199	1363	1
199	1366	2
199	1374	4
199	1393	4
199	1396	4
199	1398	4
199	1408	2
199	1411	3
199	1438	4
199	1445	2
199	1457	4
199	1487	1
199	1498	4
199	1499	3
199	1542	3
199	1569	3
199	1573	3
199	1580	5
199	1590	2
199	1605	2
199	1610	4
199	1616	1
199	1639	3
199	1673	4
199	1680	4
199	1687	2
199	1721	1
199	1722	3
199	1744	4
199	1747	4
199	1784	4
199	1792	3
199	1804	2
199	1816	3
199	1825	1
199	1835	3
199	1862	3
199	1880	2
199	1882	3
199	1895	4
199	1916	3
199	1917	4
199	1920	2
199	1947	2
199	1954	3
199	1962	3
199	2011	5
199	2012	5
199	2046	5
199	2053	3
199	2059	2
199	2080	4
199	2105	4
199	2125	1
199	2232	3
199	2282	2
199	2316	2
199	2322	2
199	2353	4
199	2396	3
199	2407	5
199	2410	3
199	2424	2
199	2429	1
199	2430	2
199	2468	3
199	2469	2
199	2529	4
199	2530	3
199	2533	3
199	2558	4
199	2560	2
199	2597	4
199	2617	2
199	2640	3
199	2670	3
199	2701	2
199	2712	1
199	2745	3
199	2822	4
199	2829	3
199	2890	4
199	2950	4
199	3019	4
199	3062	4
199	3100	4
199	3107	5
199	3169	3
199	3178	3
199	3196	5
199	3198	4
199	3252	4
199	3253	3
199	3256	4
199	3269	4
199	3326	3
199	3354	2
199	3409	3
199	3418	4
199	3430	2
199	3471	2
199	3500	4
199	3506	3
199	3510	2
199	3527	4
199	3578	4
199	3596	4
199	3638	4
199	3654	4
199	3668	4
199	3698	3
199	3702	3
199	3707	4
199	3753	5
199	3761	2
199	3793	3
199	3836	5
199	3841	4
207	144	5
207	480	3
207	1721	4
207	2399	4
207	3354	3
207	3513	4
207	3538	4
207	3555	4
207	3793	4
212	111	3
212	231	4
212	246	3
212	296	4
212	318	4
212	457	5
212	480	4
212	494	5
212	500	4
212	527	4
212	587	4
212	593	4
212	608	3
212	786	5
212	908	4
212	934	4
212	1079	4
212	1136	4
212	1198	4
212	1213	4
212	1214	3
212	1220	4
212	1265	3
212	1355	2
212	1357	3
212	1393	4
212	1485	4
212	1531	3
212	1573	5
212	1580	4
212	1641	3
212	1704	4
212	1721	3
212	1729	3
212	1769	3
212	1792	4
212	1827	4
212	1942	4
212	2245	4
212	2247	3
212	2262	3
212	2278	2
212	2302	4
212	2359	3
212	2396	2
212	3039	4
212	3104	5
212	3253	3
212	3362	4
212	3418	3
212	3500	4
212	3869	4
213	34	3
213	110	5
213	588	5
213	1042	4
213	1265	3
213	1580	4
213	1680	4
213	3114	5
213	3253	3
216	10	3
216	19	2
216	34	1
216	36	4
216	52	2
216	105	3
216	110	5
216	144	3
216	148	2
216	151	4
216	153	2
216	157	4
216	161	3
216	186	3
216	198	3
216	203	3
216	231	3
216	235	2
216	236	4
216	296	2
216	300	2
216	317	3
216	318	5
216	333	2
216	339	4
216	342	3
216	348	1
216	355	2
216	357	4
216	360	2
216	410	3
216	413	2
216	432	2
216	444	2
216	447	3
216	454	4
216	457	3
216	466	4
216	489	3
216	500	4
216	505	3
216	514	4
216	527	5
216	532	2
216	537	4
216	574	3
216	587	4
216	588	2
216	590	5
216	593	5
216	608	4
216	647	3
216	671	3
216	788	3
216	830	4
216	858	3
216	861	2
216	901	2
216	903	4
216	905	4
216	908	4
216	909	3
216	910	4
216	911	3
216	914	4
216	915	4
216	916	4
216	924	5
216	926	4
216	933	3
216	934	3
216	938	3
216	943	5
216	945	4
216	952	2
216	953	3
216	968	3
216	969	5
216	971	3
216	984	2
216	1013	1
216	1019	3
216	1020	3
216	1028	2
216	1029	2
216	1060	1
216	1078	2
216	1079	4
216	1083	2
216	1086	4
216	1091	2
216	1096	3
216	1104	3
216	1135	5
216	1136	5
216	1193	4
216	1198	5
216	1199	4
216	1200	4
216	1201	4
216	1204	4
216	1206	3
216	1214	4
216	1220	5
216	1222	3
216	1225	5
216	1227	3
216	1228	3
216	1230	2
216	1234	3
216	1246	3
216	1252	3
216	1258	3
216	1265	4
216	1271	2
216	1272	4
216	1275	5
216	1276	5
216	1278	5
216	1287	4
216	1288	4
216	1292	3
216	1297	4
216	1333	4
216	1340	3
216	1356	3
216	1357	5
216	1365	3
216	1372	3
216	1374	3
216	1378	3
216	1387	3
216	1390	4
216	1391	4
216	1393	3
216	1394	4
216	1396	3
216	1419	3
216	1445	1
216	1446	4
216	1466	3
216	1513	3
216	1542	4
216	1569	4
216	1580	2
216	1610	3
216	1632	4
216	1639	1
216	1640	2
216	1641	4
216	1665	3
216	1673	2
216	1689	2
216	1702	1
216	1704	4
216	1721	3
216	1722	2
216	1747	4
216	1784	4
216	1797	4
216	1845	3
216	1863	3
216	1875	3
216	1883	4
216	1887	2
216	1888	4
216	1914	4
216	1923	5
216	1931	5
216	1938	4
216	1949	4
216	1953	4
216	1954	4
216	1955	3
216	1962	4
216	1982	1
216	1997	4
216	2001	3
216	2010	4
216	2011	3
216	2012	3
216	2015	5
216	2016	1
216	2018	2
216	2023	3
216	2032	2
216	2035	2
216	2037	1
216	2041	1
216	2053	1
216	2060	2
216	2071	2
216	2077	4
216	2078	3
216	2081	2
216	2097	2
216	2100	4
216	2102	2
216	2110	3
216	2111	3
216	2130	4
216	2151	5
216	2152	1
216	2212	4
216	2241	5
216	2245	3
216	2247	2
216	2249	2
216	2262	5
216	2272	3
216	2278	4
216	2287	3
216	2302	2
216	2312	5
216	2313	4
216	2336	4
216	2339	3
216	2369	3
216	2374	4
216	2390	3
216	2391	4
216	2395	2
216	2396	4
216	2405	4
216	2407	4
216	2408	3
216	2416	5
216	2424	4
216	2430	3
216	2433	4
216	2468	5
216	2469	2
216	2471	4
216	2501	5
216	2506	4
216	2529	2
216	2539	5
216	2558	4
216	2567	2
216	2598	4
216	2640	2
216	2659	3
216	2670	4
216	2690	3
216	2712	4
216	2716	4
216	2729	3
216	2735	3
216	2739	4
216	2746	2
216	2747	2
216	2752	3
216	2764	5
216	2770	3
216	2772	2
216	2788	4
216	2794	4
216	2798	2
216	2804	4
216	2819	3
216	2829	3
216	2870	4
216	2871	4
216	2874	3
216	2889	4
216	2899	3
216	2915	4
216	2917	4
216	2921	4
216	2951	4
216	2967	3
216	2997	3
216	3029	2
216	3033	5
216	3034	3
216	3037	4
216	3039	3
216	3040	3
216	3043	2
216	3062	4
216	3068	3
216	3072	3
216	3086	4
216	3088	4
216	3093	3
216	3100	4
216	3102	3
216	3107	4
216	3114	2
216	3144	3
216	3148	4
216	3157	3
216	3169	2
216	3175	2
216	3176	3
216	3178	4
216	3196	4
216	3198	5
216	3203	5
216	3217	3
216	3243	3
216	3244	3
216	3247	4
216	3253	2
216	3255	4
216	3256	3
216	3263	4
216	3299	3
216	3308	3
216	3334	4
216	3359	4
216	3362	2
216	3385	4
216	3388	3
216	3398	2
216	3418	4
216	3421	5
216	3447	4
216	3450	5
216	3461	3
216	3471	4
216	3477	3
216	3499	4
216	3501	4
216	3506	4
216	3524	3
216	3527	2
216	3545	2
216	3546	4
216	3552	5
216	3590	2
216	3608	3
216	3635	3
216	3654	4
216	3655	4
216	3671	5
216	3678	3
216	3681	4
216	3684	3
216	3685	4
216	3695	2
216	3703	3
216	3710	1
216	3712	2
216	3733	5
216	3740	2
216	3760	2
216	3804	2
216	3811	3
216	3812	3
216	3836	4
216	3841	4
216	3869	4
216	3873	3
216	3874	3
216	3927	3
216	3928	2
216	3929	5
216	3932	3
218	24	2
218	209	3
218	785	1
218	968	3
218	1171	5
218	1513	4
218	2147	2
218	2336	4
218	2369	3
218	2396	5
218	2408	2
218	2433	2
218	2490	4
218	2568	1
218	2581	1
218	2598	3
218	2701	1
218	2734	4
218	2761	4
218	2763	4
218	2770	2
218	2826	4
218	2840	2
218	3053	2
218	3175	4
218	3203	3
218	3219	4
218	3317	4
218	3354	3
218	3510	4
218	3513	4
218	3578	5
218	3745	2
218	3753	3
218	3793	5
218	3893	5
219	480	3
219	785	4
219	1513	2
219	2396	5
219	2433	3
219	2712	2
219	2752	3
219	2763	3
219	2795	4
219	3005	4
219	3253	3
219	3555	3
219	3675	3
219	3753	3
219	3791	3
225	6	4
225	17	4
225	34	3
225	36	5
225	42	3
225	70	4
225	110	3
225	111	3
225	113	2
225	140	2
225	170	2
225	198	3
225	215	3
225	222	4
225	232	3
225	235	4
225	246	5
225	247	4
225	293	4
225	296	4
225	300	4
225	318	3
225	333	5
225	342	4
225	348	5
225	357	4
225	373	3
225	392	2
225	434	3
225	446	2
225	448	4
225	457	3
225	477	4
225	483	5
225	493	4
225	501	3
225	511	2
225	515	3
225	527	3
225	529	5
225	532	4
225	535	5
225	549	3
225	555	4
225	574	5
225	581	4
225	590	4
225	593	5
225	595	3
225	605	2
225	608	5
225	662	4
225	858	4
225	866	5
225	922	4
225	998	4
225	1034	2
225	1041	5
225	1046	4
225	1050	5
225	1051	4
225	1059	3
225	1060	4
225	1079	4
225	1084	5
225	1094	4
225	1114	1
225	1131	4
225	1132	4
225	1147	5
225	1150	4
225	1171	4
225	1178	5
225	1183	3
225	1189	4
225	1193	4
225	1198	3
225	1200	5
225	1206	5
225	1213	5
225	1214	4
225	1215	4
225	1217	3
225	1222	4
225	1228	4
225	1230	4
225	1236	4
225	1242	4
225	1246	4
225	1251	3
225	1258	5
225	1264	4
225	1265	3
225	1277	4
225	1352	2
225	1357	3
225	1387	4
225	1392	4
225	1394	4
225	1396	2
225	1449	5
225	1464	2
225	1484	4
225	1529	1
225	1533	4
225	1580	2
225	1585	4
225	1594	4
225	1610	4
225	1611	4
225	1617	5
225	1633	2
225	1639	4
225	1647	2
225	1673	4
225	1699	2
225	1704	3
225	1721	2
225	1729	3
225	1734	4
225	1753	1
225	1760	1
225	1785	3
225	1804	2
225	1834	3
225	1845	2
225	1875	2
225	1912	4
225	1955	5
225	1964	4
225	1994	4
225	1997	4
225	2024	4
225	2112	3
225	2159	5
225	2171	4
225	2188	2
225	2248	5
225	2278	2
225	2280	3
225	2282	2
225	2289	4
225	2312	4
225	2318	5
225	2320	2
225	2329	4
225	2336	4
225	2349	3
225	2356	2
225	2369	3
225	2391	4
225	2395	5
225	2396	4
225	2442	4
225	2457	3
225	2568	2
225	2580	4
225	2583	3
225	2600	1
225	2610	4
225	2626	3
225	2692	4
225	2693	4
225	2712	3
225	2722	1
225	2749	4
225	2761	3
225	2770	3
225	2826	1
225	2830	5
225	2871	5
225	2883	2
225	2890	5
225	2908	4
225	2912	4
225	2915	4
225	2916	4
225	2917	4
225	2952	4
225	2963	4
225	2971	2
225	2979	1
225	2997	4
225	3005	3
225	3006	4
225	3019	5
225	3072	4
225	3090	4
225	3100	2
225	3104	4
225	3145	3
225	3148	3
225	3176	2
225	3203	4
225	3238	2
225	3253	2
225	3272	4
225	3302	4
225	3317	3
225	3418	5
225	3421	4
225	3424	5
225	3452	3
225	3466	2
225	3477	2
225	3499	3
225	3513	1
225	3521	4
225	3545	3
225	3547	3
225	3551	4
225	3562	3
225	3578	3
225	3579	2
225	3608	4
225	3618	3
225	3649	4
225	3712	2
225	3716	1
225	3728	4
225	3747	4
225	3754	1
225	3783	3
225	3786	2
225	3793	2
225	3823	5
225	3844	3
225	3869	3
225	3879	1
225	3893	2
225	3896	1
225	3910	3
226	1079	4
226	1220	3
226	1225	5
226	1246	5
226	1739	2
226	1953	2
226	2716	4
226	2739	4
226	3072	4
226	3432	3
226	3438	2
229	24	4
229	26	4
229	34	3
229	110	3
229	161	4
229	296	4
229	318	4
229	329	3
229	480	3
229	527	5
229	593	4
229	595	4
229	608	3
229	647	4
229	766	4
229	780	2
229	788	2
229	1059	3
229	1060	4
229	1242	4
229	1246	5
229	1288	3
229	1356	3
229	1372	3
229	1391	1
229	1393	4
229	1396	3
229	1441	5
229	1488	3
229	1580	3
229	1611	4
229	1639	5
229	1673	3
229	1680	3
229	1702	2
229	1704	5
229	1721	2
229	1729	2
229	1747	3
229	1784	4
229	1816	3
229	1833	3
229	1840	5
229	1862	2
229	1882	2
229	1916	4
229	1918	2
229	1957	4
229	2012	2
229	2053	2
229	2059	2
229	2305	5
229	2316	3
229	2329	5
229	2336	4
229	2433	3
229	2442	4
229	2549	2
229	2590	3
229	2607	4
229	2672	4
229	2712	4
229	2746	3
229	2771	4
229	2839	5
229	2890	3
229	2908	5
229	2996	2
229	3006	4
229	3100	3
229	3107	1
229	3115	3
229	3148	4
229	3176	3
229	3178	3
229	3255	4
229	3317	4
229	3326	3
229	3425	5
229	3438	1
229	3452	3
229	3489	3
229	3510	3
229	3513	3
229	3555	3
229	3578	3
229	3594	3
229	3598	4
229	3675	3
229	3697	1
229	3723	5
229	3744	3
229	3745	2
229	3786	5
229	3793	3
229	3851	5
229	3857	4
229	3882	2
229	3910	5
229	3943	5
241	6	2
241	457	3
241	910	2
241	924	4
241	1112	4
241	1200	5
241	1206	4
241	1214	5
241	1230	5
241	1252	5
241	1306	3
241	1374	3
241	1912	5
241	1923	3
241	2023	2
241	2278	4
241	2287	4
241	2540	2
241	2912	4
241	2916	3
241	3072	5
241	3175	4
241	3267	4
241	3418	4
241	3471	5
241	3702	4
241	3703	5
241	3704	4
241	3745	2
252	70	5
252	95	4
252	163	5
252	216	5
252	231	4
252	480	3
252	555	4
252	780	3
252	861	5
252	1391	4
252	1573	2
252	1580	3
252	1690	5
252	1769	3
252	2058	4
252	2600	4
252	2692	4
252	2772	4
252	2826	3
252	2912	4
252	3178	4
252	3267	4
252	3418	4
252	3555	4
252	3578	4
252	3697	4
252	3702	5
252	3786	4
252	3793	4
252	3893	4
256	42	4
256	95	4
256	110	5
256	376	4
256	479	3
256	494	3
256	736	3
256	780	3
256	858	5
256	969	5
256	1198	5
256	1201	3
256	1252	5
256	1408	5
256	1783	3
256	1792	3
256	1953	5
256	1954	4
256	2058	3
256	2105	4
256	2347	4
256	2529	5
256	2640	3
256	2763	3
256	2881	2
256	3020	4
256	3104	3
256	3107	4
256	3178	4
256	3267	5
256	3334	5
256	3405	4
256	3418	5
256	3430	3
256	3527	3
256	3578	5
256	3654	5
256	3698	2
256	3703	5
256	3740	3
260	6	4
260	44	2
260	70	4
260	110	5
260	173	3
260	181	1
260	379	3
260	466	2
260	480	3
260	532	1
260	546	3
260	653	3
260	736	3
260	788	4
260	836	3
260	849	3
260	886	3
260	940	2
260	1198	5
260	1214	3
260	1215	5
260	1220	5
260	1242	5
260	1261	4
260	1275	5
260	1378	4
260	1387	4
260	1391	2
260	1431	1
260	1499	2
260	1562	1
260	1573	3
260	1580	4
260	1610	5
260	1687	3
260	1704	5
260	1792	4
260	1867	2
260	1917	4
260	1918	4
260	2058	3
260	2105	4
260	2153	3
260	2193	5
260	2322	3
260	2490	3
260	2549	1
260	2640	2
260	2735	4
260	2763	3
260	2815	3
260	2826	4
260	2916	2
260	3107	4
260	3438	3
260	3444	4
260	3635	3
260	3704	4
260	3740	4
260	3744	3
260	3793	3
260	3841	3
264	5	2
264	10	3
264	44	3
264	95	2
264	110	3
264	151	4
264	153	3
264	158	3
264	161	3
264	170	2
264	173	3
264	231	1
264	296	1
264	317	4
264	329	3
264	339	3
264	357	3
264	362	2
264	432	2
264	457	3
264	466	3
264	480	3
264	500	3
264	536	4
264	587	3
264	588	3
264	590	5
264	593	1
264	595	4
264	608	1
264	707	2
264	736	3
264	780	3
264	783	3
264	805	3
264	830	3
264	914	5
264	924	3
264	953	5
264	968	1
264	969	4
264	1013	4
264	1017	3
264	1019	2
264	1025	2
264	1028	5
264	1029	3
264	1030	2
264	1031	3
264	1042	3
264	1079	4
264	1088	1
264	1126	2
264	1135	3
264	1136	5
264	1193	4
264	1198	4
264	1200	4
264	1201	3
264	1214	3
264	1220	2
264	1222	2
264	1225	4
264	1226	4
264	1234	4
264	1242	5
264	1246	4
264	1257	3
264	1265	5
264	1271	2
264	1272	3
264	1275	4
264	1277	5
264	1278	3
264	1287	4
264	1288	2
264	1290	3
264	1292	4
264	1297	3
264	1339	1
264	1356	3
264	1367	3
264	1372	2
264	1373	3
264	1374	4
264	1378	1
264	1387	2
264	1391	1
264	1393	3
264	1394	2
264	1396	4
264	1408	3
264	1453	1
264	1485	4
264	1562	3
264	1566	3
264	1569	3
264	1573	1
264	1580	3
264	1610	5
264	1674	4
264	1722	3
264	1863	1
264	1923	1
264	1954	4
264	1957	4
264	1967	3
264	1982	1
264	1994	3
264	1997	1
264	2001	2
264	2004	1
264	2011	3
264	2012	3
264	2015	3
264	2018	2
264	2021	4
264	2035	2
264	2047	3
264	2078	3
264	2080	3
264	2081	3
264	2100	3
264	2105	3
264	2110	2
264	2111	2
264	2118	4
264	2122	1
264	2146	3
264	2147	2
264	2161	2
264	2245	3
264	2249	1
264	2266	3
264	2302	4
264	2311	4
264	2313	3
264	2353	2
264	2369	1
264	2373	1
264	2374	2
264	2396	3
264	2405	3
264	2407	3
264	2410	4
264	2411	2
264	2468	3
264	2469	3
264	2471	1
264	2529	3
264	2551	1
264	2640	3
264	2716	4
264	2735	3
264	2739	3
264	2746	3
264	2752	2
264	2804	1
264	2815	1
264	2822	3
264	2915	3
264	2916	3
264	2921	3
264	2986	1
264	2990	3
264	2993	3
264	2997	1
264	3033	1
264	3039	4
264	3040	1
264	3044	4
264	3072	4
264	3104	2
264	3107	4
264	3114	3
264	3169	3
264	3198	3
264	3243	4
264	3247	3
264	3253	2
264	3255	4
264	3256	3
264	3269	2
264	3354	2
264	3359	3
264	3418	1
264	3421	3
264	3436	1
264	3438	1
264	3450	1
264	3471	3
264	3479	3
264	3489	3
264	3505	4
264	3506	3
264	3510	4
264	3524	3
264	3527	3
264	3552	4
264	3608	1
264	3633	3
264	3635	3
264	3638	3
264	3654	2
264	3671	5
264	3675	4
264	3697	2
264	3698	3
264	3702	3
264	3703	2
264	3704	2
264	3708	4
264	3710	2
264	3712	3
264	3740	2
264	3791	4
264	3793	3
264	3834	2
264	3841	1
264	3844	2
264	3873	3
264	3937	3
265	52	4
265	277	4
265	318	4
265	480	2
265	527	5
265	593	5
265	595	3
265	608	4
265	783	2
265	858	4
265	908	4
265	910	5
265	914	5
265	915	4
265	918	5
265	938	5
265	945	5
265	969	5
265	1032	3
265	1057	3
265	1083	4
265	1088	3
265	1094	4
265	1171	3
265	1183	2
265	1193	5
265	1220	5
265	1230	5
265	1276	4
265	1288	4
265	1292	4
265	1393	4
265	1466	4
265	1489	2
265	1566	3
265	1641	5
265	1704	5
265	1947	5
265	2078	4
265	2080	4
265	2396	4
265	2971	5
265	3061	5
265	3114	5
265	3159	5
265	3359	4
265	3545	5
265	3675	5
265	3685	4
265	3811	4
269	34	5
269	110	3
269	480	3
269	483	5
269	1183	2
269	1617	5
269	2692	5
269	2722	1
269	2795	4
269	2908	5
269	2971	4
269	3145	5
269	3176	5
269	3618	4
274	24	3
274	110	5
274	235	5
274	296	5
274	300	4
274	318	5
274	529	5
274	593	5
274	608	5
274	628	4
274	805	5
274	858	5
274	866	4
274	924	5
274	942	4
274	953	5
274	968	4
274	1059	3
274	1060	5
274	1084	5
274	1091	4
274	1126	2
274	1201	4
274	1214	4
274	1225	4
274	1246	5
274	1252	5
274	1271	4
274	1276	5
274	1287	4
274	1288	5
274	1293	4
274	1387	5
274	1393	4
274	1411	5
274	1487	3
274	1617	5
274	1673	5
274	1674	3
274	1680	4
274	1704	5
274	1882	1
274	1895	5
274	1953	5
274	1954	4
274	2188	5
274	2248	5
274	2336	4
274	2395	5
274	2490	4
274	2529	5
274	2581	3
274	2598	4
274	2606	3
274	2640	4
274	2701	3
274	2709	4
274	2712	4
274	2716	5
274	2761	5
274	2763	3
274	2840	4
274	2881	3
274	2890	5
274	2997	5
274	3005	5
274	3114	5
274	3255	5
274	3334	5
274	3359	4
274	3461	3
274	3578	5
274	3668	4
274	3702	4
274	3753	4
274	3793	4
274	3798	4
291	34	4
291	110	5
291	151	5
291	497	5
291	515	4
291	527	4
291	590	5
291	593	4
291	858	3
291	914	4
291	933	4
291	945	4
291	969	4
291	971	4
291	1088	4
291	1096	4
291	1104	4
291	1183	5
291	1193	4
291	1198	3
291	1225	5
291	1228	4
291	1271	4
291	1272	3
291	1276	3
291	1277	5
291	1293	4
291	1411	4
291	1674	4
291	1936	4
291	1947	5
291	1954	4
291	1955	4
291	1957	5
291	2132	3
291	2146	4
291	2396	5
291	2866	4
291	2950	4
291	2953	1
291	3037	4
291	3068	4
291	3196	5
291	3359	4
291	3362	4
291	3475	3
291	3668	5
291	3733	5
291	3834	5
292	307	4
292	671	4
292	780	3
292	858	5
292	1094	4
292	1132	5
292	1183	5
292	1193	5
292	1199	5
292	1573	2
292	1580	4
292	1617	4
292	1690	4
292	1779	4
292	1882	3
292	2023	5
292	2916	4
292	3198	4
292	3555	4
292	3578	4
292	3649	2
293	17	4
293	34	5
293	161	3
293	231	1
293	279	5
293	300	3
293	307	4
293	308	5
293	318	5
293	321	3
293	334	3
293	348	3
293	454	3
293	483	4
293	515	4
293	527	4
293	538	4
293	548	1
293	590	4
293	593	3
293	600	1
293	608	4
293	656	3
293	799	1
293	805	3
293	833	1
293	838	4
293	842	1
293	851	4
293	908	5
293	968	1
293	1020	3
293	1078	5
293	1096	5
293	1104	4
293	1183	4
293	1193	5
293	1222	4
293	1225	4
293	1242	4
293	1246	5
293	1265	5
293	1271	4
293	1292	5
293	1293	5
293	1313	1
293	1329	1
293	1335	1
293	1347	1
293	1355	1
293	1357	4
293	1446	5
293	1466	2
293	1485	3
293	1610	4
293	1633	5
293	1641	5
293	1649	4
293	1674	4
293	1704	5
293	1721	4
293	1743	4
293	1784	4
293	1788	5
293	1827	4
293	1834	3
293	1883	5
293	1914	5
293	1957	5
293	1962	3
293	1970	1
293	1972	1
293	1973	1
293	1988	1
293	1989	1
293	1997	2
293	2001	1
293	2112	5
293	2130	5
293	2171	5
293	2245	4
293	2282	1
293	2302	4
293	2336	4
293	2370	4
293	2374	3
293	2395	4
293	2396	3
293	2424	3
293	2433	4
293	2539	3
293	2545	1
293	2739	3
293	2745	5
293	2868	1
293	2883	4
293	2890	4
293	2963	4
293	2997	3
293	3037	4
293	3039	4
293	3090	5
293	3100	4
293	3148	4
293	3185	5
293	3252	4
293	3253	2
293	3255	3
293	3263	3
293	3302	3
293	3304	4
293	3317	3
293	3334	5
293	3418	4
293	3424	5
293	3425	3
293	3438	1
293	3444	1
293	3450	3
293	3490	1
293	3501	2
293	3527	1
293	3552	2
293	3578	2
293	3615	1
293	3646	1
293	3697	1
293	3700	5
293	3733	5
293	3746	4
293	3753	2
293	3793	1
293	3823	5
293	3864	1
293	3879	2
293	3893	2
300	10	4
300	17	5
300	34	5
300	110	5
300	163	4
300	318	5
300	329	3
300	434	3
300	457	5
300	480	5
300	494	4
300	515	4
300	593	5
300	608	4
300	736	5
300	780	5
300	858	5
300	903	4
300	908	4
300	909	3
300	910	4
300	922	5
300	953	5
300	1079	2
300	1084	5
300	1135	4
300	1136	4
300	1193	5
300	1198	5
300	1200	4
300	1206	3
300	1213	5
300	1214	5
300	1225	4
300	1230	4
300	1234	5
300	1242	5
300	1246	4
300	1257	4
300	1272	5
300	1276	5
300	1293	4
300	1356	4
300	1372	4
300	1387	5
300	1393	5
300	1394	5
300	1408	4
300	1573	5
300	1610	5
300	1616	4
300	1617	5
300	1674	4
300	1704	4
300	1722	3
300	1792	2
300	1912	4
300	1950	4
300	1953	4
300	1954	5
300	1957	4
300	2001	5
300	2011	3
300	2023	4
300	2081	5
300	2095	5
300	2138	2
300	2245	3
300	2247	3
300	2248	5
300	2278	5
300	2313	5
300	2353	3
300	2396	5
300	2407	4
300	2457	4
300	2469	3
300	2501	5
300	2617	4
300	2640	5
300	2716	5
300	2761	5
300	2763	4
300	2804	5
300	2866	5
300	2915	4
300	2916	5
300	3033	4
300	3039	5
300	3040	5
300	3107	4
300	3114	5
300	3196	5
300	3198	5
300	3203	5
300	3256	4
300	3267	4
300	3274	3
300	3308	4
300	3334	5
300	3354	1
300	3359	5
300	3398	4
300	3421	5
300	3471	4
300	3524	4
300	3527	4
300	3555	4
300	3578	5
300	3635	5
300	3729	5
300	3738	4
300	3740	2
300	3753	4
300	3807	4
307	36	5
307	111	5
307	318	5
307	457	5
307	515	5
307	527	5
307	529	4
307	549	2
307	593	2
307	595	5
307	608	5
307	858	5
307	905	5
307	908	5
307	914	5
307	916	5
307	918	4
307	926	5
307	929	5
307	942	5
307	943	5
307	945	5
307	969	5
307	1028	4
307	1084	5
307	1104	5
307	1189	5
307	1193	5
307	1198	5
307	1206	5
307	1214	4
307	1217	4
307	1222	4
307	1226	5
307	1228	5
307	1238	4
307	1251	4
307	1252	5
307	1272	5
307	1276	5
307	1278	5
307	1287	5
307	1292	5
307	1333	5
307	1617	4
307	1704	5
307	1785	5
307	1927	5
307	1931	5
307	1933	5
307	1938	5
307	1942	5
307	1947	5
307	1964	4
307	1997	5
307	2010	5
307	2018	5
307	2019	5
307	2080	5
307	2130	4
307	2289	5
307	2664	5
307	2726	5
307	2729	3
307	2745	5
307	2761	5
307	2804	5
307	2890	5
307	2997	3
307	3090	5
307	3093	5
307	3100	3
307	3133	5
307	3169	4
307	3196	5
307	3334	5
307	3359	5
307	3362	5
307	3406	3
307	3467	5
307	3468	5
307	3499	5
307	3545	5
307	3681	5
307	3789	5
307	3811	5
307	3872	5
307	3929	4
307	3932	5
311	296	4
311	457	3
311	480	5
311	527	4
311	1198	5
311	1246	5
311	1704	5
311	1721	4
315	277	5
315	480	4
315	903	5
315	924	4
315	1086	4
315	1193	5
315	1964	2
315	3500	1
315	3555	3
315	3753	4
321	10	2
321	70	3
321	110	5
321	153	3
321	173	2
321	198	3
321	296	4
321	318	4
321	329	3
321	379	1
321	480	2
321	588	4
321	590	3
321	593	5
321	595	4
321	606	4
321	608	2
321	736	1
321	780	3
321	832	3
321	842	3
321	1059	2
321	1183	3
321	1198	5
321	1200	5
321	1206	5
321	1214	5
321	1215	2
321	1222	4
321	1225	5
321	1246	5
321	1339	5
321	1342	5
321	1355	3
321	1356	3
321	1393	2
321	1396	4
321	1407	3
321	1499	2
321	1542	3
321	1563	5
321	1573	3
321	1580	3
321	1590	4
321	1594	5
321	1616	3
321	1617	5
321	1647	3
321	1688	3
321	1690	3
321	1699	4
321	1721	3
321	1792	4
321	1882	2
321	1916	2
321	1917	3
321	1967	2
321	1982	2
321	1997	5
321	1998	2
321	2021	3
321	2058	4
321	2143	4
321	2153	2
321	2161	5
321	2193	5
321	2282	4
321	2320	3
321	2329	5
321	2353	4
321	2359	3
321	2529	4
321	2607	5
321	2617	3
321	2672	5
321	2701	2
321	2709	3
321	2719	3
321	2722	3
321	2763	4
321	2822	4
321	2826	4
321	2840	3
321	2881	2
321	2890	4
321	2908	4
321	2916	4
321	2976	4
321	2995	3
321	3175	3
321	3176	5
321	3275	4
321	3300	4
321	3438	3
321	3476	5
321	3499	3
321	3527	4
321	3578	3
321	3697	4
321	3793	4
325	5	5
325	339	5
325	342	1
325	419	3
325	500	4
325	587	5
325	830	5
325	1457	5
325	1485	3
325	1513	4
325	1569	5
325	1703	5
325	1721	5
325	1784	5
325	2424	5
325	2881	5
325	3243	3
325	3247	5
325	3540	1
333	34	3
333	52	4
333	232	3
333	235	4
333	300	5
333	441	2
333	497	5
333	515	4
333	538	3
333	588	4
333	595	3
333	668	5
333	901	5
333	905	4
333	907	4
333	909	3
333	910	5
333	911	4
333	914	3
333	915	5
333	916	2
333	918	1
333	924	5
333	926	4
333	934	4
333	945	4
333	947	4
333	948	3
333	952	2
333	953	5
333	956	3
333	982	3
333	1024	5
333	1057	3
333	1083	2
333	1136	5
333	1193	3
333	1198	2
333	1220	2
333	1223	4
333	1225	3
333	1226	3
333	1228	3
333	1230	3
333	1238	2
333	1246	5
333	1265	5
333	1278	2
333	1287	3
333	1288	5
333	1292	4
333	1357	3
333	1394	5
333	1449	4
333	1542	2
333	1580	4
333	1641	2
333	1721	1
333	1806	1
333	1935	2
333	1937	3
333	1938	4
333	1942	4
333	1947	5
333	1954	3
333	2019	4
333	2078	3
333	2080	3
333	2083	3
333	2102	4
333	2110	2
333	2130	1
333	2313	5
333	2430	3
333	2501	3
333	2646	2
333	2716	3
333	2788	3
333	2804	5
333	2874	3
333	2937	5
333	2971	2
333	3037	4
333	3061	5
333	3072	4
333	3088	5
333	3114	4
333	3133	3
333	3244	3
333	3334	4
333	3362	2
333	3398	3
333	3424	4
333	3429	5
333	3461	4
333	3471	4
333	3545	5
333	3546	3
333	3671	3
333	3675	2
333	3678	4
333	3684	1
333	3819	4
333	3873	4
333	3928	1
346	64	3
346	157	4
346	161	5
346	186	3
346	203	4
346	222	4
346	296	3
346	300	5
346	318	5
346	333	5
346	339	4
346	351	4
346	357	3
346	372	2
346	413	3
346	441	5
346	466	4
346	477	5
346	497	5
346	514	4
346	527	5
346	538	5
346	587	4
346	588	5
346	590	5
346	593	5
346	605	4
346	608	5
346	671	5
346	697	1
346	736	3
346	858	5
346	907	5
346	910	4
346	914	5
346	915	4
346	918	5
346	932	3
346	945	5
346	953	5
346	1028	5
346	1029	5
346	1042	5
346	1060	4
346	1066	5
346	1079	4
346	1088	5
346	1091	3
346	1096	3
346	1126	3
346	1135	4
346	1213	5
346	1220	5
346	1223	4
346	1230	1
346	1242	5
346	1246	5
346	1265	5
346	1276	5
346	1288	5
346	1290	4
346	1292	5
346	1379	5
346	1390	4
346	1393	4
346	1396	5
346	1401	5
346	1449	5
346	1457	4
346	1569	4
346	1580	5
346	1641	4
346	1673	5
346	1680	5
346	1689	4
346	1704	5
346	1721	5
346	1722	4
346	1747	4
346	1784	4
346	1947	5
346	1955	4
346	1962	4
346	2011	4
346	2012	4
346	2016	4
346	2078	4
346	2080	4
346	2081	5
346	2083	5
346	2100	4
346	2125	2
346	2146	4
346	2302	4
346	2313	5
346	2339	4
346	2359	4
346	2369	4
346	2390	4
346	2396	5
346	2424	4
346	2469	4
346	2539	4
346	2690	4
346	2716	4
346	2735	4
346	2739	5
346	2746	5
346	2795	5
346	2796	4
346	2804	5
346	2866	4
346	3006	5
346	3033	5
346	3040	4
346	3044	5
346	3061	5
346	3159	5
346	3175	5
346	3176	4
346	3196	5
346	3247	5
346	3252	4
346	3253	5
346	3255	5
346	3269	4
346	3359	5
346	3388	3
346	3391	4
346	3398	4
346	3429	5
346	3524	3
346	3545	4
346	3578	5
346	3608	5
346	3712	5
346	3753	5
346	3841	4
347	36	5
347	222	5
347	236	3
347	246	3
347	296	5
347	342	4
347	351	4
347	357	3
347	457	4
347	608	5
347	720	5
347	969	5
347	1136	3
347	1150	5
347	1198	3
347	1225	4
347	1230	3
347	1234	3
347	1242	4
347	1265	4
347	1292	4
347	1357	4
347	1393	2
347	1419	4
347	1542	4
347	1617	4
347	1704	5
347	1721	1
347	1888	4
347	1927	4
347	1950	4
347	1957	4
347	2329	5
347	2506	5
347	2692	5
347	2804	5
347	2917	4
347	2919	4
347	3072	1
347	3471	4
347	3811	5
358	246	3
358	247	3
358	293	5
358	296	3
358	527	5
358	549	4
358	590	3
358	858	4
358	914	5
358	1019	4
358	1050	2
358	1198	4
358	1204	3
358	1226	4
358	1283	3
358	1387	5
358	1419	4
358	1466	4
358	1617	3
358	2080	4
358	2336	5
358	2396	3
358	3090	4
358	3148	4
358	3178	4
358	3196	5
358	3247	5
358	3362	5
358	3406	4
358	3418	4
358	3467	3
358	3545	4
358	3746	5
358	3819	3
358	3873	3
359	480	3
359	610	2
359	1028	4
359	1206	5
359	1215	3
359	1573	3
359	1580	3
359	2010	3
359	2046	4
359	2188	4
359	2533	3
359	2640	4
359	2916	4
359	3033	4
359	3527	4
359	3702	5
359	3703	4
359	3793	4
360	329	4
360	457	4
360	480	4
360	527	4
360	590	5
360	736	3
360	1017	4
360	1019	4
360	1198	4
360	1225	4
360	1356	4
360	1372	4
360	1373	4
360	1374	3
360	1674	4
360	1931	3
360	1957	5
360	2046	4
360	2057	4
360	2471	3
360	2501	4
360	2722	3
360	2761	3
360	2871	2
360	2899	4
360	2950	2
360	3053	2
360	3114	3
360	3157	4
360	3175	3
360	3247	3
372	110	4
372	153	4
372	317	5
372	318	5
372	357	5
372	376	5
372	457	5
372	480	5
372	500	5
372	558	3
372	588	5
372	653	5
372	736	5
372	780	5
372	1020	5
372	1198	5
372	1258	5
372	1275	5
372	1355	5
372	1373	5
372	1407	5
372	1408	4
372	1562	4
372	1573	5
372	1580	5
372	1610	4
372	1615	3
372	1702	5
372	1704	4
372	1722	3
372	1762	5
372	1779	5
372	1784	5
372	1792	5
372	1917	4
372	1923	2
372	1967	5
372	2012	5
372	2053	5
372	2080	5
372	2125	5
372	2161	5
372	2336	4
372	2353	5
372	2396	4
372	2424	5
372	2468	5
372	2490	3
372	2501	5
372	2548	5
372	2549	5
372	2606	4
372	2617	5
372	2701	5
372	2716	5
372	2722	5
372	2793	5
372	2881	5
372	3175	5
372	3255	5
372	3300	5
372	3354	5
372	3499	5
372	3555	4
372	3708	5
372	3753	4
372	3793	4
377	10	3
377	110	3
377	246	4
377	296	5
377	480	5
377	527	5
377	555	3
377	590	5
377	593	5
377	595	4
377	608	4
377	858	5
377	903	4
377	908	5
377	924	4
377	1060	4
377	1084	3
377	1094	3
377	1136	5
377	1198	4
377	1199	4
377	1200	4
377	1206	5
377	1214	3
377	1220	5
377	1222	4
377	1227	4
377	1234	4
377	1252	4
377	1258	4
377	1265	3
377	1278	5
377	1288	5
377	1333	4
377	1387	4
377	1407	3
377	1408	4
377	1580	3
377	1617	5
377	1834	4
377	1954	2
377	1967	5
377	2078	4
377	2193	3
377	2353	2
377	2391	3
377	2529	3
377	2580	4
377	2716	4
377	2746	5
377	2788	4
377	2871	3
377	2890	4
377	2916	4
377	2993	3
377	2997	3
377	3114	4
377	3267	4
377	3527	4
377	3633	3
377	3635	3
377	3638	2
377	3654	3
377	3702	4
377	3836	4
379	17	4
379	105	3
379	277	4
379	357	4
379	454	5
379	480	4
379	527	5
379	838	4
379	914	5
379	932	5
379	969	4
379	1066	5
379	1226	5
379	1265	2
379	1286	5
379	1393	5
379	1408	5
379	1674	4
379	1947	4
379	2080	5
379	2081	4
379	2100	3
379	2469	2
379	3159	5
379	3244	5
379	3269	5
379	3524	3
379	3668	3
379	3675	5
379	3684	4
380	24	2
380	34	5
380	52	4
380	180	5
380	235	3
380	441	5
380	480	2
380	587	4
380	785	5
380	1079	3
380	1136	5
380	1230	5
380	1257	4
380	1265	4
380	1288	5
380	1297	5
380	1394	5
380	1513	4
380	1580	4
380	1610	5
380	1784	5
380	1883	4
380	1923	5
380	2100	3
380	2188	2
380	2247	3
380	2248	4
380	2289	5
380	2302	3
380	2336	5
380	2359	3
380	2395	5
380	2396	5
380	2407	3
380	2433	3
380	2490	3
380	2539	3
380	2598	3
380	2716	4
380	2763	1
380	2794	4
380	2795	5
380	2804	4
380	2826	4
380	2840	2
380	2870	4
380	2883	3
380	2976	3
380	2997	4
380	3039	4
380	3104	2
380	3114	4
380	3159	3
380	3175	2
380	3185	4
380	3253	4
380	3300	2
380	3354	4
380	3510	4
380	3555	4
380	3578	5
380	3608	4
380	3671	4
380	3740	3
380	3745	5
380	3753	4
380	3793	5
381	610	5
381	924	5
381	1086	5
381	1175	5
381	1200	5
381	1214	5
381	1215	5
381	1927	3
381	2010	5
381	2023	4
381	3702	5
381	3703	4
381	3793	4
381	3807	2
381	3927	4
387	17	2
387	111	2
387	151	3
387	357	4
387	497	4
387	1094	3
387	1136	5
387	1265	5
387	1278	5
387	1333	3
387	1393	3
387	1394	3
387	1408	4
387	1569	3
387	1674	5
387	1702	4
387	1984	1
387	2021	3
387	2100	4
387	2130	3
387	2193	3
387	2389	2
387	2390	3
387	2396	4
387	2716	4
387	2997	4
387	3022	5
387	3196	3
387	3426	4
387	3479	2
387	3489	3
387	3873	4
387	3932	3
389	17	4
389	110	5
389	161	5
389	318	4
389	326	1
389	457	5
389	480	5
389	529	4
389	593	4
389	595	4
389	647	4
389	736	3
389	924	3
389	1265	5
389	1393	3
389	1401	4
389	1408	4
389	1704	4
389	1784	5
389	1914	1
389	2046	3
389	2396	3
389	2483	1
389	2890	4
389	2996	1
389	3100	5
389	3253	4
389	3256	5
389	3300	4
389	3499	5
389	3513	3
389	3555	5
389	3578	5
390	111	5
390	296	3
390	318	3
390	532	4
390	593	4
390	610	4
390	735	5
390	891	2
390	903	5
390	922	5
390	968	5
390	1130	3
390	1136	4
390	1171	5
390	1175	5
390	1193	4
390	1211	4
390	1214	4
390	1215	5
390	1228	4
390	1237	5
390	1242	4
390	1252	5
390	1258	5
390	1261	5
390	1265	4
390	1288	5
390	1330	3
390	1331	4
390	1333	5
390	1339	4
390	1340	4
390	1341	4
390	1347	4
390	1387	5
390	1388	2
390	1394	5
390	1407	5
390	1970	4
390	1972	3
390	1974	4
390	1975	3
390	1979	3
390	1982	5
390	1984	4
390	1986	2
390	1988	3
390	1994	4
390	1995	3
390	1997	4
390	2097	5
390	2107	3
390	2118	4
390	2120	1
390	2121	3
390	2122	3
390	2159	4
390	2203	5
390	2248	5
390	2289	4
390	2318	5
390	2456	3
390	2459	5
390	2483	5
390	2548	1
390	2664	5
390	2692	4
390	2716	4
390	2746	4
390	2804	4
390	2853	3
390	2868	2
390	2997	5
390	3017	3
390	3021	4
390	3409	2
390	3421	2
390	3429	3
390	3473	4
390	3476	5
390	3499	4
390	3515	2
390	3569	5
390	3637	5
390	3661	2
390	3676	5
390	3692	4
390	3693	4
390	3727	4
390	3732	4
390	3747	4
390	3786	4
390	3793	3
390	3840	3
390	3893	2
390	3910	5
390	3932	4
390	3935	4
390	3943	5
393	111	4
393	296	5
393	307	4
393	308	3
393	373	4
393	535	3
393	858	4
393	866	4
393	903	4
393	924	3
393	1041	4
393	1079	2
393	1193	4
393	1206	3
393	1230	5
393	1238	5
393	1276	3
393	1288	4
393	1292	4
393	1387	1
393	1394	3
393	1484	4
393	1641	3
393	1953	3
393	1963	3
393	1964	3
393	2248	4
393	2289	4
393	2567	3
393	2761	4
393	2804	5
393	3196	4
393	3362	3
393	3733	3
393	3836	4
400	110	3
400	527	4
400	593	5
400	608	3
400	1079	2
400	1198	4
400	1213	4
400	1220	4
400	1242	5
400	1257	4
400	1258	3
400	1704	4
400	1721	4
400	2329	4
400	2976	1
400	3104	3
400	3114	5
400	3527	4
402	5	2
402	6	4
402	34	4
402	36	4
402	52	4
402	70	4
402	111	4
402	144	4
402	153	2
402	235	3
402	247	3
402	293	4
402	296	5
402	339	3
402	348	4
402	351	3
402	352	4
402	357	4
402	372	3
402	410	3
402	434	3
402	441	4
402	448	4
402	500	3
402	527	5
402	532	2
402	555	5
402	593	4
402	608	4
402	830	3
402	838	4
402	866	4
402	909	4
402	1020	3
402	1034	3
402	1042	5
402	1054	4
402	1060	5
402	1079	5
402	1084	4
402	1136	4
402	1171	4
402	1175	4
402	1184	4
402	1193	4
402	1213	5
402	1220	4
402	1222	4
402	1225	4
402	1234	5
402	1242	4
402	1265	5
402	1288	4
402	1293	4
402	1297	4
402	1378	3
402	1379	3
402	1394	5
402	1396	4
402	1414	4
402	1441	3
402	1513	2
402	1562	2
402	1569	3
402	1580	4
402	1617	4
402	1729	4
402	1747	4
402	1784	4
402	1804	3
402	1806	4
402	1883	4
402	1888	2
402	1912	4
402	1918	3
402	1923	5
402	1997	2
402	2001	4
402	2011	4
402	2012	3
402	2060	3
402	2100	4
402	2112	4
402	2241	4
402	2245	4
402	2248	4
402	2262	4
402	2302	4
402	2329	4
402	2369	3
402	2395	4
402	2396	5
402	2405	3
402	2407	4
402	2416	3
402	2424	3
402	2433	3
402	2469	3
402	2507	4
402	2539	2
402	2558	2
402	2567	4
402	2568	2
402	2580	5
402	2581	3
402	2716	3
402	2746	1
402	2770	3
402	2772	2
402	2793	4
402	2804	4
402	2826	2
402	2881	2
402	2915	4
402	2976	3
402	2997	4
402	3005	3
402	3039	4
402	3040	3
402	3104	4
402	3175	4
402	3203	4
402	3253	4
402	3255	4
402	3317	4
402	3359	4
402	3362	4
402	3421	4
402	3424	4
402	3468	5
402	3552	4
402	3608	3
402	3616	2
402	3618	3
402	3671	5
402	3685	4
402	3740	4
402	3784	3
402	3798	3
402	3823	4
402	3824	2
402	3893	4
403	19	3
403	22	4
403	63	4
403	95	4
403	161	5
403	186	3
403	216	5
403	231	5
403	317	4
403	333	4
403	339	3
403	362	3
403	434	4
403	454	4
403	457	5
403	480	2
403	494	3
403	527	5
403	587	4
403	588	3
403	590	5
403	593	5
403	595	3
403	647	5
403	736	4
403	780	4
403	786	5
403	788	3
403	828	2
403	934	3
403	1015	3
403	1017	3
403	1020	3
403	1028	3
403	1030	3
403	1031	2
403	1042	4
403	1060	3
403	1078	5
403	1092	5
403	1136	5
403	1183	5
403	1198	5
403	1213	4
403	1242	5
403	1246	5
403	1265	1
403	1387	3
403	1390	4
403	1393	4
403	1449	4
403	1485	3
403	1499	2
403	1569	3
403	1573	4
403	1580	4
403	1610	5
403	1617	5
403	1641	3
403	1673	3
403	1674	4
403	1680	4
403	1704	4
403	1729	3
403	1784	4
403	1792	4
403	1863	4
403	1888	4
403	1892	5
403	1917	5
403	1923	4
403	1954	5
403	2027	4
403	2080	5
403	2105	2
403	2153	2
403	2353	5
403	2396	4
403	2424	4
403	2490	4
403	2501	5
403	2580	3
403	2581	3
403	2617	4
403	2640	4
403	2735	4
403	2746	3
403	2747	4
403	2763	5
403	2770	3
403	2796	3
403	2881	3
403	2890	5
403	2993	4
403	3005	5
403	3034	4
403	3100	3
403	3107	4
403	3114	5
403	3148	4
403	3176	3
403	3185	2
403	3238	1
403	3243	3
403	3247	3
403	3252	4
403	3253	4
403	3255	4
403	3256	4
403	3438	2
403	3450	5
403	3489	4
403	3510	5
403	3513	4
403	3527	4
403	3552	4
403	3555	4
403	3578	5
403	3594	3
403	3671	4
403	3753	4
403	3760	5
403	3793	3
403	3824	2
406	6	3
406	20	1
406	22	4
406	36	4
406	89	3
406	110	4
406	161	5
406	235	1
406	246	4
406	296	3
406	317	3
406	318	5
406	348	1
406	493	3
406	514	2
406	605	4
406	608	3
406	780	2
406	786	1
406	798	2
406	832	3
406	858	3
406	953	4
406	1091	3
406	1183	4
406	1198	5
406	1199	2
406	1200	3
406	1213	5
406	1214	3
406	1222	3
406	1225	4
406	1242	5
406	1252	3
406	1257	4
406	1265	4
406	1278	2
406	1356	3
406	1378	3
406	1393	4
406	1394	4
406	1580	2
406	1610	3
406	1674	4
406	1923	1
406	1953	2
406	2023	4
406	2112	5
406	2264	3
406	2289	2
406	2401	4
406	2716	4
406	2734	1
406	2745	4
406	2804	3
406	2871	3
406	2881	2
406	2890	4
406	2976	2
406	3006	4
406	3039	4
406	3053	4
406	3114	4
406	3157	3
406	3175	4
406	3256	4
406	3505	4
406	3513	4
406	3527	3
406	3551	3
407	293	3
407	296	5
407	707	5
407	858	5
407	1084	3
407	1136	5
407	1617	5
407	1640	1
407	1779	1
407	1953	4
407	2396	3
407	2804	4
407	2912	1
407	2997	4
407	3551	1
410	52	4
410	180	5
410	231	3
410	235	3
410	348	3
410	351	3
410	357	4
410	372	5
410	410	3
410	441	4
410	1028	5
410	1060	5
410	1079	5
410	1136	5
410	1257	3
410	1265	3
410	1278	5
410	1297	5
410	1394	5
410	1441	4
410	1485	3
410	1569	4
410	1641	4
410	1747	4
410	1784	4
410	1916	3
410	1923	4
410	2011	2
410	2078	3
410	2081	5
410	2111	5
410	2245	4
410	2248	4
410	2302	4
410	2396	4
410	2407	3
410	2716	3
410	2746	4
410	2795	5
410	2804	5
410	2915	4
410	3037	4
410	3039	4
410	3088	3
410	3253	5
410	3255	4
410	3421	4
410	3450	4
410	3477	3
410	3524	4
410	3552	5
410	3671	5
410	3893	3
412	17	4
412	34	5
412	36	4
412	52	5
412	68	3
412	105	3
412	110	4
412	232	4
412	246	5
412	296	2
412	303	4
412	318	5
412	339	4
412	342	5
412	357	5
412	378	5
412	379	5
412	410	3
412	454	4
412	457	4
412	480	4
412	497	4
412	500	3
412	514	5
412	515	5
412	527	5
412	537	4
412	587	3
412	588	4
412	590	5
412	595	4
412	608	5
412	647	5
412	720	5
412	736	5
412	780	5
412	785	3
412	830	3
412	858	5
412	903	5
412	908	5
412	909	5
412	910	4
412	924	5
412	953	5
412	969	5
412	987	3
412	1028	5
412	1042	5
412	1060	5
412	1079	5
412	1083	4
412	1088	4
412	1092	5
412	1131	5
412	1132	5
412	1136	5
412	1167	4
412	1183	3
412	1198	5
412	1199	5
412	1200	4
412	1201	5
412	1204	5
412	1211	5
412	1214	4
412	1220	5
412	1222	4
412	1223	5
412	1225	5
412	1230	5
412	1234	5
412	1242	5
412	1246	5
412	1258	5
412	1264	4
412	1265	5
412	1271	5
412	1276	5
412	1278	5
412	1283	5
412	1287	5
412	1288	5
412	1290	5
412	1292	5
412	1293	5
412	1295	5
412	1357	5
412	1363	5
412	1365	3
412	1387	5
412	1393	5
412	1394	5
412	1396	4
412	1414	5
412	1457	4
412	1498	5
412	1542	3
412	1569	5
412	1571	3
412	1573	2
412	1580	4
412	1610	5
412	1615	5
412	1641	5
412	1666	4
412	1674	5
412	1704	5
412	1721	5
412	1747	5
412	1784	5
412	1845	5
412	1874	5
412	1917	3
412	1923	5
412	1954	5
412	1955	5
412	1957	5
412	1962	5
412	2009	5
412	2019	5
412	2021	3
412	2078	5
412	2081	3
412	2100	4
412	2105	4
412	2111	4
412	2132	3
412	2146	3
412	2153	3
412	2183	5
412	2184	5
412	2212	5
412	2238	3
412	2245	5
412	2272	5
412	2278	5
412	2282	3
412	2289	5
412	2302	5
412	2312	5
412	2313	4
412	2316	3
412	2347	3
412	2359	5
412	2369	4
412	2377	4
412	2390	4
412	2395	5
412	2396	4
412	2401	4
412	2405	3
412	2407	5
412	2442	4
412	2468	3
412	2469	4
412	2529	5
412	2535	3
412	2539	3
412	2574	4
412	2580	3
412	2629	4
412	2640	5
412	2692	5
412	2701	3
412	2716	5
412	2745	5
412	2746	4
412	2763	5
412	2770	4
412	2795	5
412	2819	5
412	2829	4
412	2862	2
412	2871	5
412	2883	5
412	2915	5
412	2916	4
412	2919	3
412	2921	4
412	2971	5
412	2996	3
412	3020	5
412	3061	5
412	3072	5
412	3079	4
412	3100	5
412	3102	4
412	3104	5
412	3107	3
412	3125	5
412	3148	5
412	3162	4
412	3198	5
412	3240	3
412	3244	4
412	3247	5
412	3252	5
412	3256	4
412	3299	4
412	3359	5
412	3420	5
412	3421	5
412	3429	5
412	3430	5
412	3450	5
412	3471	5
412	3500	4
412	3505	5
412	3506	4
412	3524	4
412	3527	5
412	3538	4
412	3552	5
412	3578	4
412	3635	5
412	3638	5
412	3649	4
412	3671	4
412	3684	4
412	3697	4
412	3698	3
412	3702	5
412	3704	3
412	3712	5
412	3720	4
412	3733	5
412	3783	4
412	3793	4
412	3893	4
414	222	4
414	527	5
414	590	3
414	911	3
414	1086	3
414	1094	1
414	1200	3
414	1201	3
414	1204	5
414	1272	3
414	1617	2
414	1721	3
414	1927	3
414	2036	2
414	2080	3
414	2083	4
414	2752	1
414	2951	3
414	3062	4
414	3176	2
414	3365	3
414	3406	4
414	3476	1
414	3555	3
414	3578	3
414	3671	4
414	3836	2
415	34	3
415	52	4
415	111	4
415	235	4
415	342	4
415	348	4
415	357	4
415	425	4
415	454	4
415	457	4
415	480	3
415	500	3
415	587	1
415	593	4
415	608	5
415	671	4
415	838	4
415	901	4
415	903	5
415	907	5
415	908	5
415	910	5
415	924	5
415	931	4
415	933	4
415	934	4
415	945	5
415	953	5
415	1057	4
415	1060	3
415	1066	4
415	1078	4
415	1079	4
415	1086	4
415	1096	4
415	1136	4
415	1171	5
415	1198	4
415	1200	4
415	1204	5
415	1220	4
415	1222	5
415	1225	4
415	1228	5
415	1230	4
415	1234	4
415	1242	4
415	1265	3
415	1278	5
415	1288	5
415	1289	4
415	1292	4
415	1295	4
415	1333	4
415	1357	4
415	1374	4
415	1387	3
415	1394	4
415	1449	3
415	1569	3
415	1580	3
415	1590	1
415	1673	3
415	1883	3
415	1923	3
415	1947	4
415	1955	4
415	1963	4
415	2011	3
415	2022	4
415	2074	4
415	2110	3
415	2118	4
415	2125	4
415	2183	5
415	2245	3
415	2247	4
415	2287	4
415	2289	5
415	2346	4
415	2359	3
415	2390	3
415	2391	3
415	2396	3
415	2407	4
415	2469	4
415	2581	4
415	2600	4
415	2617	4
415	2664	4
415	2692	4
415	2729	5
415	2731	4
415	2739	4
415	2804	4
415	2916	4
415	2919	4
415	2997	4
415	3015	4
415	3037	4
415	3039	4
415	3061	3
415	3072	2
415	3102	2
415	3133	4
415	3169	4
415	3175	4
415	3255	4
415	3354	1
415	3359	4
415	3421	4
415	3424	4
415	3445	2
415	3521	4
415	3527	3
415	3538	4
415	3551	4
415	3552	4
415	3578	4
415	3608	4
415	3668	4
415	3671	4
415	3675	3
415	3712	3
415	3793	3
415	3807	4
415	3927	3
419	110	4
419	318	5
419	333	3
419	457	5
419	480	4
419	489	2
419	497	4
419	527	5
419	858	5
419	886	2
419	903	5
419	905	5
419	908	5
419	932	5
419	933	4
419	934	4
419	1136	5
419	1198	5
419	1234	4
419	1286	4
419	1374	4
419	1393	4
419	1408	5
419	1411	5
419	1580	3
419	1721	4
419	1927	5
419	1931	4
419	1947	4
419	1954	5
419	1962	3
419	2011	3
419	2012	3
419	2016	3
419	2081	3
419	2353	4
419	2396	4
419	2424	4
419	2458	3
419	2617	3
419	2881	4
419	3114	4
419	3159	5
419	3196	5
419	3247	2
419	3510	3
419	3578	5
419	3654	4
419	3675	5
419	3793	4
419	3836	4
426	6	5
426	10	5
426	24	2
426	70	4
426	110	4
426	145	4
426	153	4
426	163	4
426	235	4
426	296	5
426	300	4
426	318	5
426	329	3
426	457	4
426	466	4
426	480	5
426	527	5
426	533	3
426	555	5
426	593	5
426	608	5
426	628	4
426	736	1
426	780	4
426	858	5
426	910	5
426	1198	5
426	1200	4
426	1213	4
426	1214	4
426	1215	5
426	1222	4
426	1242	4
426	1261	3
426	1356	4
426	1372	4
426	1373	3
426	1374	5
426	1387	5
426	1562	1
426	1573	5
426	1580	5
426	1594	4
426	1610	4
426	1616	4
426	1673	5
426	1687	4
426	1704	4
426	1722	4
426	1917	4
426	1953	5
426	1954	4
426	2023	4
426	2080	5
426	2093	4
426	2278	4
426	2289	3
426	2318	4
426	2329	4
426	2336	4
426	2353	3
426	2395	5
426	2396	2
426	2410	1
426	2411	2
426	2433	3
426	2490	3
426	2492	4
426	2501	4
426	2529	5
426	2568	1
426	2580	4
426	2617	3
426	2640	4
426	2642	1
426	2692	2
426	2709	3
426	2712	4
426	2716	5
426	2719	2
426	2761	4
426	2763	3
426	2770	4
426	2881	3
426	2890	4
426	2908	2
426	2912	2
426	2916	4
426	2976	3
426	2990	5
426	2993	5
426	2997	5
426	3006	4
426	3088	4
426	3114	4
426	3148	3
426	3157	3
426	3159	5
426	3175	4
426	3176	2
426	3178	3
426	3238	1
426	3255	3
426	3256	4
426	3267	3
426	3438	3
426	3578	5
426	3633	5
426	3635	5
426	3638	4
426	3729	4
426	3753	4
426	3793	3
426	3877	3
426	3952	4
430	17	5
430	163	4
430	222	1
430	339	5
430	419	1
430	497	5
430	587	4
430	838	5
430	858	5
430	905	5
430	933	5
430	1059	5
430	1079	3
430	1136	4
430	1183	1
430	1226	4
430	1230	2
430	1265	5
430	1357	3
430	1498	3
430	1569	5
430	1680	5
430	1721	4
430	1812	5
430	1895	5
430	2125	5
430	2171	1
430	2396	5
430	2883	1
430	3269	4
430	3436	3
432	151	3
432	236	5
432	342	1
432	351	3
432	357	2
432	378	2
432	497	5
432	587	3
432	736	5
432	838	5
432	1057	2
432	1094	4
432	1183	2
432	1265	5
432	1398	2
432	1453	3
432	1569	3
432	1674	4
432	1680	5
432	1721	3
432	1888	2
432	1912	3
432	2023	4
432	2125	4
432	2171	2
432	2396	5
432	2424	3
432	2558	2
432	2581	2
432	2620	4
436	17	5
436	24	4
436	110	5
436	262	5
436	277	3
436	296	2
436	317	4
436	329	4
436	379	3
436	457	4
436	480	4
436	527	5
436	529	5
436	593	5
436	605	4
436	653	4
436	720	5
436	780	3
436	788	5
436	810	2
436	1126	2
436	1136	3
436	1198	4
436	1215	1
436	1237	4
436	1333	3
436	1356	4
436	1391	1
436	1580	3
436	1590	4
436	1702	4
436	1967	5
436	2011	4
436	2012	4
436	2015	5
436	2021	5
436	2038	3
436	2046	5
436	2053	1
436	2093	4
436	2105	4
436	2132	4
436	2143	4
436	2161	5
436	2193	5
436	2804	3
436	2916	3
436	3028	5
436	3033	5
436	3088	4
436	3114	5
436	3159	5
436	3175	3
436	3269	5
436	3354	1
436	3438	3
436	3479	4
436	3489	3
436	3745	4
436	3793	5
436	3945	4
441	34	5
441	296	4
441	457	5
441	480	5
441	593	5
441	924	4
441	1135	3
441	1198	5
441	1573	4
441	1580	5
441	2009	3
441	2105	4
441	2111	4
441	3638	4
441	3702	4
441	3704	3
441	3927	4
441	3932	3
450	111	4
450	246	4
450	317	3
450	318	5
450	457	4
450	527	4
450	608	5
450	903	4
450	910	5
450	1136	4
450	1193	4
450	1198	5
450	1206	3
450	1214	4
450	1580	3
450	1997	5
450	2501	3
450	2761	4
450	2804	4
450	2890	5
450	2917	3
450	3072	4
450	3114	5
450	3198	4
455	105	2
455	858	5
455	905	4
455	910	5
455	933	3
455	969	4
455	1028	5
455	1198	5
455	1230	4
455	1721	4
455	2396	5
455	3072	4
455	3873	5
456	24	3
456	110	4
456	151	3
456	256	3
456	296	3
456	318	5
456	329	3
456	379	3
456	432	3
456	457	5
456	480	3
456	587	4
456	590	4
456	608	4
456	610	3
456	858	4
456	924	3
456	969	4
456	1019	3
456	1028	4
456	1092	2
456	1136	4
456	1183	4
456	1193	4
456	1198	4
456	1200	2
456	1201	4
456	1204	3
456	1206	3
456	1213	3
456	1223	5
456	1225	4
456	1234	4
456	1272	5
456	1276	4
456	1356	5
456	1372	2
456	1373	2
456	1374	5
456	1408	3
456	1580	4
456	1610	5
456	1617	3
456	1994	3
456	2011	3
456	2021	3
456	2105	1
456	2147	2
456	2336	3
456	2396	3
456	2401	3
456	2407	3
456	2529	2
456	2716	5
456	2819	3
456	2871	3
456	2916	3
456	2917	2
456	2921	3
456	3037	3
456	3044	3
456	3061	3
456	3072	3
456	3114	5
456	3176	3
456	3256	4
456	3421	5
456	3471	3
456	3499	3
456	3578	5
456	3638	2
456	3643	3
456	3654	4
456	3703	3
456	3806	3
456	3836	4
456	3873	4
467	22	3
467	105	5
467	110	4
467	276	4
467	318	5
467	339	3
467	527	5
467	587	4
467	593	5
467	605	2
467	736	2
467	1092	5
467	1183	1
467	1193	4
467	1393	4
467	1441	5
467	1674	5
467	1721	3
467	1888	3
467	2424	3
467	2506	4
467	2917	1
467	3104	5
467	3159	1
467	3398	4
467	3524	1
478	17	3
478	296	1
478	318	4
478	590	3
478	593	4
478	608	4
478	720	5
478	1041	3
478	1094	3
478	1213	3
478	1223	5
478	1230	5
478	1265	5
478	1277	3
478	1617	5
478	1704	4
478	2396	4
478	2692	5
478	2890	3
478	2908	3
478	2996	3
478	2997	4
478	3893	5
479	34	4
479	161	5
479	296	3
479	318	5
479	480	4
479	527	3
479	590	2
479	593	5
479	1079	3
479	1136	4
479	1193	4
479	1198	5
479	1213	2
479	1220	4
479	1234	4
479	1246	5
479	1265	3
479	1580	4
479	1610	4
479	1674	3
479	1704	4
479	1721	4
479	1779	3
479	1784	4
479	1954	5
479	1962	4
479	2471	4
479	2640	4
479	2716	5
479	2822	4
479	2916	4
479	3100	2
479	3114	5
479	3253	3
479	3418	3
479	3421	4
479	3471	4
479	3489	4
479	3552	5
479	3672	3
481	5	4
481	10	4
481	105	4
481	110	3
481	111	5
481	153	4
481	231	5
481	232	3
481	276	3
481	296	4
481	317	5
481	357	4
481	480	4
481	587	4
481	593	4
481	736	3
481	743	4
481	780	5
481	858	3
481	908	5
481	910	4
481	924	3
481	933	5
481	934	5
481	1008	5
481	1088	3
481	1092	3
481	1135	3
481	1198	4
481	1220	4
481	1230	4
481	1234	5
481	1252	5
481	1258	2
481	1265	5
481	1272	3
481	1278	3
481	1292	5
481	1387	3
481	1394	1
481	1407	1
481	1580	4
481	1617	4
481	1721	4
481	1784	4
481	1953	5
481	1954	3
481	1955	3
481	1997	1
481	2001	4
481	2011	4
481	2012	4
481	2072	3
481	2081	3
481	2100	3
481	2110	4
481	2111	2
481	2112	3
481	2130	4
481	2346	3
481	2407	4
481	2416	2
481	2424	5
481	2471	3
481	2529	2
481	2716	2
481	2763	5
481	2764	5
481	2794	3
481	2795	4
481	2815	4
481	2819	5
481	2866	4
481	2870	4
481	2877	3
481	2915	4
481	2916	4
481	2917	3
481	2950	2
481	2990	4
481	2993	4
481	3039	4
481	3104	2
481	3135	5
481	3144	4
481	3169	3
481	3247	4
481	3253	5
481	3334	4
481	3418	3
481	3421	4
481	3471	4
481	3489	2
481	3500	3
481	3501	5
481	3524	1
481	3527	1
481	3545	1
481	3551	4
481	3552	5
481	3671	2
481	3685	4
481	3791	4
481	3811	3
481	3873	5
501	70	3
501	110	5
501	144	4
501	277	4
501	480	5
501	487	2
501	908	5
501	1171	4
501	1230	4
501	1466	4
501	1580	5
501	1673	3
501	1783	2
501	1970	2
501	1972	2
501	1973	2
501	1986	3
501	2399	3
501	2477	3
501	2567	5
501	2624	3
501	3159	4
501	3450	4
501	3479	3
501	3578	5
501	3594	4
501	3675	5
501	3793	4
501	3937	5
501	3939	1
501	3942	1
503	593	5
503	805	3
503	922	5
503	942	5
503	1198	5
503	1201	5
503	1252	5
503	1283	5
503	1569	3
503	1617	5
503	2122	4
503	2153	2
503	2921	5
503	2951	5
503	3334	5
503	3510	4
503	3578	5
503	3671	5
507	111	1
507	296	3
507	318	5
507	362	3
507	896	3
507	908	5
507	1136	3
507	1193	5
507	1225	5
507	1276	3
507	1277	4
507	1394	4
507	1617	3
507	1699	4
507	1734	4
507	1979	2
507	2351	3
507	2708	4
516	24	2
516	34	3
516	76	2
516	111	4
516	173	2
516	317	3
516	318	5
516	329	3
516	330	3
516	357	3
516	379	2
516	454	4
516	480	5
516	512	2
516	587	4
516	588	3
516	593	5
516	671	3
516	780	2
516	788	3
516	805	4
516	849	2
516	908	4
516	915	3
516	924	2
516	933	3
516	968	2
516	1019	4
516	1136	3
516	1162	3
516	1193	5
516	1199	2
516	1200	3
516	1206	5
516	1214	4
516	1220	3
516	1234	4
516	1237	2
516	1241	2
516	1265	3
516	1276	3
516	1356	3
516	1372	3
516	1373	3
516	1374	3
516	1396	4
516	1566	3
516	1580	3
516	1610	4
516	1641	2
516	1690	2
516	1727	4
516	1747	3
516	1784	3
516	1875	2
516	1882	2
516	1883	3
516	1917	3
516	1963	3
516	2011	2
516	2012	2
516	2035	2
516	2053	2
516	2080	4
516	2147	4
516	2247	3
516	2248	3
516	2262	3
516	2289	3
516	2336	3
516	2359	3
516	2365	1
516	2396	4
516	2407	3
516	2433	4
516	2434	2
516	2490	3
516	2526	2
516	2529	3
516	2532	2
516	2533	2
516	2539	3
516	2640	4
516	2642	2
516	2664	5
516	2670	4
516	2701	2
516	2712	4
516	2716	3
516	2734	2
516	2746	1
516	2763	4
516	2770	3
516	2795	2
516	2840	3
516	2870	3
516	2881	4
516	2916	4
516	2986	2
516	3005	4
516	3033	1
516	3053	1
516	3114	3
516	3176	2
516	3178	5
516	3398	3
516	3421	2
516	3508	3
516	3513	3
516	3527	3
516	3578	4
516	3638	2
516	3661	2
516	3671	2
516	3697	2
516	3698	3
516	3700	3
516	3702	3
516	3703	3
516	3704	3
516	3712	3
516	3753	4
516	3793	2
516	3864	2
516	3922	2
516	3924	3
516	3926	3
516	3927	3
516	3928	2
516	3932	3
520	17	5
520	34	4
520	105	3
520	111	5
520	151	4
520	153	2
520	163	4
520	222	4
520	262	5
520	293	5
520	296	5
520	318	4
520	339	4
520	342	4
520	357	3
520	457	4
520	527	4
520	587	5
520	588	4
520	593	5
520	595	5
520	608	5
520	697	2
520	736	4
520	788	3
520	858	5
520	861	5
520	903	4
520	908	5
520	914	5
520	934	5
520	938	5
520	1013	4
520	1028	5
520	1029	4
520	1084	4
520	1086	5
520	1092	4
520	1094	5
520	1136	5
520	1183	4
520	1193	5
520	1199	4
520	1200	4
520	1213	5
520	1214	4
520	1220	5
520	1230	5
520	1258	5
520	1265	5
520	1276	5
520	1278	5
520	1286	5
520	1288	5
520	1290	4
520	1295	5
520	1333	4
520	1339	3
520	1347	5
520	1387	5
520	1388	2
520	1393	4
520	1394	5
520	1407	4
520	1408	2
520	1457	3
520	1542	4
520	1562	1
520	1566	4
520	1569	3
520	1590	2
520	1617	5
520	1673	5
520	1674	4
520	1688	4
520	1721	4
520	1834	4
520	1892	3
520	1947	4
520	1982	5
520	1994	5
520	1997	5
520	2059	3
520	2078	5
520	2080	4
520	2081	5
520	2100	3
520	2125	3
520	2132	4
520	2143	2
520	2146	5
520	2248	5
520	2266	3
520	2267	4
520	2272	3
520	2289	4
520	2336	4
520	2369	3
520	2385	3
520	2391	5
520	2395	4
520	2396	4
520	2405	3
520	2461	2
520	2469	4
520	2598	3
520	2620	4
520	2692	5
520	2701	1
520	2716	4
520	2719	3
520	2734	4
520	2746	5
520	2747	5
520	2761	4
520	2770	4
520	2793	3
520	2804	5
520	2826	4
520	2840	2
520	2874	4
520	2881	4
520	2889	4
520	2917	5
520	2976	3
520	2997	4
520	3005	3
520	3006	4
520	3044	4
520	3100	4
520	3115	3
520	3159	4
520	3175	3
520	3176	4
520	3203	4
520	3219	3
520	3238	1
520	3244	5
520	3251	4
520	3275	3
520	3300	3
520	3317	4
520	3409	4
520	3445	4
520	3476	5
520	3479	3
520	3499	4
520	3524	4
520	3555	2
520	3578	4
520	3584	3
520	3608	4
520	3676	4
520	3684	3
520	3685	4
520	3753	3
520	3793	2
520	3893	4
532	317	1
532	1199	5
532	1214	4
532	1374	3
532	1396	3
532	1562	3
532	1580	5
532	2021	4
532	2105	4
532	2161	2
532	2193	4
532	2529	1
532	2916	4
532	3354	2
532	3703	2
532	3793	4
533	10	5
533	44	2
533	70	5
533	95	3
533	110	5
533	111	5
533	144	3
533	153	2
533	163	4
533	180	5
533	231	4
533	235	5
533	293	4
533	296	5
533	303	2
533	318	5
533	329	4
533	330	2
533	357	5
533	372	2
533	376	2
533	410	4
533	434	5
533	441	4
533	448	2
533	457	5
533	466	3
533	480	4
533	494	4
533	506	4
533	527	5
533	533	1
533	536	2
533	555	5
533	574	4
533	590	3
533	593	5
533	610	3
533	653	3
533	671	3
533	736	2
533	780	3
533	782	1
533	784	3
533	786	2
533	788	5
533	798	3
533	799	4
533	836	1
533	849	4
533	858	5
533	861	4
533	866	4
533	924	5
533	953	5
533	968	5
533	969	5
533	1019	3
533	1020	2
533	1031	4
533	1060	5
533	1079	3
533	1083	4
533	1091	3
533	1092	3
533	1136	5
533	1171	4
533	1193	4
533	1198	5
533	1199	4
533	1200	3
533	1201	4
533	1206	5
533	1213	5
533	1214	5
533	1215	5
533	1220	5
533	1222	4
533	1228	4
533	1234	4
533	1237	4
533	1252	4
533	1257	3
533	1258	5
533	1261	5
533	1265	5
533	1275	4
533	1276	4
533	1278	5
533	1288	4
533	1292	5
533	1297	3
533	1333	4
533	1339	4
533	1340	4
533	1342	2
533	1347	2
533	1356	4
533	1363	2
533	1372	4
533	1373	2
533	1374	4
533	1378	4
533	1379	3
533	1387	5
533	1388	3
533	1391	3
533	1394	4
533	1396	3
533	1407	4
533	1438	1
533	1464	3
533	1466	4
533	1485	3
533	1513	2
533	1562	2
533	1573	4
533	1580	4
533	1594	3
533	1610	3
533	1616	1
533	1617	4
533	1639	4
533	1640	2
533	1674	4
533	1687	2
533	1704	2
533	1721	4
533	1722	5
533	1729	3
533	1753	3
533	1762	3
533	1772	3
533	1784	4
533	1785	4
533	1792	2
533	1816	3
533	1835	4
533	1882	2
533	1883	4
533	1899	4
533	1912	1
533	1917	3
533	1918	1
533	1923	3
533	1954	3
533	1982	2
533	1994	4
533	1997	4
533	2001	4
533	2011	4
533	2023	5
533	2041	1
533	2044	2
533	2058	2
533	2100	3
533	2110	3
533	2111	4
533	2118	5
533	2120	3
533	2146	2
533	2153	1
533	2158	4
533	2159	5
533	2161	3
533	2193	4
533	2245	2
533	2248	4
533	2249	2
533	2262	4
533	2278	4
533	2280	4
533	2302	4
533	2320	3
533	2353	3
533	2370	2
533	2391	5
533	2395	5
533	2396	3
533	2405	2
533	2410	3
533	2411	2
533	2416	2
533	2435	2
533	2459	3
533	2468	1
533	2469	3
533	2471	2
533	2500	3
533	2529	4
533	2551	2
533	2598	3
533	2617	2
533	2640	3
533	2692	4
533	2701	3
533	2712	2
533	2716	4
533	2722	3
533	2729	4
533	2734	3
533	2735	1
533	2746	4
533	2748	1
533	2752	2
533	2761	5
533	2763	4
533	2788	4
533	2794	2
533	2795	3
533	2804	2
533	2822	2
533	2826	4
533	2846	4
533	2871	4
533	2889	2
533	2890	5
533	2915	3
533	2916	2
533	2951	4
533	2976	2
533	2986	3
533	2990	2
533	2993	4
533	2997	5
533	3005	3
533	3020	2
533	3033	4
533	3037	4
533	3039	3
533	3040	5
533	3053	3
533	3086	4
533	3104	5
533	3107	3
533	3175	3
533	3213	3
533	3255	2
533	3256	3
533	3263	2
533	3267	3
533	3272	4
533	3274	2
533	3385	2
533	3401	1
533	3421	5
533	3424	2
533	3438	2
533	3450	3
533	3471	3
533	3476	3
533	3477	3
533	3489	1
533	3499	2
533	3527	3
533	3544	4
533	3552	5
533	3578	4
533	3608	4
533	3633	4
533	3635	4
533	3638	4
533	3671	5
533	3693	3
533	3697	2
533	3698	2
533	3702	4
533	3703	5
533	3704	3
533	3737	4
533	3740	3
533	3745	5
533	3753	4
533	3760	4
533	3791	3
533	3793	5
533	3844	3
533	3869	4
533	3928	4
533	3932	4
539	10	4
539	95	3
539	110	4
539	303	1
539	457	3
539	480	4
539	555	3
539	588	3
539	593	3
539	595	3
539	610	4
539	720	4
539	741	4
539	1029	4
539	1032	3
539	1091	3
539	1198	4
539	1200	4
539	1214	4
539	1215	5
539	1222	4
539	1223	4
539	1275	3
539	1287	4
539	1372	5
539	1374	5
539	1387	3
539	1408	3
539	1480	5
539	1573	4
539	1610	4
539	1722	3
539	1912	5
539	1920	4
539	2018	4
539	2080	3
539	2105	5
539	2138	5
539	2278	5
539	2529	5
539	2533	5
539	2617	2
539	2640	3
539	2826	5
539	2916	4
539	2990	4
539	2993	4
539	3104	4
539	3107	3
539	3114	3
539	3213	2
539	3300	4
539	3418	3
539	3429	5
539	3438	3
539	3527	4
539	3555	3
539	3578	4
539	3633	5
539	3654	4
539	3702	5
539	3703	5
539	3704	3
539	3740	5
539	3753	5
540	110	4
540	296	1
540	300	3
540	318	5
540	527	2
540	608	1
540	1060	5
540	1193	2
540	1206	4
540	1213	4
540	1265	2
540	1372	1
540	1704	5
540	2146	3
540	2329	5
540	2692	5
540	2997	5
540	3213	1
543	6	5
543	10	5
543	19	3
543	22	5
543	31	4
543	36	4
543	44	5
543	63	5
543	65	3
543	70	5
543	71	2
543	95	5
543	110	5
543	122	4
543	140	4
543	145	5
543	153	5
543	158	4
543	161	5
543	163	5
543	173	4
543	174	3
543	186	3
543	198	5
543	210	4
543	216	4
543	222	4
543	231	5
543	256	3
543	296	4
543	303	5
543	317	4
543	318	5
543	325	4
543	329	5
543	330	3
543	333	3
543	342	1
543	357	3
543	372	3
543	379	4
543	381	3
543	410	3
543	416	4
543	432	3
543	434	4
543	441	4
543	454	4
543	457	5
543	459	4
543	466	4
543	479	3
543	480	5
543	487	5
543	493	3
543	494	5
543	511	5
543	514	4
543	518	2
543	527	5
543	533	3
543	537	4
543	546	4
543	548	4
543	550	3
543	555	4
543	587	4
543	588	5
543	590	5
543	593	5
543	595	4
543	606	3
543	608	3
543	653	5
543	662	4
543	671	5
543	707	4
543	735	4
543	736	4
543	780	5
543	784	3
543	785	4
543	786	4
543	788	4
543	799	5
543	810	2
543	832	5
543	833	2
543	842	4
543	849	4
543	858	5
543	880	4
543	886	5
543	914	4
543	924	5
543	953	4
543	1025	4
543	1028	4
543	1029	4
543	1030	4
543	1032	4
543	1059	2
543	1064	4
543	1079	5
543	1088	4
543	1091	5
543	1092	5
543	1126	3
543	1136	5
543	1198	5
543	1200	5
543	1201	5
543	1214	4
543	1215	5
543	1220	5
543	1225	4
543	1234	5
543	1242	5
543	1257	4
543	1261	3
543	1265	4
543	1271	3
543	1275	5
543	1276	5
543	1278	5
543	1288	4
543	1293	4
543	1329	2
543	1333	4
543	1339	5
543	1342	4
543	1346	4
543	1347	4
543	1374	4
543	1378	5
543	1379	5
543	1387	5
543	1388	4
543	1391	4
543	1393	5
543	1394	4
543	1396	5
543	1398	3
543	1407	4
543	1419	5
543	1445	3
543	1513	2
543	1562	5
543	1566	5
543	1573	5
543	1580	5
543	1599	2
543	1606	5
543	1610	5
543	1615	4
543	1616	4
543	1639	4
543	1648	3
543	1666	3
543	1687	4
543	1702	4
543	1704	4
543	1721	3
543	1722	5
543	1729	3
543	1744	4
543	1753	5
543	1769	3
543	1779	3
543	1784	4
543	1792	4
543	1816	4
543	1835	5
543	1854	3
543	1882	4
543	1892	4
543	1912	4
543	1917	5
543	1918	5
543	1920	4
543	1923	5
543	1954	5
543	1967	5
543	1975	3
543	1982	4
543	1994	4
543	1995	4
543	2001	5
543	2004	4
543	2011	4
543	2012	4
543	2015	3
543	2018	5
543	2046	4
543	2060	5
543	2072	4
543	2078	4
543	2080	4
543	2081	3
543	2100	4
543	2105	3
543	2118	4
543	2120	4
543	2121	4
543	2143	5
543	2146	5
543	2149	4
543	2161	5
543	2193	4
543	2195	2
543	2232	3
543	2245	4
543	2302	4
543	2311	5
543	2322	3
543	2353	5
543	2373	4
543	2380	4
543	2382	3
543	2401	4
543	2405	5
543	2407	5
543	2410	3
543	2411	4
543	2416	3
543	2457	4
543	2458	3
543	2459	2
543	2468	3
543	2471	4
543	2490	5
543	2529	4
543	2617	5
543	2640	4
543	2642	3
543	2664	4
543	2716	5
543	2735	5
543	2746	2
543	2793	5
543	2794	3
543	2795	5
543	2796	5
543	2798	2
543	2804	5
543	2816	4
543	2826	5
543	2871	4
543	2915	4
543	2916	5
543	2921	4
543	2922	5
543	2950	3
543	2951	4
543	2953	2
543	2986	4
543	2990	3
543	3020	3
543	3028	5
543	3029	4
543	3031	3
543	3033	5
543	3034	4
543	3044	5
543	3107	5
543	3213	4
543	3243	5
543	3247	3
543	3253	5
543	3263	4
543	3269	4
543	3274	5
543	3388	2
543	3390	1
543	3398	3
543	3418	3
543	3421	5
543	3444	4
543	3450	5
543	3471	4
543	3479	5
543	3489	5
543	3499	5
543	3501	3
543	3505	5
543	3508	4
543	3527	5
543	3552	5
543	3608	3
543	3638	4
543	3668	5
543	3671	5
543	3681	5
543	3697	4
543	3698	5
543	3702	5
543	3703	5
543	3704	5
543	3708	5
543	3709	4
543	3710	4
543	3740	5
543	3793	5
543	3804	3
543	3836	4
543	3840	3
543	3841	5
543	3869	4
543	3928	3
565	480	3
565	1466	4
565	1580	3
565	1673	4
565	1992	1
565	3409	3
565	3510	4
565	3555	4
565	3578	5
565	3793	4
588	17	4
588	28	4
588	34	3
588	36	4
588	52	4
588	68	4
588	111	5
588	205	4
588	216	1
588	229	5
588	232	4
588	235	4
588	246	5
588	247	4
588	296	5
588	300	5
588	307	4
588	308	5
588	318	5
588	334	5
588	342	5
588	348	5
588	357	3
588	373	3
588	425	4
588	427	4
588	457	4
588	480	3
588	497	4
588	506	4
588	515	5
588	527	5
588	529	4
588	532	4
588	549	3
588	588	3
588	593	5
588	608	5
588	720	5
588	728	4
588	830	4
588	858	4
588	901	4
588	903	5
588	905	5
588	908	5
588	909	4
588	910	4
588	911	4
588	914	5
588	915	4
588	916	4
588	922	4
588	924	5
588	926	5
588	931	4
588	933	5
588	945	4
588	953	4
588	969	5
588	971	5
588	1041	5
588	1057	4
588	1060	2
588	1066	4
588	1078	4
588	1079	5
588	1084	5
588	1086	5
588	1094	5
588	1104	5
588	1131	5
588	1132	5
588	1136	5
588	1171	5
588	1175	4
588	1183	2
588	1184	4
588	1193	5
588	1198	4
588	1199	5
588	1201	2
588	1204	3
588	1206	5
588	1211	1
588	1213	4
588	1214	4
588	1220	4
588	1223	5
588	1225	5
588	1230	5
588	1234	5
588	1237	4
588	1242	4
588	1246	5
588	1252	4
588	1258	4
588	1264	5
588	1265	3
588	1272	3
588	1288	4
588	1292	4
588	1357	5
588	1387	3
588	1391	4
588	1392	5
588	1394	4
588	1396	2
588	1401	4
588	1446	4
588	1449	5
588	1466	4
588	1535	4
588	1573	3
588	1580	5
588	1594	3
588	1617	4
588	1673	4
588	1674	4
588	1704	5
588	1734	4
588	1747	4
588	1784	2
588	1791	4
588	1834	4
588	1883	4
588	1892	3
588	1900	4
588	1947	5
588	1949	4
588	1953	3
588	1954	3
588	1955	5
588	1957	4
588	1962	3
588	1963	5
588	2010	5
588	2023	4
588	2130	3
588	2132	4
588	2161	4
588	2183	4
588	2202	4
588	2203	4
588	2204	5
588	2208	4
588	2212	5
588	2245	3
588	2272	3
588	2289	4
588	2302	4
588	2312	4
588	2336	4
588	2349	4
588	2359	4
588	2396	4
588	2407	4
588	2433	4
588	2474	4
588	2529	3
588	2640	4
588	2690	5
588	2716	4
588	2732	5
588	2749	4
588	2788	4
588	2819	3
588	2908	4
588	2915	3
588	2917	4
588	2919	4
588	2920	4
588	2971	4
588	2997	5
588	3044	4
588	3068	4
588	3072	4
588	3088	4
588	3102	4
588	3176	5
588	3178	4
588	3222	4
588	3241	3
588	3244	4
588	3247	3
588	3263	4
588	3274	2
588	3334	5
588	3359	4
588	3362	3
588	3404	2
588	3418	5
588	3421	3
588	3424	5
588	3425	5
588	3426	4
588	3467	4
588	3468	4
588	3471	4
588	3475	3
588	3545	5
588	3546	4
588	3551	4
588	3552	2
588	3578	1
588	3608	3
588	3671	5
588	3685	4
588	3700	5
588	3702	3
588	3703	3
588	3712	4
588	3812	4
588	3819	4
588	3872	4
592	858	5
592	1198	5
592	1388	3
592	2471	4
592	3452	3
592	3555	5
592	3578	5
592	3793	5
595	36	4
595	163	4
595	180	2
595	235	3
595	293	4
595	299	5
595	317	3
595	318	5
595	339	3
595	357	5
595	371	3
595	378	3
595	410	3
595	441	3
595	454	5
595	457	5
595	527	4
595	537	5
595	550	4
595	588	4
595	593	5
595	608	5
595	858	3
595	1393	4
595	1411	5
595	1569	5
595	1580	3
595	1610	3
595	1704	4
595	1784	4
595	1794	4
595	1834	5
595	2071	5
595	2289	4
595	2336	5
595	2353	4
595	2359	3
595	2388	5
595	2396	5
595	2424	3
595	2607	5
595	2890	3
595	3175	3
595	3176	4
595	3243	2
595	3247	4
595	3252	4
595	3255	4
595	3263	3
595	3578	5
606	10	5
606	34	2
606	500	5
606	1028	5
606	1136	4
606	1220	5
606	1485	4
606	1665	4
606	2078	5
606	2716	3
606	2804	5
606	3114	4
606	3175	5
606	3608	5
609	110	4
609	296	4
609	457	5
609	480	4
609	527	4
609	593	5
609	608	3
609	780	5
609	1198	5
609	1356	5
609	1374	5
609	1393	4
609	1408	5
609	1580	5
609	2916	4
609	3175	4
609	3176	3
609	3300	4
609	3510	3
609	3527	5
609	3578	5
609	3745	4
609	3793	3
624	110	4
624	111	4
624	161	5
624	293	2
624	296	4
624	318	3
624	457	5
624	480	4
624	529	4
624	590	3
624	593	5
624	595	4
624	608	5
624	760	4
624	780	2
624	788	2
624	858	5
624	908	4
624	924	3
624	953	5
624	1017	4
624	1025	4
624	1030	3
624	1079	5
624	1092	4
624	1130	3
624	1135	2
624	1136	5
624	1178	5
624	1183	3
624	1193	4
624	1198	5
624	1199	2
624	1200	5
624	1201	4
624	1204	5
624	1206	4
624	1213	3
624	1214	5
624	1217	4
624	1220	3
624	1222	5
624	1225	5
624	1228	3
624	1230	4
624	1242	4
624	1246	3
624	1251	3
624	1252	4
624	1258	3
624	1265	5
624	1272	5
624	1275	4
624	1276	5
624	1278	4
624	1287	5
624	1288	4
624	1292	4
624	1295	2
624	1333	2
624	1347	3
624	1355	1
624	1356	2
624	1365	5
624	1372	3
624	1374	3
624	1378	4
624	1387	4
624	1393	3
624	1394	5
624	1396	2
624	1408	5
624	1485	5
624	1580	3
624	1610	5
624	1617	5
624	1674	4
624	1784	2
624	1859	2
624	1927	5
624	1949	5
624	1954	4
624	1962	3
624	1964	4
624	1982	3
624	1994	4
624	1997	4
624	2001	4
624	2011	3
624	2019	5
624	2023	3
624	2100	3
624	2105	3
624	2110	2
624	2161	2
624	2193	3
624	2212	2
624	2245	4
624	2248	3
624	2311	4
624	2312	3
624	2313	3
624	2329	5
624	2336	5
624	2396	4
624	2401	5
624	2407	3
624	2474	3
624	2529	5
624	2579	4
624	2640	2
624	2670	5
624	2692	3
624	2693	4
624	2704	2
624	2716	4
624	2745	4
624	2746	2
624	2804	2
624	2871	4
624	2890	4
624	2915	4
624	2916	3
624	2921	5
624	2922	4
624	2951	4
624	2990	1
624	2997	3
624	3034	4
624	3039	4
624	3062	5
624	3072	3
624	3079	4
624	3088	3
624	3100	5
624	3104	4
624	3114	3
624	3125	3
624	3148	3
624	3196	4
624	3256	4
624	3308	3
624	3362	4
624	3418	2
624	3421	4
624	3424	2
624	3438	2
624	3468	4
624	3471	5
624	3479	2
624	3489	3
624	3499	3
624	3505	4
624	3508	5
624	3521	4
624	3524	2
624	3527	4
624	3552	3
624	3555	1
624	3578	4
624	3608	2
624	3634	5
624	3654	4
624	3671	3
624	3681	4
624	3684	4
624	3702	3
624	3703	4
624	3704	3
624	3723	4
624	3746	3
624	3753	4
624	3780	2
624	3783	2
624	3798	3
624	3811	4
624	3836	4
624	3844	4
624	3862	4
624	3896	1
624	3927	4
624	3929	3
625	17	5
625	590	5
625	593	5
625	608	4
625	838	5
625	1041	5
625	1094	4
625	1135	3
625	1271	5
625	1357	5
625	1393	3
625	1480	3
625	1633	4
625	1660	4
625	1673	4
625	1704	3
625	1784	4
625	1954	4
625	2112	4
625	2336	4
625	2908	3
625	3088	5
625	3118	5
625	3252	4
625	3255	4
625	3893	4
626	296	5
626	480	4
626	527	5
626	588	5
626	741	5
626	924	5
626	1025	3
626	1029	3
626	1193	5
626	1204	5
626	1222	5
626	1242	5
626	1283	4
626	1287	3
626	1408	4
626	1617	3
626	1688	4
626	1721	4
626	2018	4
626	2078	4
626	2080	3
626	2081	3
626	2353	4
626	2624	5
626	2905	5
626	3114	5
626	3159	5
626	3471	4
626	3510	5
626	3671	5
628	34	4
628	235	3
628	317	4
628	348	4
628	357	3
628	500	4
628	587	5
628	588	4
628	1265	4
628	1580	4
628	1874	5
628	1883	5
628	1995	3
628	2302	5
628	2380	1
628	2396	4
628	2581	3
628	2770	3
628	2997	5
628	3114	5
628	3157	3
628	3175	5
628	3178	5
628	3253	3
628	3255	4
628	3578	3
628	3712	3
633	111	5
633	299	4
633	373	4
633	608	5
633	1617	5
633	1792	2
633	2318	5
633	2396	3
633	2433	3
633	2581	1
633	2692	4
633	2712	4
633	2908	5
633	2997	4
633	3005	2
633	3176	4
633	3317	5
633	3578	3
633	3744	2
633	3783	4
641	110	5
641	246	5
641	300	4
641	318	5
641	527	5
641	593	4
641	605	3
641	608	5
641	788	4
641	858	5
641	953	5
641	969	5
641	1041	4
641	1094	4
641	1132	4
641	1136	5
641	1193	4
641	1198	5
641	1199	4
641	1200	1
641	1204	5
641	1213	3
641	1214	1
641	1222	4
641	1225	1
641	1230	1
641	1234	3
641	1242	5
641	1265	5
641	1275	4
641	1295	1
641	1356	3
641	1394	4
641	1936	5
641	1962	5
641	2019	4
641	2100	4
641	2266	4
641	2396	4
641	2424	4
641	2788	5
641	2804	3
641	2996	4
641	2997	5
641	3072	4
641	3100	4
641	3114	5
641	3269	4
641	3317	3
641	3424	4
641	3466	4
641	3479	4
641	3510	5
641	3702	2
641	3811	4
641	3819	4
651	70	4
651	95	2
651	110	4
651	153	2
651	157	4
651	296	5
651	303	3
651	318	4
651	329	3
651	348	4
651	410	1
651	432	1
651	441	4
651	457	4
651	480	3
651	497	2
651	500	3
651	527	4
651	590	5
651	593	4
651	608	4
651	610	4
651	653	3
651	780	3
651	785	4
651	849	4
651	858	5
651	880	3
651	908	4
651	910	5
651	924	5
651	940	4
651	952	3
651	968	4
651	969	5
651	999	3
651	1017	4
651	1019	4
651	1028	4
651	1031	4
651	1078	4
651	1079	4
651	1084	5
651	1091	3
651	1092	4
651	1135	3
651	1136	5
651	1171	4
651	1193	4
651	1198	5
651	1199	5
651	1200	4
651	1201	4
651	1204	4
651	1206	5
651	1213	4
651	1214	5
651	1215	4
651	1220	5
651	1222	5
651	1225	4
651	1228	4
651	1230	4
651	1234	5
651	1242	4
651	1252	5
651	1257	4
651	1258	4
651	1265	3
651	1272	4
651	1275	4
651	1276	4
651	1278	5
651	1283	5
651	1287	5
651	1288	5
651	1293	4
651	1333	4
651	1346	4
651	1347	3
651	1356	3
651	1372	3
651	1373	3
651	1374	4
651	1378	2
651	1387	5
651	1391	3
651	1394	4
651	1396	3
651	1407	4
651	1466	4
651	1580	3
651	1606	2
651	1610	4
651	1617	5
651	1641	4
651	1690	3
651	1729	2
651	1747	4
651	1769	2
651	1772	1
651	1784	4
651	1882	3
651	1923	4
651	1927	5
651	1931	4
651	1947	5
651	1953	4
651	1954	5
651	1963	4
651	1967	4
651	1974	3
651	1982	5
651	1994	3
651	1997	5
651	2001	3
651	2011	2
651	2012	2
651	2019	5
651	2021	4
651	2023	3
651	2058	3
651	2080	4
651	2097	3
651	2100	3
651	2105	2
651	2110	2
651	2111	3
651	2121	2
651	2177	3
651	2193	3
651	2241	3
651	2247	3
651	2262	3
651	2287	4
651	2311	3
651	2369	3
651	2407	4
651	2416	3
651	2430	4
651	2457	4
651	2468	2
651	2469	4
651	2471	2
651	2529	5
651	2530	3
651	2531	3
651	2532	3
651	2533	3
651	2535	2
651	2640	4
651	2664	3
651	2701	2
651	2716	4
651	2735	3
651	2746	3
651	2752	2
651	2763	2
651	2772	4
651	2788	4
651	2793	4
651	2794	2
651	2795	4
651	2871	4
651	2915	4
651	2916	4
651	2921	5
651	2922	4
651	2951	4
651	2986	2
651	2990	2
651	2993	4
651	3033	2
651	3036	4
651	3039	4
651	3040	4
651	3062	5
651	3072	3
651	3090	4
651	3104	3
651	3243	2
651	3247	2
651	3253	4
651	3255	4
651	3263	4
651	3362	4
651	3388	2
651	3418	4
651	3421	5
651	3424	5
651	3430	3
651	3471	5
651	3479	2
651	3499	3
651	3506	5
651	3508	5
651	3524	3
651	3527	3
651	3552	5
651	3578	4
651	3584	4
651	3590	4
651	3608	4
651	3633	2
651	3635	3
651	3638	2
651	3654	3
651	3671	4
651	3672	3
651	3676	3
651	3681	4
651	3685	5
651	3693	4
651	3697	2
651	3698	2
651	3702	5
651	3703	4
651	3704	3
651	3727	4
651	3740	5
651	3760	4
651	3768	2
651	3804	1
651	3811	4
651	3836	3
651	3873	4
651	3932	4
654	6	4
654	10	3
654	34	4
654	95	3
654	110	4
654	161	4
654	293	4
654	296	5
654	318	5
654	376	3
654	457	4
654	480	3
654	515	4
654	527	4
654	529	4
654	587	3
654	593	4
654	608	5
654	628	2
654	736	4
654	786	3
654	1060	4
654	1079	4
654	1131	4
654	1200	3
654	1213	4
654	1220	5
654	1225	4
654	1242	3
654	1246	4
654	1265	3
654	1293	4
654	1357	4
654	1374	4
654	1393	4
654	1394	4
654	1407	2
654	1438	2
654	1480	4
654	1573	4
654	1610	4
654	1617	4
654	1639	4
654	1674	3
654	1722	3
654	1783	3
654	1784	4
654	1957	3
654	1962	3
654	2001	3
654	2058	4
654	2100	3
654	2193	4
654	2245	3
654	2289	4
654	2312	3
654	2353	5
654	2396	5
654	2405	3
654	2407	3
654	2410	2
654	2411	2
654	2474	4
654	2490	3
654	2617	4
654	2716	3
654	2735	1
654	2763	4
654	2804	5
654	2881	4
654	2916	3
654	2919	4
654	2990	3
654	2997	4
654	3005	4
654	3039	4
654	3068	3
654	3090	3
654	3104	5
654	3148	4
654	3256	3
654	3444	1
654	3527	2
654	3552	5
654	3608	2
654	3684	4
654	3698	2
654	3704	3
654	3740	1
654	3766	2
654	3791	3
659	34	4
659	36	3
659	151	5
659	161	4
659	318	5
659	527	5
659	529	4
659	590	5
659	593	4
659	608	3
659	805	3
659	858	3
659	1213	5
659	1222	4
659	1242	5
659	1286	4
659	1290	3
659	1393	4
659	1624	4
659	1674	5
659	1680	4
659	1784	3
659	1962	3
659	2001	4
659	2104	3
659	2125	4
659	2146	3
659	2147	3
659	2245	4
659	2248	4
659	2262	2
659	2302	4
659	2312	3
659	2329	5
659	2370	3
659	2410	3
659	2474	3
659	2501	4
659	2551	3
659	2639	3
659	2734	4
659	2739	4
659	2745	4
659	2749	2
659	2804	2
659	3072	4
659	3148	4
659	3418	4
659	3684	3
659	3685	3
659	3714	4
659	3791	5
659	3844	4
666	52	3
666	110	4
666	232	4
666	293	5
666	300	4
666	318	4
666	357	4
666	454	2
666	457	3
666	480	3
666	527	4
666	538	4
666	588	2
666	595	3
666	608	5
666	780	3
666	915	4
666	933	5
666	971	4
666	1094	5
666	1175	5
666	1176	5
666	1183	5
666	1198	3
666	1265	5
666	1271	4
666	1277	4
666	1356	3
666	1396	4
666	1466	3
666	1610	3
666	1617	4
666	1639	4
666	1641	5
666	1657	5
666	1674	4
666	1734	3
666	1784	4
666	1912	4
666	1923	4
666	2078	3
666	2289	4
666	2359	5
666	2396	5
666	2731	5
666	2997	4
666	3006	4
666	3044	5
666	3176	4
666	3219	3
666	3476	3
666	3819	4
668	161	3
668	379	4
668	457	4
668	480	3
668	593	3
668	608	5
668	780	5
668	1339	1
668	1391	3
668	1480	3
668	1610	4
668	1917	4
668	2073	5
668	2278	4
668	2424	3
668	2916	3
668	3044	5
668	3638	2
680	527	5
680	785	4
680	1674	5
680	2336	3
680	2490	3
680	2580	4
680	2598	2
680	2672	3
680	2716	5
680	2770	3
680	2826	3
680	2840	2
680	2997	2
680	3175	4
680	3578	5
680	3753	3
683	110	5
683	457	4
683	493	2
683	858	3
683	1610	5
683	2058	5
683	2353	4
683	2490	3
683	2916	4
683	3062	4
683	3107	4
683	3178	2
683	3256	4
691	34	5
691	110	2
691	357	5
691	608	3
691	720	4
691	785	4
691	1059	4
691	1079	5
691	1094	4
691	1131	4
691	1136	4
691	1183	5
691	1193	4
691	1199	4
691	1200	5
691	1214	4
691	1238	4
691	1264	4
691	1292	4
691	1339	4
691	1393	3
691	1580	4
691	1617	4
691	1784	5
691	1982	4
691	2173	5
691	2245	4
691	2248	5
691	2302	5
691	2369	5
691	2396	4
691	2788	4
691	2890	5
691	2916	3
691	2919	5
691	2920	2
691	2993	4
691	2997	5
691	3039	4
691	3114	4
691	3253	4
691	3334	4
691	3362	3
691	3418	4
691	3424	3
691	3524	4
691	3547	5
691	3578	5
691	3608	4
691	3684	4
691	3703	5
691	3733	3
691	3819	5
691	3893	4
695	70	1
695	95	3
695	110	4
695	153	1
695	247	5
695	296	5
695	457	4
695	466	1
695	480	4
695	527	5
695	593	4
695	780	3
695	1088	5
695	1091	3
695	1136	3
695	1198	4
695	1213	4
695	1246	4
695	1258	5
695	1330	4
695	1347	3
695	1387	4
695	1394	3
695	1499	1
695	1573	3
695	1580	3
695	1690	3
695	1917	3
695	1967	3
695	1974	3
695	1994	4
695	2081	5
695	2122	3
695	2353	2
695	2369	3
695	2380	3
695	2382	3
695	2405	3
695	2407	3
695	2617	5
695	2692	5
695	2716	3
695	2722	3
695	2735	3
695	2739	5
695	2846	4
695	2881	4
695	2903	3
695	2915	4
695	2950	3
695	3033	3
695	3039	4
695	3178	5
695	3185	2
695	3300	4
695	3354	3
695	3388	4
695	3409	3
695	3510	5
695	3513	3
695	3552	3
695	3555	3
695	3578	3
695	3608	4
695	3615	3
695	3707	3
695	3745	3
695	3753	4
695	3791	4
695	3793	5
695	3798	3
695	3824	3
695	3844	5
697	34	5
697	232	4
697	342	5
697	351	2
697	357	3
697	588	1
697	1079	5
697	1132	5
697	1150	3
697	1198	5
697	1200	3
697	1220	4
697	1225	5
697	1238	5
697	1242	4
697	1246	3
697	1288	3
697	1293	5
697	1394	5
697	1446	3
697	1449	3
697	1580	4
697	1641	5
697	1674	4
697	1784	5
697	1845	4
697	1923	3
697	1957	3
697	1962	4
697	1994	5
697	2077	3
697	2100	5
697	2151	3
697	2245	4
697	2248	3
697	2312	3
697	2390	2
697	2395	3
697	2396	2
697	2407	3
697	2424	3
697	2716	3
697	2739	3
697	2804	5
697	2915	5
697	2917	5
697	2919	4
697	2997	5
697	3019	2
697	3072	5
697	3169	2
697	3211	4
697	3255	4
697	3521	3
697	3811	5
697	3932	4
700	671	4
700	922	5
700	1252	5
700	1617	5
700	2916	4
700	3334	4
704	24	3
704	785	2
704	968	5
704	969	3
704	1272	5
704	1621	3
704	2147	2
704	2336	5
704	2369	2
704	2390	3
704	2490	3
704	2526	1
704	2560	4
704	2581	2
704	2598	3
704	2670	4
704	2701	1
704	2719	2
704	2722	4
704	2734	4
704	2748	2
704	2761	3
704	2763	4
704	2826	4
704	2840	2
704	2881	4
704	3053	2
704	3185	4
704	3203	4
704	3219	2
704	3879	3
704	3893	3
704	3896	3
705	70	4
705	110	4
705	244	2
705	296	5
705	318	3
705	434	4
705	480	5
705	588	3
705	593	5
705	595	5
705	608	4
705	653	4
705	671	3
705	741	3
705	783	3
705	805	3
705	891	1
705	968	5
705	1200	5
705	1214	5
705	1215	3
705	1258	3
705	1261	4
705	1278	4
705	1566	3
705	1580	4
705	1673	3
705	1688	3
705	1690	3
705	1729	4
705	1882	1
705	1920	4
705	1974	3
705	1975	3
705	1979	4
705	1982	5
705	1984	2
705	1986	2
705	1997	5
705	1998	1
705	2019	5
705	2021	1
705	2107	3
705	2365	3
705	2389	1
705	2459	5
705	2461	3
705	2462	1
705	2664	4
705	2761	4
705	2903	3
705	3114	4
705	3159	4
705	3300	2
705	3409	3
705	3438	3
705	3450	3
705	3452	3
705	3476	3
705	3578	5
705	3745	4
705	3753	4
705	3793	4
705	3864	5
705	3932	4
732	6	5
732	22	3
732	42	4
732	110	5
732	293	5
732	296	3
732	318	5
732	381	5
732	434	3
732	527	4
732	555	5
732	593	5
732	707	3
732	858	5
732	1088	3
732	1091	4
732	1193	3
732	1198	5
732	1200	2
732	1213	5
732	1222	5
732	1228	3
732	1246	2
732	1287	4
732	1293	4
732	1347	1
732	1396	3
732	1466	5
732	1562	1
732	1617	3
732	1674	4
732	1704	5
732	1785	1
732	1957	2
732	1972	1
732	1974	2
732	1994	1
732	2011	4
732	2023	3
732	2027	1
732	2241	4
732	2247	3
732	2278	3
732	2313	1
732	2329	5
732	2369	2
732	2391	2
732	2405	3
732	2407	1
732	2410	4
732	2411	3
732	2416	5
732	2474	4
732	2568	1
732	2580	2
732	2716	1
732	2903	1
732	2915	5
732	2950	5
732	2986	1
732	2990	4
732	3029	5
732	3033	1
732	3039	5
732	3072	3
732	3104	5
732	3142	5
732	3169	5
732	3178	5
732	3198	5
732	3317	5
732	3331	3
732	3362	5
732	3391	4
732	3444	1
732	3524	5
732	3527	4
732	3552	5
732	3555	5
732	3578	5
732	3584	5
732	3608	3
732	3707	4
732	3710	4
732	3790	1
732	3791	3
733	24	3
733	34	5
733	36	4
733	246	4
733	296	5
733	318	5
733	329	4
733	357	5
733	441	5
733	480	4
733	515	5
733	527	5
733	588	5
733	593	4
733	595	5
733	783	4
733	924	4
733	1015	3
733	1041	3
733	1042	4
733	1060	4
733	1136	4
733	1175	3
733	1193	4
733	1198	3
733	1215	3
733	1252	4
733	1278	5
733	1288	4
733	1356	4
733	1394	5
733	1396	4
733	1566	4
733	1580	5
733	1617	5
733	1688	3
733	1883	5
733	1947	5
733	2083	4
733	2248	3
733	2289	5
733	2359	3
733	2396	3
733	2672	4
733	2916	4
733	2997	5
733	3114	5
733	3157	3
733	3424	4
733	3429	5
733	3819	4
733	3873	4
737	6	4
737	111	5
737	153	2
737	180	3
737	235	4
737	296	5
737	318	4
737	329	3
737	373	3
737	457	4
737	480	4
737	527	5
737	535	3
737	593	4
737	608	5
737	741	3
737	858	5
737	903	4
737	908	4
737	922	3
737	924	5
737	931	3
737	933	1
737	942	4
737	953	4
737	1028	4
737	1079	3
737	1084	4
737	1086	3
737	1096	4
737	1136	4
737	1198	4
737	1199	5
737	1206	5
737	1213	5
737	1215	3
737	1223	4
737	1225	4
737	1228	5
737	1230	4
737	1234	3
737	1242	3
737	1251	5
737	1252	5
737	1264	1
737	1276	3
737	1278	4
737	1356	3
737	1372	3
737	1373	2
737	1374	3
737	1387	4
737	1466	3
737	1562	1
737	1580	3
737	1617	4
737	1639	5
737	1673	4
737	1840	4
737	1950	4
737	1953	3
737	1963	4
737	2011	3
737	2178	3
737	2181	3
737	2203	3
737	2289	4
737	2391	4
737	2424	4
737	2581	2
737	2583	1
737	2716	3
737	2810	4
737	2890	3
737	2917	5
737	2919	4
737	2952	4
737	2997	4
737	3006	4
737	3033	1
737	3044	4
737	3051	3
737	3068	4
737	3176	4
737	3185	4
737	3213	4
737	3317	4
737	3418	4
737	3424	5
737	3468	4
737	3471	2
737	3476	4
737	3578	2
737	3685	3
737	3745	3
737	3793	3
737	3952	3
739	34	4
739	277	4
739	317	4
739	357	4
739	434	5
739	480	4
739	500	5
739	587	5
739	588	5
739	595	5
739	608	3
739	736	5
739	780	5
739	788	4
739	953	5
739	969	4
739	1084	4
739	1088	4
739	1094	4
739	1198	5
739	1220	5
739	1272	4
739	1347	4
739	1367	5
739	1374	4
739	1387	5
739	1573	4
739	1580	4
739	1610	5
739	1721	5
739	1784	5
739	1917	4
739	1923	5
739	1954	4
739	1982	4
739	1994	4
739	2012	5
739	2060	2
739	2081	4
739	2100	4
739	2353	5
739	2529	4
739	2712	2
739	2716	5
739	2764	4
739	2881	5
739	2915	4
739	3107	4
739	3114	4
739	3157	3
739	3274	4
739	3421	5
739	3450	4
739	3584	4
739	3702	4
740	110	4
740	457	4
740	480	3
740	908	5
740	1261	4
740	1393	4
740	1466	5
740	1673	5
740	3300	4
740	3354	3
740	3409	4
740	3510	4
740	3515	3
740	3555	3
740	3578	5
740	3753	3
740	3929	5
740	3932	5
744	70	3
744	110	4
744	111	4
744	170	5
744	173	3
744	198	4
744	235	2
744	296	5
744	329	5
744	379	2
744	441	2
744	466	1
744	480	4
744	500	2
744	527	3
744	546	1
744	555	5
744	587	2
744	610	3
744	671	5
744	780	3
744	849	5
744	858	5
744	924	5
744	968	2
744	1079	4
744	1135	2
744	1193	5
744	1198	3
744	1199	3
744	1200	4
744	1206	3
744	1214	4
744	1215	5
744	1222	4
744	1261	4
744	1265	3
744	1272	4
744	1275	5
744	1288	1
744	1356	5
744	1372	5
744	1373	5
744	1374	5
744	1387	4
744	1388	3
744	1394	4
744	1396	4
744	1408	2
744	1573	1
744	1580	1
744	1610	5
744	1641	4
744	1690	3
744	1762	2
744	1917	4
744	1918	3
744	1923	5
744	1954	4
744	2001	3
744	2011	2
744	2012	2
744	2021	5
744	2023	5
744	2093	1
744	2100	2
744	2105	3
744	2143	3
744	2161	5
744	2193	4
744	2302	3
744	2311	5
744	2322	5
744	2365	3
744	2373	2
744	2407	1
744	2408	1
744	2410	4
744	2411	4
744	2456	3
744	2490	5
744	2529	5
744	2530	3
744	2531	3
744	2532	3
744	2533	3
744	2580	4
744	2640	2
744	2642	3
744	2712	5
744	2716	3
744	2722	2
744	2735	3
744	2746	1
744	2807	1
744	2815	2
744	2816	2
744	2817	1
744	2890	4
744	2915	2
744	2916	2
744	2986	1
744	3033	4
744	3107	3
744	3175	4
744	3243	4
744	3256	3
744	3300	4
744	3450	5
744	3471	3
744	3477	3
744	3527	3
744	3552	4
744	3555	5
744	3578	5
744	3638	1
744	3693	5
744	3695	4
744	3697	4
744	3698	3
744	3702	4
744	3703	5
744	3704	5
744	3729	5
744	3740	3
744	3760	4
744	3766	1
744	3768	1
744	3836	5
744	3869	3
744	3877	1
760	121	4
760	242	5
760	246	5
760	299	4
760	480	3
760	527	4
760	593	5
760	608	5
760	653	2
760	896	4
760	1046	5
760	1193	5
760	1204	4
760	1225	5
760	1293	5
760	1339	4
760	1394	4
760	1580	3
760	1673	4
760	1699	5
760	1704	4
760	1734	4
760	1957	5
760	2609	4
760	2908	2
760	2915	4
760	3094	5
760	3468	4
760	3545	4
764	24	5
764	110	5
764	952	5
764	953	3
764	1008	4
764	1014	5
764	1017	4
764	1025	5
764	1028	5
764	1029	5
764	1030	5
764	1032	5
764	1088	5
764	1193	5
764	1198	5
764	1204	5
764	1275	5
764	1286	5
764	1287	4
764	1293	5
764	1373	3
764	1387	3
764	1931	5
764	1947	5
764	1954	5
764	1997	2
764	2019	5
764	2021	2
764	2038	4
764	2072	5
764	2080	5
764	2081	5
764	2093	5
764	2100	5
764	2105	5
764	2151	3
764	2407	5
764	2471	3
764	2529	5
764	2640	2
764	2716	4
764	2746	5
764	2761	5
764	2796	4
764	2862	5
764	3034	5
764	3157	5
764	3159	5
764	3175	2
764	3388	4
764	3479	5
764	3524	5
764	3608	4
764	3671	2
764	3745	5
770	6	3
770	10	3
770	19	2
770	20	2
770	24	2
770	34	2
770	36	3
770	42	3
770	44	4
770	65	3
770	70	3
770	71	1
770	89	1
770	95	1
770	110	5
770	111	3
770	145	5
770	151	2
770	153	1
770	157	3
770	161	2
770	163	5
770	170	5
770	173	5
770	174	1
770	180	5
770	186	3
770	198	1
770	203	1
770	216	2
770	231	5
770	235	1
770	276	1
770	293	5
770	296	4
770	300	3
770	303	4
770	317	1
770	318	5
770	325	1
770	333	5
770	339	4
770	342	1
770	351	1
770	355	1
770	357	5
770	372	1
770	378	3
770	379	3
770	410	1
770	413	2
770	415	1
770	419	1
770	429	3
770	432	1
770	433	3
770	434	4
770	441	3
770	454	3
770	457	2
770	459	3
770	466	4
770	480	4
770	487	4
770	494	2
770	500	3
770	511	3
770	514	5
770	518	2
770	527	3
770	532	1
770	546	1
770	555	5
770	587	3
770	588	3
770	590	3
770	593	3
770	595	3
770	608	5
770	610	3
770	628	5
770	736	1
770	780	3
770	784	4
770	785	5
770	786	2
770	788	1
770	833	3
770	849	1
770	858	5
770	866	2
770	886	1
770	901	4
770	910	3
770	915	4
770	916	2
770	924	3
770	953	3
770	968	4
770	1019	4
770	1020	1
770	1028	3
770	1029	3
770	1030	3
770	1032	4
770	1042	3
770	1060	5
770	1064	3
770	1092	4
770	1126	2
770	1136	3
770	1153	2
770	1190	2
770	1193	5
770	1198	5
770	1199	3
770	1200	5
770	1201	5
770	1206	3
770	1214	4
770	1215	5
770	1220	3
770	1222	3
770	1223	4
770	1228	4
770	1241	5
770	1242	5
770	1246	3
770	1257	3
770	1261	5
770	1265	5
770	1275	3
770	1278	3
770	1297	3
770	1339	1
770	1367	1
770	1372	3
770	1373	3
770	1374	3
770	1378	1
770	1379	1
770	1387	4
770	1391	2
770	1393	3
770	1396	5
770	1407	3
770	1408	4
770	1431	5
770	1445	1
770	1457	2
770	1466	5
770	1485	5
770	1499	3
770	1513	2
770	1562	1
770	1566	3
770	1569	3
770	1573	3
770	1580	3
770	1592	1
770	1599	1
770	1606	1
770	1610	4
770	1617	5
770	1639	4
770	1665	3
770	1673	2
770	1687	3
770	1689	5
770	1690	3
770	1702	1
770	1704	4
770	1721	2
770	1722	3
770	1739	1
770	1772	1
770	1783	1
770	1784	3
770	1863	1
770	1883	1
770	1887	2
770	1888	1
770	1895	3
770	1912	3
770	1917	2
770	1918	1
770	1923	5
770	1927	2
770	1947	4
770	1954	5
770	1957	4
770	1962	3
770	2001	3
770	2004	1
770	2011	3
770	2012	4
770	2015	4
770	2016	1
770	2018	3
770	2019	5
770	2027	4
770	2036	1
770	2038	3
770	2053	1
770	2058	3
770	2060	4
770	2072	2
770	2078	4
770	2080	4
770	2081	2
770	2093	3
770	2102	2
770	2105	4
770	2110	4
770	2111	3
770	2121	2
770	2125	3
770	2142	2
770	2152	1
770	2153	1
770	2193	3
770	2195	5
770	2247	1
770	2248	2
770	2249	3
770	2265	1
770	2278	4
770	2302	3
770	2322	2
770	2329	5
770	2353	4
770	2359	5
770	2373	3
770	2380	2
770	2382	1
770	2391	2
770	2395	1
770	2396	4
770	2399	4
770	2405	3
770	2407	3
770	2408	1
770	2410	1
770	2411	5
770	2416	5
770	2424	5
770	2457	3
770	2458	3
770	2468	1
770	2469	3
770	2471	3
770	2490	4
770	2529	2
770	2539	4
770	2567	3
770	2568	3
770	2580	2
770	2581	1
770	2597	3
770	2617	3
770	2640	2
770	2701	2
770	2712	3
770	2714	5
770	2716	5
770	2746	5
770	2747	3
770	2761	5
770	2763	4
770	2770	1
770	2772	1
770	2788	4
770	2794	5
770	2795	5
770	2796	1
770	2798	3
770	2804	5
770	2807	1
770	2826	5
770	2846	3
770	2883	5
770	2890	4
770	2916	5
770	2950	1
770	2953	1
770	2976	1
770	2986	2
770	2990	3
770	2993	3
770	2995	2
770	2997	3
770	3020	1
770	3033	5
770	3039	5
770	3040	5
770	3061	3
770	3107	4
770	3114	4
770	3146	1
770	3157	1
770	3175	1
770	3213	3
770	3243	3
770	3247	2
770	3253	3
770	3255	3
770	3256	3
770	3263	2
770	3274	2
770	3275	5
770	3308	2
770	3359	3
770	3385	3
770	3388	3
770	3398	3
770	3401	2
770	3409	2
770	3418	1
770	3421	5
770	3438	3
770	3444	5
770	3450	4
770	3452	3
770	3466	2
770	3471	5
770	3477	2
770	3499	2
770	3508	5
770	3510	5
770	3527	5
770	3552	5
770	3578	5
770	3608	4
770	3633	3
770	3638	3
770	3646	1
770	3669	1
770	3671	5
770	3675	3
770	3681	5
770	3692	4
770	3697	3
770	3698	3
770	3702	3
770	3703	3
770	3704	2
770	3710	1
770	3740	5
770	3745	2
770	3793	3
770	3798	4
770	3821	1
770	3836	4
770	3841	2
770	3869	5
770	3882	4
770	3896	3
770	3922	1
775	480	3
775	529	4
775	1704	5
775	1923	5
775	3253	3
775	3555	5
775	3646	3
775	3753	5
786	295	2
786	329	5
786	379	4
786	610	5
786	653	5
786	780	5
786	924	4
786	1019	3
786	1215	3
786	1356	5
786	1372	5
786	1374	4
786	1391	4
786	1580	5
786	1690	4
786	1702	5
786	2011	4
786	2015	4
786	2021	5
786	2100	4
786	2105	5
786	2311	3
786	2640	4
786	2642	1
786	2916	5
786	3466	3
786	3479	4
786	3638	5
786	3702	3
786	3703	3
786	3877	4
787	293	4
787	296	5
787	318	5
787	593	4
787	608	5
787	628	4
787	785	4
787	866	5
787	1060	4
787	1213	4
787	1393	4
787	1617	5
787	1639	4
787	1680	4
787	1704	4
787	1882	1
787	2329	5
787	2395	5
787	2396	4
787	2433	3
787	2485	2
787	2490	3
787	2501	4
787	2598	3
787	2692	4
787	2701	1
787	2712	4
787	2716	4
787	2761	5
787	2771	3
787	2826	4
787	2890	5
787	2908	4
787	2976	3
787	2997	4
787	3005	3
787	3100	3
787	3114	4
787	3176	3
787	3178	4
787	3409	4
787	3452	4
787	3477	2
787	3510	4
787	3513	3
787	3578	5
787	3596	1
787	3646	1
787	3745	4
787	3753	2
787	3793	4
787	3821	1
787	3896	4
803	110	5
803	457	4
803	480	3
803	590	4
803	610	3
803	653	4
803	858	4
803	1198	4
803	1200	3
803	1214	3
803	1215	3
803	1275	5
803	1408	4
803	1580	4
803	1610	5
803	2046	4
803	2105	3
803	2161	3
803	2380	2
803	2617	3
803	2916	3
803	3578	5
803	3703	4
803	3793	4
804	153	1
804	443	3
804	527	4
804	535	2
804	608	4
804	914	3
804	1213	4
804	1230	5
804	1394	3
804	1562	1
804	2036	1
804	2395	5
804	2396	4
804	2693	5
804	2712	1
804	2804	5
804	3429	4
805	140	4
805	339	5
805	357	4
805	550	1
805	587	4
805	605	5
805	916	5
805	1265	5
805	1393	2
805	1408	4
805	1457	5
805	1569	4
805	1721	4
805	1722	5
805	1888	3
805	1895	4
805	2080	5
805	2100	4
805	2146	3
805	2248	2
805	2262	4
805	2424	5
805	2485	5
805	2546	4
805	2716	5
805	2822	5
805	2881	4
805	2978	2
805	3114	5
805	3203	4
805	3238	1
805	3269	4
805	3524	3
806	110	3
806	246	5
806	549	5
806	905	5
806	908	5
806	909	4
806	910	5
806	940	4
806	947	5
806	969	4
806	1189	4
806	1198	4
806	1204	4
806	1230	5
806	1265	4
806	1288	4
806	1665	3
806	1931	4
806	2693	4
806	2899	3
806	2935	5
806	2937	5
806	2970	4
806	3022	5
806	3104	3
806	3929	4
806	3932	4
831	296	4
831	480	4
831	532	4
831	593	4
831	608	5
831	866	4
831	908	5
831	1078	4
831	1213	4
831	1286	4
831	1393	4
831	1466	4
831	1580	4
831	1617	5
831	1673	3
831	1729	4
831	2302	5
831	2391	4
831	2692	4
831	2819	4
831	2952	4
831	3247	4
831	3255	4
831	3675	3
831	3927	4
831	3928	5
831	3932	4
835	1019	3
835	1617	5
835	1924	3
835	2047	2
835	2287	2
835	2469	3
835	2663	2
835	2664	4
835	2667	1
835	2896	3
835	3780	2
835	3878	2
841	144	4
841	1193	5
841	2391	4
841	3510	3
841	3513	3
841	3515	3
841	3555	3
841	3578	5
841	3753	4
841	3952	3
847	232	3
847	235	4
847	352	1
847	497	3
847	588	3
847	838	3
847	909	4
847	1079	5
847	1198	3
847	1265	5
847	1276	4
847	1288	2
847	1292	2
847	1392	4
847	1394	5
847	2081	2
847	2248	3
847	2289	3
847	2359	4
847	2395	5
847	2396	5
847	2664	1
847	2716	4
847	2747	5
847	2915	3
847	2997	3
847	3072	5
847	3421	3
847	3552	5
847	3671	5
850	36	5
850	70	2
850	80	4
850	99	4
850	157	4
850	235	3
850	247	4
850	300	3
850	376	2
850	410	4
850	419	3
850	429	4
850	441	4
850	444	1
850	532	3
850	549	4
850	581	4
850	587	1
850	590	2
850	608	4
850	610	3
850	736	1
850	785	4
850	799	2
850	850	4
850	858	5
850	903	3
850	905	5
850	908	3
850	909	4
850	910	4
850	914	2
850	922	5
850	926	5
850	931	4
850	932	5
850	933	3
850	942	4
850	947	4
850	948	4
850	968	4
850	969	3
850	974	4
850	982	4
850	1029	4
850	1034	3
850	1057	2
850	1066	5
850	1076	4
850	1078	3
850	1104	4
850	1130	4
850	1135	2
850	1136	4
850	1190	4
850	1193	4
850	1198	3
850	1199	4
850	1200	3
850	1204	4
850	1206	3
850	1211	3
850	1214	4
850	1217	5
850	1220	4
850	1222	4
850	1225	2
850	1230	4
850	1234	4
850	1237	5
850	1242	4
850	1252	4
850	1258	4
850	1261	3
850	1264	4
850	1265	4
850	1276	4
850	1278	5
850	1283	4
850	1286	1
850	1288	5
850	1292	4
850	1295	3
850	1329	5
850	1331	3
850	1333	5
850	1340	5
850	1347	4
850	1356	1
850	1374	2
850	1387	4
850	1391	2
850	1392	5
850	1394	4
850	1449	4
850	1513	4
850	1611	4
850	1613	3
850	1617	4
850	1641	3
850	1648	3
850	1673	5
850	1674	3
850	1680	1
850	1690	1
850	1696	1
850	1721	1
850	1794	2
850	1816	3
850	1875	5
850	1899	3
850	1916	5
850	1923	5
850	1931	4
850	1947	3
850	1957	3
850	1963	3
850	1974	4
850	1982	5
850	1997	5
850	1998	1
850	2009	3
850	2010	5
850	2018	5
850	2021	3
850	2022	5
850	2029	3
850	2053	3
850	2058	3
850	2080	3
850	2081	3
850	2130	4
850	2132	5
850	2161	4
850	2178	3
850	2181	3
850	2202	4
850	2204	4
850	2238	5
850	2247	3
850	2282	2
850	2313	4
850	2346	4
850	2349	4
850	2351	5
850	2362	5
850	2369	4
850	2385	4
850	2389	4
850	2391	4
850	2395	4
850	2430	4
850	2442	4
850	2459	4
850	2474	4
850	2479	1
850	2493	4
850	2507	4
850	2521	5
850	2529	3
850	2530	3
850	2535	4
850	2548	2
850	2551	4
850	2580	4
850	2600	5
850	2606	3
850	2612	4
850	2617	4
850	2640	3
850	2664	4
850	2674	3
850	2690	4
850	2692	5
850	2704	5
850	2708	3
850	2715	2
850	2729	4
850	2739	1
850	2747	3
850	2763	4
850	2781	4
850	2788	3
850	2793	3
850	2826	3
850	2840	3
850	2844	5
850	2848	4
850	2853	3
850	2870	3
850	2890	5
850	2899	3
850	2904	4
850	2917	4
850	2919	4
850	2920	5
850	2963	4
850	2967	4
850	2970	3
850	2971	4
850	2981	4
850	2992	3
850	2997	4
850	3017	2
850	3019	4
850	3021	4
850	3022	4
850	3036	2
850	3037	4
850	3053	1
850	3072	3
850	3077	5
850	3086	3
850	3090	4
850	3100	3
850	3112	1
850	3148	4
850	3157	4
850	3176	3
850	3185	4
850	3217	4
850	3223	5
850	3244	2
850	3251	2
850	3253	4
850	3255	2
850	3272	5
850	3274	3
850	3317	4
850	3330	3
850	3334	3
850	3362	3
850	3402	4
850	3404	3
850	3420	3
850	3426	2
850	3430	4
850	3445	3
850	3468	4
850	3475	5
850	3478	2
850	3490	5
850	3499	3
850	3521	4
850	3524	4
850	3527	3
850	3531	2
850	3540	1
850	3545	2
850	3546	4
850	3547	3
850	3551	4
850	3608	5
850	3643	4
850	3649	3
850	3655	4
850	3675	4
850	3676	5
850	3685	4
850	3700	4
850	3702	4
850	3704	2
850	3712	3
850	3729	4
850	3754	4
850	3782	3
850	3786	4
850	3807	3
850	3820	1
850	3830	3
850	3844	2
850	3850	5
850	3851	4
850	3858	2
850	3869	3
850	3893	3
850	3900	4
850	3910	5
850	3924	4
850	3932	4
850	3951	4
850	3952	5
852	52	2
852	357	4
852	480	3
852	588	4
852	1060	4
852	1136	5
852	1288	5
852	1883	4
852	2078	5
852	2302	3
852	2746	3
852	2997	3
852	3039	4
852	3421	4
852	3552	5
852	3608	3
864	111	5
864	296	4
864	335	5
864	348	3
864	480	3
864	496	3
864	527	5
864	549	5
864	581	5
864	759	5
864	903	4
864	908	5
864	909	5
864	910	5
864	914	3
864	922	4
864	924	5
864	926	4
864	942	3
864	959	2
864	968	4
864	969	4
864	1028	4
864	1086	5
864	1092	2
864	1104	4
864	1136	5
864	1176	4
864	1193	4
864	1198	5
864	1206	5
864	1217	3
864	1225	5
864	1230	5
864	1252	5
864	1278	5
864	1288	4
864	1387	4
864	1415	4
864	1617	5
864	1743	4
864	1892	4
864	1938	5
864	1947	5
864	1997	5
864	2184	2
864	2248	5
864	2726	5
864	2731	5
864	2732	3
864	2770	4
864	2804	5
864	2912	4
864	2972	5
864	3075	5
864	3159	1
864	3176	4
864	3251	4
864	3302	4
864	3317	4
864	3421	4
864	3476	5
864	3500	1
864	3538	4
864	3578	5
864	3645	3
864	3668	4
864	3783	4
864	3910	5
867	480	5
867	608	2
867	908	5
867	1028	2
867	1193	4
867	1230	5
867	1265	2
867	1292	5
867	2908	1
867	3198	4
867	3745	3
869	5	3
869	10	3
869	24	4
869	34	5
869	52	3
869	63	3
869	70	4
869	76	2
869	89	3
869	105	1
869	110	5
869	122	3
869	145	4
869	153	4
869	161	4
869	163	4
869	179	2
869	180	4
869	186	4
869	216	3
869	231	5
869	235	5
869	250	3
869	256	3
869	276	4
869	296	5
869	317	4
869	318	5
869	329	5
869	330	3
869	333	4
869	339	4
869	351	3
869	360	3
869	362	2
869	372	5
869	378	3
869	410	4
869	413	3
869	432	4
869	441	5
869	457	5
869	466	4
869	478	3
869	480	5
869	487	2
869	493	4
869	494	4
869	497	5
869	500	2
869	511	4
869	512	4
869	513	4
869	518	2
869	555	4
869	558	5
869	587	5
869	588	5
869	593	4
869	595	5
869	608	3
869	610	3
869	628	3
869	647	4
869	653	4
869	656	2
869	671	4
869	709	3
869	736	4
869	780	5
869	783	4
869	784	4
869	785	4
869	788	2
869	799	5
869	810	1
869	830	1
869	838	3
869	840	4
869	842	4
869	870	2
869	888	1
869	891	1
869	908	3
869	910	3
869	924	5
869	945	4
869	953	5
869	968	4
869	969	4
869	1014	5
869	1020	4
869	1024	4
869	1025	4
869	1028	5
869	1029	4
869	1030	4
869	1032	5
869	1042	5
869	1057	4
869	1059	4
869	1060	3
869	1064	3
869	1083	3
869	1088	5
869	1091	3
869	1126	1
869	1130	3
869	1135	2
869	1136	2
869	1171	4
869	1193	3
869	1198	4
869	1200	5
869	1206	4
869	1214	4
869	1215	4
869	1220	1
869	1222	2
869	1223	4
869	1234	4
869	1242	4
869	1252	3
869	1258	3
869	1261	3
869	1265	5
869	1278	5
869	1283	1
869	1313	2
869	1333	3
869	1339	5
869	1340	5
869	1342	1
869	1347	4
869	1356	5
869	1372	4
869	1373	3
869	1374	4
869	1378	4
869	1379	4
869	1387	5
869	1388	4
869	1391	4
869	1392	3
869	1393	5
869	1394	5
869	1407	5
869	1441	3
869	1457	4
869	1460	1
869	1485	4
869	1489	4
869	1513	2
869	1566	4
869	1569	2
869	1573	5
869	1580	5
869	1605	3
869	1610	3
869	1617	5
869	1639	5
869	1641	2
869	1655	3
869	1666	2
869	1673	3
869	1688	4
869	1690	4
869	1704	4
869	1721	5
869	1722	2
869	1747	4
869	1753	3
869	1762	4
869	1784	4
869	1792	3
869	1835	5
869	1845	3
869	1854	3
869	1862	2
869	1895	5
869	1912	4
869	1918	4
869	1920	3
869	1923	5
869	1924	4
869	1947	4
869	1954	4
869	1970	2
869	1972	2
869	1973	2
869	1974	3
869	1975	2
869	1982	4
869	1984	1
869	1992	2
869	1993	2
869	1994	4
869	1995	4
869	1997	1
869	2001	4
869	2004	5
869	2011	5
869	2012	5
869	2015	3
869	2016	4
869	2035	5
869	2038	3
869	2041	1
869	2050	1
869	2058	4
869	2060	4
869	2072	3
869	2078	3
869	2080	4
869	2081	5
869	2093	3
869	2095	2
869	2100	3
869	2107	4
869	2110	3
869	2120	2
869	2121	1
869	2123	1
869	2125	4
869	2142	3
869	2143	3
869	2161	5
869	2193	5
869	2195	4
869	2249	5
869	2252	3
869	2261	3
869	2266	3
869	2278	3
869	2292	3
869	2302	5
869	2315	4
869	2316	2
869	2329	4
869	2336	3
869	2368	2
869	2374	4
869	2380	2
869	2382	4
869	2385	4
869	2389	4
869	2395	5
869	2396	5
869	2407	4
869	2410	1
869	2416	2
869	2424	5
869	2456	3
869	2462	1
869	2468	4
869	2469	3
869	2485	3
869	2490	4
869	2500	2
869	2529	4
869	2548	3
869	2558	4
869	2560	2
869	2567	4
869	2574	3
869	2580	5
869	2581	5
869	2589	3
869	2597	3
869	2606	4
869	2617	4
869	2664	5
869	2692	4
869	2701	4
869	2709	4
869	2712	4
869	2716	4
869	2719	3
869	2722	5
869	2735	3
869	2746	4
869	2761	5
869	2770	5
869	2772	4
869	2788	3
869	2793	4
869	2794	3
869	2796	3
869	2804	3
869	2822	2
869	2826	1
869	2840	2
869	2860	4
869	2864	4
869	2883	3
869	2889	4
869	2890	5
869	2908	4
869	2913	1
869	2916	4
869	2976	4
869	2978	4
869	2979	3
869	2995	3
869	2997	4
869	3017	3
869	3020	3
869	3031	2
869	3033	4
869	3034	4
869	3039	4
869	3053	4
869	3088	5
869	3107	3
869	3114	5
869	3146	3
869	3159	5
869	3175	4
869	3176	5
869	3213	3
869	3247	4
869	3253	3
869	3255	4
869	3263	3
869	3274	2
869	3317	4
869	3326	4
869	3354	2
869	3365	1
869	3388	5
869	3398	4
869	3409	5
869	3421	4
869	3438	3
869	3450	3
869	3452	2
869	3477	4
869	3479	3
869	3489	5
869	3527	4
869	3578	4
869	3608	4
869	3611	4
869	3615	4
869	3616	3
869	3638	2
869	3646	1
869	3661	4
869	3663	2
869	3664	2
869	3668	2
869	3669	4
869	3671	5
869	3675	5
869	3698	3
869	3712	3
869	3719	4
869	3740	3
869	3744	4
869	3745	4
869	3753	4
869	3754	4
869	3760	3
869	3776	5
869	3793	4
869	3798	4
869	3821	4
869	3830	5
869	3838	1
869	3840	2
869	3841	2
869	3869	4
869	3877	1
869	3879	1
869	3882	4
869	3893	5
869	3896	4
869	3900	4
869	3927	2
869	3937	1
869	3942	1
882	24	4
882	198	4
882	480	4
882	546	1
882	610	5
882	671	5
882	741	4
882	780	1
882	924	5
882	968	5
882	1175	4
882	1199	5
882	1200	5
882	1206	5
882	1214	3
882	1215	5
882	1356	3
882	1391	5
882	1573	4
882	1690	2
882	1721	1
882	1882	1
882	1917	1
882	2010	5
882	2046	4
882	2232	5
882	2287	5
882	2600	5
882	2664	5
882	2701	1
882	2722	4
882	3159	5
882	3175	5
882	3300	4
882	3409	3
882	3515	5
882	3745	5
882	3793	5
888	10	3
888	19	2
888	110	5
888	480	4
888	595	4
888	653	2
888	736	3
888	780	5
888	875	5
888	1064	3
888	1242	4
888	1391	4
888	1573	5
888	1580	3
888	1641	3
888	1688	4
888	1784	4
888	2142	4
888	2396	4
888	2883	4
888	2997	4
888	3072	2
888	3114	4
888	3438	3
888	3510	5
888	3555	4
888	3745	5
888	3784	5
888	3793	4
888	3821	5
898	527	4
898	908	5
898	1198	5
898	1573	4
898	1673	1
898	3359	5
898	3421	4
898	3510	5
898	3555	4
898	3793	4
907	593	4
907	858	4
907	1193	4
907	1204	4
907	1252	4
907	1617	4
907	3467	4
913	19	1
913	170	3
913	329	2
913	419	1
913	480	3
913	1225	1
913	1242	5
913	1356	3
913	1372	4
913	1373	1
913	1374	5
913	1954	4
913	2410	4
913	2411	1
913	2716	4
913	2804	3
913	2916	2
913	3255	5
913	3421	3
913	3438	4
913	3527	4
913	3671	4
913	3698	3
913	3793	4
915	70	2
915	89	3
915	95	2
915	110	5
915	296	5
915	303	1
915	457	3
915	480	5
915	527	4
915	593	5
915	780	4
915	891	1
915	1408	5
915	1466	3
915	1573	3
915	1580	3
915	1917	3
915	1923	4
915	1970	1
915	1972	1
915	1973	1
915	1986	1
915	2046	3
915	2353	3
915	2456	1
915	2617	2
915	2916	3
915	3020	2
915	3107	3
915	3185	3
915	3247	2
915	3256	3
915	3274	3
915	3418	3
915	3450	2
915	3513	2
915	3555	3
915	3578	3
915	3697	3
917	110	5
917	318	5
917	480	4
917	527	5
917	593	4
917	858	5
917	1225	4
917	1252	5
917	1276	5
917	1923	3
917	2019	5
917	3317	5
917	3359	4
917	3510	3
917	3744	3
917	3753	4
920	10	4
920	44	2
920	296	5
920	329	4
920	355	1
920	590	3
920	780	5
920	785	4
920	924	4
920	1055	3
920	1356	3
920	1372	3
920	1609	2
920	1779	2
920	1784	5
920	1917	5
920	1923	4
920	2046	3
920	2072	2
920	2433	4
920	2581	3
920	2617	3
920	2672	2
920	2712	2
920	2716	3
920	2734	3
920	2840	3
920	2916	2
920	3005	2
920	3053	2
920	3159	4
920	3745	4
920	3793	4
921	17	2
921	34	4
921	36	4
921	110	5
921	151	2
921	161	3
921	296	5
921	300	3
921	318	5
921	480	4
921	497	4
921	527	5
921	588	3
921	590	3
921	593	5
921	608	4
921	610	4
921	1015	4
921	1042	4
921	1094	3
921	1130	3
921	1198	5
921	1200	5
921	1213	4
921	1214	5
921	1215	1
921	1220	3
921	1225	5
921	1265	4
921	1275	4
921	1288	5
921	1347	4
921	1394	4
921	1408	3
921	1411	4
921	1580	4
921	1610	4
921	1617	3
921	1641	4
921	1673	5
921	1704	4
921	1962	3
921	1994	3
921	2001	3
921	2011	4
921	2071	4
921	2100	3
921	2121	3
921	2313	5
921	2396	4
921	2716	4
921	2739	4
921	2746	3
921	2795	3
921	2890	3
921	2915	3
921	2916	3
921	2997	4
921	3044	3
921	3072	4
921	3114	2
921	3418	2
921	3450	4
921	3476	3
921	3499	4
921	3527	4
921	3578	4
922	6	4
922	10	5
922	34	5
922	95	2
922	110	3
922	153	3
922	161	4
922	246	4
922	277	3
922	296	3
922	318	3
922	329	4
922	339	3
922	376	3
922	454	4
922	457	5
922	466	3
922	480	4
922	494	4
922	527	5
922	546	2
922	558	3
922	587	4
922	590	5
922	593	5
922	608	4
922	628	4
922	647	5
922	653	2
922	671	4
922	736	4
922	780	4
922	788	4
922	798	3
922	836	1
922	858	5
922	903	5
922	905	1
922	908	4
922	909	2
922	922	5
922	924	3
922	933	3
922	953	5
922	968	5
922	969	5
922	1104	2
922	1178	5
922	1183	5
922	1198	5
922	1200	5
922	1206	4
922	1211	4
922	1213	4
922	1214	4
922	1222	5
922	1225	5
922	1228	5
922	1242	5
922	1252	5
922	1258	5
922	1272	5
922	1288	2
922	1293	5
922	1333	5
922	1340	4
922	1356	5
922	1372	5
922	1373	3
922	1374	4
922	1387	4
922	1391	1
922	1394	5
922	1407	3
922	1408	4
922	1438	2
922	1488	3
922	1499	1
922	1562	2
922	1573	1
922	1580	3
922	1610	3
922	1616	4
922	1617	5
922	1673	4
922	1687	3
922	1690	2
922	1704	2
922	1721	4
922	1722	4
922	1747	4
922	1779	1
922	1784	3
922	1792	1
922	1833	1
922	1882	1
922	1883	5
922	1912	4
922	1917	1
922	1918	4
922	1927	5
922	1931	4
922	1949	5
922	1950	3
922	1955	5
922	1962	5
922	1970	1
922	1972	1
922	2011	5
922	2012	5
922	2022	5
922	2023	4
922	2058	3
922	2142	2
922	2153	1
922	2245	4
922	2329	4
922	2336	4
922	2353	3
922	2380	1
922	2382	1
922	2391	4
922	2396	5
922	2399	2
922	2433	4
922	2490	4
922	2501	3
922	2617	1
922	2692	4
922	2726	4
922	2729	4
922	2739	4
922	2763	4
922	2770	4
922	2881	3
922	2890	4
922	2908	4
922	2912	3
922	2916	4
922	2976	4
922	2986	1
922	2997	5
922	3006	4
922	3033	4
922	3072	5
922	3148	4
922	3175	4
922	3176	2
922	3178	4
922	3256	4
922	3269	3
922	3354	1
922	3365	4
922	3424	4
922	3438	3
922	3475	5
922	3513	3
922	3555	3
922	3578	4
922	3753	2
922	3793	4
922	3798	2
922	3864	3
922	3893	5
922	3910	4
922	3952	5
924	6	4
924	17	3
924	34	4
924	36	4
924	215	4
924	235	3
924	246	4
924	296	5
924	300	4
924	318	5
924	348	4
924	357	5
924	373	4
924	425	4
924	441	4
924	454	4
924	457	4
924	480	5
924	535	4
924	590	5
924	593	5
924	608	5
924	647	4
924	671	3
924	838	3
924	908	4
924	914	4
924	940	4
924	952	4
924	969	5
924	986	4
924	1019	4
924	1094	4
924	1183	3
924	1198	5
924	1204	4
924	1213	4
924	1230	4
924	1265	4
924	1283	4
924	1287	4
924	1357	4
924	1374	4
924	1393	4
924	1401	4
924	1573	4
924	1580	5
924	1610	4
924	1617	5
924	1633	4
924	1639	4
924	1649	4
924	1673	4
924	1674	4
924	1680	4
924	1702	1
924	1704	4
924	1721	4
924	1722	4
924	1747	4
924	1845	4
924	1883	4
924	1923	4
924	1931	4
924	1947	4
924	2130	4
924	2193	4
924	2248	4
924	2272	4
924	2289	4
924	2353	4
924	2359	3
924	2391	4
924	2395	4
924	2396	3
924	2433	4
924	2640	4
924	2692	4
924	2729	3
924	2883	3
924	2908	4
924	2916	4
924	2952	4
924	2997	5
924	3077	4
924	3114	5
924	3148	4
924	3175	3
924	3253	4
924	3418	4
924	3450	3
924	3461	4
924	3513	4
924	3926	4
924	3927	4
929	6	5
929	10	4
929	70	2
929	111	4
929	145	3
929	151	4
929	157	1
929	170	4
929	180	3
929	198	4
929	293	5
929	296	5
929	333	3
929	434	1
929	457	4
929	466	2
929	480	4
929	487	4
929	555	3
929	593	5
929	608	3
929	736	3
929	747	1
929	760	5
929	780	1
929	785	1
929	799	4
929	858	4
929	924	4
929	953	3
929	969	5
929	971	4
929	999	3
929	1079	3
929	1092	4
929	1094	4
929	1135	3
929	1136	4
929	1193	4
929	1198	5
929	1199	5
929	1200	5
929	1201	5
929	1206	4
929	1213	5
929	1214	5
929	1215	3
929	1220	5
929	1222	5
929	1225	4
929	1227	5
929	1257	4
929	1258	5
929	1265	5
929	1272	5
929	1275	4
929	1276	3
929	1287	4
929	1288	5
929	1297	1
929	1347	4
929	1356	4
929	1372	3
929	1374	4
929	1378	4
929	1387	4
929	1391	1
929	1393	4
929	1394	3
929	1396	4
929	1407	5
929	1485	5
929	1488	4
929	1573	1
929	1580	1
929	1590	1
929	1610	5
929	1617	4
929	1689	5
929	1690	5
929	1722	4
929	1729	3
929	1769	3
929	1784	5
929	1883	3
929	1923	3
929	1931	5
929	1953	3
929	1954	3
929	1957	4
929	1962	5
929	1997	4
929	2001	4
929	2023	5
929	2059	3
929	2072	4
929	2100	4
929	2105	3
929	2111	4
929	2161	4
929	2247	4
929	2261	4
929	2278	5
929	2401	4
929	2407	3
929	2458	3
929	2474	4
929	2529	3
929	2640	3
929	2692	5
929	2716	5
929	2746	1
929	2770	1
929	2788	3
929	2795	5
929	2796	3
929	2804	5
929	2815	1
929	2816	1
929	2817	1
929	2871	5
929	2890	3
929	2915	4
929	2916	4
929	2919	3
929	2921	4
929	2922	4
929	2951	5
929	2993	4
929	2997	3
929	3029	1
929	3039	4
929	3062	5
929	3104	5
929	3107	4
929	3114	5
929	3175	4
929	3196	5
929	3198	5
929	3253	4
929	3255	5
929	3256	4
929	3263	1
929	3274	4
929	3275	1
929	3418	1
929	3421	5
929	3450	4
929	3479	2
929	3499	5
929	3501	4
929	3508	4
929	3527	4
929	3552	4
929	3608	4
929	3635	4
929	3638	4
929	3654	5
929	3671	4
929	3681	5
929	3685	4
929	3698	4
929	3702	5
929	3703	4
929	3704	4
929	3740	5
929	3744	3
929	3760	4
929	3766	2
929	3793	3
929	3836	5
935	6	2
935	20	3
935	24	4
935	79	4
935	89	4
935	95	4
935	110	4
935	111	4
935	153	2
935	161	5
935	170	3
935	173	2
935	198	1
935	277	3
935	293	4
935	329	4
935	360	3
935	373	3
935	415	2
935	434	4
935	454	4
935	457	4
935	480	3
935	494	3
935	511	4
935	527	5
935	533	3
935	546	2
935	587	3
935	593	5
935	608	5
935	707	4
935	736	4
935	780	3
935	782	3
935	798	3
935	832	4
935	836	3
935	858	4
935	908	4
935	1003	3
935	1013	3
935	1161	4
935	1193	5
935	1220	4
935	1238	3
935	1272	4
935	1286	3
935	1352	2
935	1372	4
935	1379	3
935	1391	2
935	1394	3
935	1438	3
935	1480	3
935	1488	3
935	1513	3
935	1573	3
935	1580	3
935	1590	2
935	1610	5
935	1615	4
935	1616	3
935	1617	4
935	1648	3
935	1673	3
935	1687	4
935	1744	2
935	1769	3
935	1779	3
935	1783	3
935	1792	3
935	1833	3
935	1834	4
935	1869	3
935	1882	1
935	1912	4
935	1916	2
935	1917	4
935	1918	3
935	1954	5
935	1955	4
935	1964	3
935	2001	3
935	2058	4
935	2081	4
935	2100	5
935	2232	3
935	2245	4
935	2248	3
935	2262	4
935	2278	3
935	2320	3
935	2322	3
935	2336	4
935	2353	4
935	2390	4
935	2391	4
935	2395	3
935	2407	5
935	2433	4
935	2456	2
935	2457	4
935	2490	3
935	2520	5
935	2521	4
935	2546	3
935	2574	3
935	2598	3
935	2617	4
935	2670	4
935	2672	3
935	2709	3
935	2712	3
935	2716	4
935	2722	2
935	2734	3
935	2763	3
935	2770	3
935	2804	5
935	2826	4
935	2866	4
935	2881	4
935	2908	3
935	2915	4
935	2916	4
935	2976	2
935	2997	4
935	3005	4
935	3020	4
935	3037	4
935	3039	4
935	3053	4
935	3072	4
935	3093	4
935	3104	5
935	3107	5
935	3135	4
935	3162	3
935	3176	3
935	3178	4
935	3185	5
935	3198	4
935	3219	3
935	3238	1
935	3256	5
935	3274	4
935	3354	3
935	3359	4
935	3362	5
935	3418	4
935	3420	4
935	3424	3
935	3430	4
935	3438	2
935	3450	4
935	3471	5
935	3506	4
935	3510	4
935	3513	4
935	3552	4
935	3555	4
935	3578	5
935	3594	4
935	3697	2
935	3733	5
935	3736	4
935	3753	4
935	3811	4
935	3841	4
935	3926	4
935	3952	4
948	22	4
948	24	3
948	41	4
948	70	1
948	110	3
948	151	4
948	198	3
948	210	5
948	293	4
948	296	5
948	303	4
948	329	4
948	379	3
948	448	2
948	457	4
948	458	3
948	480	4
948	497	3
948	500	3
948	512	4
948	527	5
948	529	4
948	546	3
948	588	4
948	590	4
948	593	5
948	608	5
948	735	1
948	780	1
948	788	1
948	837	2
948	849	1
948	858	5
948	903	4
948	908	4
948	909	3
948	910	5
948	911	3
948	914	5
948	922	2
948	924	5
948	940	5
948	969	4
948	971	4
948	1019	5
948	1025	4
948	1028	4
948	1029	4
948	1032	5
948	1034	4
948	1042	2
948	1079	4
948	1083	5
948	1084	5
948	1094	1
948	1104	3
948	1136	5
948	1162	4
948	1178	5
948	1193	4
948	1198	5
948	1200	5
948	1201	4
948	1204	5
948	1206	5
948	1213	3
948	1214	4
948	1215	5
948	1217	5
948	1220	5
948	1222	5
948	1225	3
948	1226	5
948	1227	5
948	1230	1
948	1234	5
948	1242	5
948	1252	1
948	1258	5
948	1265	5
948	1272	5
948	1275	5
948	1276	5
948	1277	5
948	1278	5
948	1283	5
948	1286	5
948	1287	5
948	1356	4
948	1372	4
948	1373	2
948	1374	5
948	1387	5
948	1391	1
948	1394	4
948	1396	3
948	1408	5
948	1411	5
948	1419	5
948	1580	4
948	1590	2
948	1617	1
948	1674	5
948	1690	1
948	1747	1
948	1762	1
948	1779	2
948	1784	4
948	1862	2
948	1882	3
948	1912	4
948	1914	5
948	1917	1
948	1923	2
948	1925	5
948	1931	5
948	1949	5
948	1953	1
948	1962	5
948	1963	1
948	1997	5
948	2010	5
948	2011	3
948	2012	3
948	2015	4
948	2018	5
948	2021	2
948	2035	4
948	2053	3
948	2075	2
948	2080	5
948	2081	3
948	2100	4
948	2132	5
948	2247	3
948	2262	2
948	2278	4
948	2282	3
948	2287	5
948	2289	1
948	2302	3
948	2322	4
948	2336	2
948	2391	2
948	2396	5
948	2407	4
948	2424	3
948	2529	3
948	2600	2
948	2640	5
948	2642	3
948	2670	5
948	2681	5
948	2701	2
948	2712	5
948	2716	4
948	2722	3
948	2726	5
948	2729	5
948	2745	4
948	2746	2
948	2761	5
948	2764	5
948	2795	3
948	2819	5
948	2870	4
948	2890	2
948	2916	3
948	2917	4
948	2951	4
948	2983	5
948	2986	3
948	2997	3
948	3022	5
948	3028	5
948	3029	5
948	3034	4
948	3037	4
948	3040	4
948	3053	5
948	3088	5
948	3104	4
948	3114	3
948	3159	5
948	3169	2
948	3175	5
948	3196	5
948	3213	4
948	3244	4
948	3255	4
948	3267	5
948	3269	2
948	3334	5
948	3354	3
948	3362	3
948	3365	5
948	3398	4
948	3405	4
948	3406	4
948	3421	2
948	3424	3
948	3450	4
948	3461	4
948	3467	4
948	3468	4
948	3471	5
948	3475	3
948	3501	5
948	3510	4
948	3545	5
948	3551	4
948	3552	4
948	3555	1
948	3578	3
948	3616	5
948	3634	5
948	3643	3
948	3654	3
948	3668	5
948	3681	4
948	3697	4
948	3702	2
948	3703	4
948	3737	5
948	3740	3
948	3745	5
948	3753	4
948	3780	5
948	3789	5
948	3793	3
948	3836	4
948	3873	5
948	3878	4
948	3922	4
948	3924	4
948	3926	4
948	3927	4
949	6	3
949	10	3
949	34	5
949	95	3
949	110	4
949	173	3
949	235	4
949	256	4
949	329	4
949	357	4
949	457	5
949	480	5
949	494	3
949	533	4
949	555	4
949	610	4
949	653	4
949	736	4
949	780	5
949	786	4
949	788	3
949	798	3
949	799	3
949	836	2
949	849	3
949	858	5
949	880	3
949	924	5
949	940	5
949	968	5
949	969	5
949	1017	4
949	1019	5
949	1042	3
949	1198	5
949	1199	5
949	1200	5
949	1201	5
949	1204	5
949	1206	5
949	1214	5
949	1215	4
949	1220	4
949	1222	3
949	1223	5
949	1261	4
949	1265	3
949	1275	3
949	1287	4
949	1356	5
949	1372	4
949	1373	3
949	1374	5
949	1387	5
949	1391	5
949	1396	3
949	1408	3
949	1414	4
949	1438	3
949	1499	2
949	1573	5
949	1580	5
949	1590	2
949	1610	5
949	1641	4
949	1687	3
949	1690	3
949	1722	3
949	1747	2
949	1772	3
949	1779	3
949	1784	5
949	1792	3
949	1833	3
949	1862	3
949	1882	3
949	1912	3
949	1917	3
949	1923	1
949	1924	5
949	1931	5
949	1953	4
949	1954	4
949	2001	3
949	2009	5
949	2010	5
949	2011	5
949	2012	4
949	2019	5
949	2021	5
949	2041	1
949	2046	4
949	2058	3
949	2105	4
949	2153	1
949	2193	4
949	2278	3
949	2287	5
949	2311	4
949	2322	3
949	2346	4
949	2353	3
949	2396	4
949	2405	3
949	2407	5
949	2424	3
949	2490	2
949	2529	5
949	2533	3
949	2535	3
949	2617	5
949	2640	5
949	2663	4
949	2664	5
949	2701	2
949	2722	3
949	2763	3
949	2826	2
949	2899	4
949	2916	5
949	2951	5
949	2970	4
949	2986	3
949	2993	5
949	3020	3
949	3029	4
949	3033	5
949	3062	5
949	3107	4
949	3139	3
949	3175	5
949	3178	4
949	3253	4
949	3255	4
949	3256	5
949	3269	4
949	3300	3
949	3326	3
949	3354	4
949	3406	4
949	3418	4
949	3430	4
949	3452	3
949	3471	5
949	3527	5
949	3551	4
949	3555	3
949	3578	4
949	3633	4
949	3635	3
949	3638	2
949	3654	4
949	3698	4
949	3702	5
949	3703	5
949	3704	5
949	3729	4
949	3740	4
949	3744	3
949	3745	4
949	3753	4
949	3793	4
949	3836	3
949	3893	2
949	3926	4
949	3927	5
949	3928	5
949	3931	2
949	3932	5
949	3937	4
956	34	5
956	110	5
956	235	4
956	296	4
956	318	5
956	457	5
956	515	4
956	527	5
956	588	3
956	593	4
956	595	4
956	608	3
956	924	3
956	1029	4
956	1057	3
956	1060	4
956	1199	4
956	1200	4
956	1297	4
956	1356	4
956	1374	4
956	1393	4
956	1396	3
956	1411	3
956	1446	4
956	1449	5
956	1542	4
956	1617	4
956	1704	4
956	1914	3
956	1947	4
956	2081	4
956	2121	2
956	2396	5
956	2692	5
956	2916	3
956	2997	5
956	3006	4
956	3061	3
956	3114	4
956	3175	5
956	3429	4
956	3578	3
956	3703	3
956	3893	4
956	3927	4
957	6	4
957	17	5
957	34	5
957	36	5
957	110	4
957	111	4
957	121	5
957	161	4
957	235	4
957	246	5
957	296	4
957	300	5
957	318	5
957	326	4
957	425	3
957	446	5
957	454	4
957	477	4
957	511	2
957	515	5
957	527	5
957	529	5
957	538	4
957	590	5
957	593	4
957	608	5
957	628	4
957	647	4
957	720	5
957	805	3
957	838	4
957	858	5
957	903	5
957	905	5
957	908	4
957	909	5
957	910	5
957	922	5
957	926	4
957	940	4
957	959	4
957	969	4
957	1041	5
957	1054	4
957	1084	5
957	1094	5
957	1096	4
957	1104	5
957	1136	4
957	1183	5
957	1193	5
957	1200	5
957	1204	5
957	1213	5
957	1214	5
957	1217	5
957	1223	3
957	1225	5
957	1228	5
957	1230	5
957	1234	5
957	1242	5
957	1258	4
957	1265	4
957	1271	3
957	1287	5
957	1292	4
957	1293	5
957	1295	5
957	1333	4
957	1387	5
957	1393	4
957	1394	4
957	1411	5
957	1466	4
957	1594	5
957	1617	5
957	1633	4
957	1639	4
957	1660	4
957	1673	4
957	1699	4
957	1704	5
957	1721	5
957	1729	4
957	1784	5
957	1788	5
957	1794	4
957	1840	4
957	1912	4
957	1914	3
957	1927	5
957	1931	5
957	1935	5
957	1938	4
957	1942	5
957	1949	5
957	1950	5
957	1957	5
957	1997	5
957	2019	5
957	2102	5
957	2125	4
957	2130	4
957	2272	5
957	2289	5
957	2318	3
957	2329	5
957	2336	4
957	2391	5
957	2396	5
957	2434	4
957	2442	4
957	2493	4
957	2501	4
957	2609	4
957	2612	5
957	2761	4
957	2771	3
957	2804	5
957	2890	5
957	2908	5
957	2912	4
957	2920	4
957	2996	3
957	3006	5
957	3068	5
957	3100	5
957	3114	5
957	3125	5
957	3128	5
957	3148	4
957	3178	4
957	3185	4
957	3252	5
957	3317	4
957	3354	4
957	3409	3
957	3461	4
957	3510	4
957	3513	3
957	3555	3
957	3578	4
957	3579	3
957	3598	4
957	3615	4
957	3618	4
957	3703	4
957	3720	5
957	3723	3
957	3744	3
957	3745	4
957	3746	4
957	3753	5
957	3754	1
957	3784	4
957	3786	3
957	3793	4
957	3798	3
957	3821	3
957	3824	2
957	3893	5
957	3910	4
957	3952	5
958	111	5
958	246	5
958	247	4
958	296	3
958	318	4
958	527	5
958	581	4
958	593	4
958	608	5
958	824	4
958	858	5
958	891	4
958	908	5
958	910	4
958	924	5
958	929	3
958	953	5
958	1041	4
958	1079	4
958	1136	5
958	1147	4
958	1189	5
958	1193	4
958	1200	3
958	1213	5
958	1225	4
958	1228	5
958	1230	5
958	1237	5
958	1242	4
958	1251	5
958	1252	4
958	1261	3
958	1276	4
958	1288	5
958	1289	4
958	1292	4
958	1407	2
958	1617	3
958	1856	4
958	1923	3
958	2075	4
958	2203	5
958	2369	3
958	2395	3
958	2396	3
958	2731	4
958	2770	3
958	2788	4
958	2804	4
958	2908	4
958	2916	2
958	2920	4
958	2976	4
958	2997	5
958	3047	4
958	3114	4
958	3203	4
958	3362	4
958	3424	4
958	3521	4
958	3547	4
958	3728	4
958	3819	4
958	3849	4
959	17	4
959	89	3
959	110	5
959	161	4
959	277	4
959	317	3
959	351	3
959	454	5
959	457	4
959	480	4
959	527	5
959	587	4
959	588	3
959	590	5
959	593	2
959	653	4
959	780	4
959	783	3
959	832	4
959	858	3
959	1094	1
959	1183	4
959	1265	3
959	1398	4
959	1408	4
959	1573	3
959	1610	4
959	1617	2
959	1721	5
959	2353	4
959	2396	4
959	2881	4
959	2890	4
959	3185	2
959	3256	4
959	3269	4
959	3510	4
959	3513	5
959	3555	4
959	3578	5
959	3753	4
961	1923	5
961	2188	3
961	2770	3
961	2812	3
961	2860	4
961	2995	3
961	2997	4
961	3005	4
961	3300	4
961	3317	4
961	3354	3
961	3409	4
961	3510	4
961	3513	3
961	3555	4
961	3578	5
961	3615	2
961	3646	4
961	3753	5
961	3793	3
965	36	4
965	111	4
965	296	4
965	318	5
965	515	4
965	527	5
965	529	4
965	593	5
965	595	5
965	608	4
965	858	5
965	901	3
965	914	5
965	1028	5
965	1032	4
965	1041	5
965	1088	3
965	1094	4
965	1193	5
965	1204	5
965	1213	4
965	1230	5
965	1252	5
965	1271	5
965	1357	3
965	1393	2
965	1396	4
965	1617	4
965	1688	3
965	1721	2
965	1784	5
965	1892	3
965	1912	4
965	2080	5
965	2081	5
965	2151	4
965	2746	2
965	2971	4
965	3196	5
965	3238	2
965	3418	3
965	3468	5
973	17	5
973	26	4
973	52	3
973	110	4
973	151	4
973	246	5
973	296	3
973	300	3
973	307	5
973	308	4
973	318	5
973	342	3
973	357	4
973	457	4
973	515	4
973	527	4
973	535	4
973	588	3
973	590	4
973	593	3
973	595	3
973	608	2
973	635	3
973	705	4
973	728	5
973	832	3
973	838	3
973	908	4
973	940	4
973	969	4
973	1017	3
973	1059	2
973	1060	4
973	1094	3
973	1131	5
973	1132	5
973	1175	4
973	1198	4
973	1211	5
973	1213	3
973	1225	2
973	1228	1
973	1238	5
973	1257	5
973	1258	2
973	1271	4
973	1293	5
973	1295	3
973	1328	3
973	1347	1
973	1356	3
973	1357	5
973	1365	3
973	1374	3
973	1393	3
973	1414	2
973	1446	3
973	1485	3
973	1573	2
973	1580	4
973	1633	4
973	1641	5
973	1674	5
973	1680	4
973	1683	2
973	1721	4
973	1747	3
973	1784	3
973	1797	4
973	2011	2
973	2022	3
973	2077	3
973	2100	3
973	2125	3
973	2161	3
973	2262	3
973	2289	5
973	2302	4
973	2336	4
973	2396	4
973	2407	4
973	2424	4
973	2501	5
973	2506	2
973	2583	2
973	2690	4
973	2693	4
973	2716	2
973	2795	3
973	2804	5
973	2871	2
973	2915	1
973	3036	1
973	3072	3
973	3114	4
973	3125	2
973	3148	4
973	3175	2
973	3252	4
973	3253	3
973	3256	4
973	3424	5
973	3476	2
973	3499	3
973	3552	2
973	3578	1
973	3684	1
973	3723	5
981	111	4
981	180	3
981	247	3
981	293	4
981	296	5
981	300	3
981	308	4
981	357	3
981	441	1
981	446	2
981	448	3
981	457	2
981	480	2
981	497	4
981	501	3
981	593	3
981	595	3
981	608	4
981	671	5
981	851	2
981	858	5
981	903	4
981	908	4
981	924	2
981	953	3
981	1060	2
981	1078	4
981	1079	4
981	1086	3
981	1094	2
981	1136	5
981	1147	4
981	1175	4
981	1198	3
981	1199	4
981	1201	4
981	1204	4
981	1206	4
981	1211	2
981	1213	4
981	1215	4
981	1217	3
981	1220	4
981	1222	5
981	1225	2
981	1228	4
981	1230	5
981	1252	3
981	1261	3
981	1265	5
981	1272	3
981	1278	3
981	1288	3
981	1293	5
981	1297	3
981	1372	3
981	1374	2
981	1392	2
981	1394	4
981	1446	3
981	1449	5
981	1617	4
981	1649	5
981	1673	4
981	1721	1
981	1729	2
981	1788	3
981	1834	2
981	1912	3
981	1923	4
981	2019	4
981	2105	3
981	2248	2
981	2336	2
981	2391	3
981	2395	5
981	2396	4
981	2716	4
981	2746	3
981	2747	3
981	2788	3
981	2804	4
981	2866	2
981	2890	3
981	2997	4
981	3006	3
981	3033	3
981	3114	4
981	3175	3
981	3198	2
981	3253	3
981	3538	5
981	3608	4
981	3729	4
981	3740	3
981	3760	3
981	3783	2
981	3819	3
984	10	4
984	19	1
984	34	4
984	95	3
984	110	4
984	111	4
984	151	4
984	153	3
984	161	4
984	231	1
984	235	4
984	236	4
984	282	3
984	296	4
984	300	4
984	317	4
984	318	4
984	355	2
984	357	4
984	410	2
984	434	3
984	454	4
984	457	4
984	459	3
984	466	3
984	480	4
984	494	4
984	587	4
984	590	4
984	593	4
984	608	4
984	647	3
984	653	2
984	707	4
984	736	4
984	780	3
984	784	2
984	786	4
984	788	1
984	805	4
984	838	4
984	858	5
984	903	4
984	908	5
984	910	4
984	911	4
984	915	4
984	916	5
984	918	3
984	922	3
984	924	4
984	933	4
984	934	4
984	938	4
984	940	4
984	943	5
984	947	4
984	952	4
984	953	4
984	968	4
984	969	4
984	986	4
984	1006	3
984	1008	3
984	1013	4
984	1019	4
984	1028	4
984	1042	3
984	1083	3
984	1084	5
984	1092	4
984	1094	4
984	1162	4
984	1178	4
984	1183	3
984	1193	4
984	1198	4
984	1199	4
984	1200	4
984	1201	4
984	1204	5
984	1206	4
984	1213	4
984	1214	4
984	1220	3
984	1222	3
984	1226	5
984	1234	4
984	1237	4
984	1246	3
984	1252	5
984	1265	3
984	1272	5
984	1275	4
984	1276	4
984	1278	4
984	1283	4
984	1287	4
984	1292	4
984	1293	5
984	1333	4
984	1346	4
984	1367	3
984	1374	4
984	1387	4
984	1388	2
984	1391	2
984	1393	4
984	1394	4
984	1396	4
984	1401	4
984	1408	4
984	1438	4
984	1453	2
984	1460	1
984	1485	3
984	1488	3
984	1513	3
984	1569	4
984	1573	3
984	1580	5
984	1610	5
984	1615	3
984	1617	4
984	1641	4
984	1665	3
984	1673	4
984	1674	4
984	1702	1
984	1704	4
984	1721	4
984	1722	4
984	1727	3
984	1747	3
984	1779	3
984	1784	3
984	1792	3
984	1833	3
984	1835	3
984	1840	3
984	1882	3
984	1883	3
984	1912	4
984	1918	3
984	1923	4
984	1931	4
984	1942	4
984	1943	3
984	1947	4
984	1949	4
984	1950	4
984	1953	5
984	1954	4
984	1955	3
984	1957	4
984	1964	4
984	1994	4
984	1997	5
984	2001	3
984	2009	4
984	2011	2
984	2012	4
984	2015	4
984	2018	3
984	2019	5
984	2021	4
984	2023	3
984	2058	4
984	2074	4
984	2080	3
984	2100	4
984	2105	2
984	2110	3
984	2153	2
984	2161	2
984	2177	3
984	2183	4
984	2245	4
984	2266	4
984	2287	4
984	2289	4
984	2302	4
984	2313	3
984	2316	2
984	2322	4
984	2346	3
984	2353	4
984	2359	4
984	2395	3
984	2396	4
984	2405	3
984	2407	5
984	2424	4
984	2430	4
984	2469	4
984	2501	4
984	2520	3
984	2521	3
984	2529	4
984	2535	3
984	2539	3
984	2567	3
984	2581	4
984	2583	3
984	2640	4
984	2642	2
984	2664	4
984	2670	4
984	2672	3
984	2701	2
984	2712	2
984	2716	4
984	2722	3
984	2745	4
984	2746	3
984	2747	3
984	2763	3
984	2764	4
984	2770	4
984	2794	2
984	2795	2
984	2804	3
984	2819	5
984	2826	2
984	2829	3
984	2870	3
984	2871	4
984	2877	3
984	2881	3
984	2883	4
984	2889	4
984	2890	2
984	2912	4
984	2915	4
984	2916	4
984	2917	4
984	2919	5
984	2921	4
984	2922	3
984	2951	4
984	2953	2
984	2971	4
984	2983	4
984	2993	4
984	2997	4
984	3006	5
984	3037	3
984	3039	4
984	3062	4
984	3068	4
984	3088	4
984	3090	4
984	3093	3
984	3100	3
984	3104	4
984	3107	3
984	3114	3
984	3135	4
984	3141	3
984	3148	4
984	3157	3
984	3159	3
984	3169	4
984	3175	4
984	3178	4
984	3198	4
984	3217	3
984	3244	3
984	3247	4
984	3251	4
984	3252	3
984	3253	4
984	3255	3
984	3256	4
984	3263	3
984	3334	4
984	3359	4
984	3362	4
984	3365	4
984	3388	4
984	3406	4
984	3421	4
984	3424	4
984	3461	4
984	3467	4
984	3468	4
984	3471	5
984	3489	2
984	3506	4
984	3510	3
984	3513	4
984	3524	4
984	3527	4
984	3545	5
984	3546	3
984	3551	4
984	3552	3
984	3555	4
984	3578	4
984	3633	3
984	3634	5
984	3635	3
984	3638	3
984	3643	3
984	3649	3
984	3654	4
984	3671	3
984	3681	4
984	3684	3
984	3698	4
984	3702	4
984	3703	4
984	3733	4
984	3738	3
984	3753	3
984	3789	4
984	3793	2
984	3811	4
984	3812	3
984	3821	2
984	3836	4
984	3873	3
984	3926	3
984	3927	3
984	3932	2
984	3952	4
987	24	4
987	140	4
987	157	4
987	222	4
987	246	3
987	270	4
987	300	5
987	329	4
987	339	3
987	342	5
987	466	3
987	480	3
987	500	4
987	515	5
987	593	4
987	605	5
987	608	5
987	838	4
987	858	3
987	914	4
987	924	4
987	953	3
987	969	4
987	1020	5
987	1088	3
987	1092	3
987	1096	4
987	1126	3
987	1136	4
987	1198	5
987	1225	5
987	1238	5
987	1265	5
987	1356	4
987	1363	4
987	1393	4
987	1396	5
987	1457	4
987	1484	5
987	1485	4
987	1542	4
987	1569	4
987	1580	5
987	1648	5
987	1674	5
987	1784	5
987	1875	5
987	1918	4
987	1957	5
987	1962	5
987	2011	4
987	2012	3
987	2208	4
987	2248	5
987	2262	3
987	2312	5
987	2359	4
987	2405	3
987	2407	3
987	2426	4
987	2442	3
987	2469	5
987	2529	3
987	2640	4
987	2690	3
987	2693	5
987	2716	4
987	2915	4
987	3072	4
987	3094	5
987	3176	5
987	3244	4
987	3255	4
987	3418	5
987	3471	3
987	3478	3
987	3538	5
987	3552	3
987	3638	1
987	3708	1
1008	111	4
1008	785	4
1008	909	4
1008	968	4
1008	1079	5
1008	1136	5
1008	1214	4
1008	1276	5
1008	1394	4
1008	1401	3
1008	1513	4
1008	2369	3
1008	2395	3
1008	2701	3
1008	2716	4
1008	2770	3
1008	2997	4
1008	3037	5
1008	3175	3
1008	3354	2
1008	3421	5
1008	3424	4
1008	3671	5
1008	3753	4
1013	735	4
1013	910	5
1013	911	4
1013	915	4
1013	934	4
1013	952	5
1013	1394	4
1013	1580	3
1013	1641	3
1013	1883	3
1013	1916	4
1013	2081	4
1013	2390	5
1013	2795	5
1013	2997	5
1013	3061	4
1013	3088	4
1013	3114	5
1013	3157	5
1013	3255	4
1013	3608	1
1013	3928	4
1016	5	3
1016	10	3
1016	17	5
1016	28	5
1016	105	3
1016	158	3
1016	235	5
1016	300	4
1016	318	4
1016	339	4
1016	342	4
1016	348	4
1016	357	4
1016	457	3
1016	497	5
1016	500	4
1016	527	5
1016	587	4
1016	608	4
1016	728	4
1016	986	4
1016	1057	4
1016	1094	3
1016	1246	3
1016	1271	4
1016	1356	4
1016	1372	3
1016	1408	4
1016	1449	5
1016	1457	3
1016	1485	3
1016	1513	3
1016	1569	4
1016	1571	3
1016	1617	5
1016	1633	5
1016	1704	4
1016	1727	4
1016	1834	4
1016	1883	3
1016	1896	3
1016	1923	5
1016	1953	5
1016	2046	4
1016	2112	4
1016	2171	4
1016	2266	3
1016	2336	4
1016	2391	4
1016	2395	2
1016	2396	5
1016	2424	3
1016	2583	4
1016	2617	4
1016	2692	4
1016	2708	4
1016	2770	3
1016	2829	4
1016	2997	4
1016	3006	4
1016	3072	4
1016	3100	4
1016	3114	5
1016	3125	5
1016	3148	4
1016	3159	3
1016	3176	3
1016	3256	4
1016	3317	5
1016	3450	3
1016	3893	3
1016	3952	4
1026	110	3
1026	211	4
1026	454	2
1026	922	2
1026	942	5
1026	1252	5
1026	1617	5
1026	2203	5
1026	3185	5
1026	3317	5
1026	3510	4
1026	3570	5
1026	3578	4
1026	3598	4
1026	3720	3
1026	3746	5
1026	3783	4
1026	3855	4
1026	3883	3
1026	3902	5
1026	3952	3
1027	36	4
1027	110	4
1027	111	4
1027	282	4
1027	296	4
1027	318	4
1027	527	5
1027	529	4
1027	593	4
1027	858	5
1027	1193	5
1027	1213	4
1027	1225	4
1027	1228	5
1027	1242	3
1027	2712	4
1027	3450	4
1027	3513	3
1027	3515	1
1027	3753	3
1030	20	3
1030	70	4
1030	95	1
1030	110	5
1030	153	4
1030	163	3
1030	173	3
1030	329	4
1030	379	3
1030	434	3
1030	457	4
1030	480	4
1030	653	3
1030	736	4
1030	786	3
1030	798	1
1030	836	1
1030	940	3
1030	1198	5
1030	1200	5
1030	1201	4
1030	1214	5
1030	1220	3
1030	1242	4
1030	1278	5
1030	1356	4
1030	1373	4
1030	1374	5
1030	1387	4
1030	1388	3
1030	1391	4
1030	1394	4
1030	1408	4
1030	1438	2
1030	1562	4
1030	1573	4
1030	1580	2
1030	1610	4
1030	1687	3
1030	1792	3
1030	1833	3
1030	1882	3
1030	1917	3
1030	1918	4
1030	1954	5
1030	2058	3
1030	2105	5
1030	2153	1
1030	2353	5
1030	2396	5
1030	2410	3
1030	2411	3
1030	2529	5
1030	2531	4
1030	2532	4
1030	2533	5
1030	2617	4
1030	2640	4
1030	2642	2
1030	2916	3
1030	2951	5
1030	2986	3
1030	2993	4
1030	3020	5
1030	3104	5
1030	3107	4
1030	3114	3
1030	3274	3
1030	3418	4
1030	3421	4
1030	3438	4
1030	3555	3
1030	3578	4
1030	3635	3
1030	3638	4
1030	3697	3
1030	3702	4
1030	3704	5
1030	3744	2
1030	3753	1
1030	3793	4
1034	317	3
1034	477	3
1034	480	3
1034	587	4
1034	588	4
1034	590	4
1034	595	4
1034	905	5
1034	907	4
1034	908	5
1034	915	4
1034	918	5
1034	922	5
1034	924	3
1034	931	4
1034	933	4
1034	934	5
1034	940	5
1034	942	5
1034	943	4
1034	945	4
1034	947	5
1034	948	4
1034	953	5
1034	956	4
1034	969	4
1034	971	4
1034	974	4
1034	1013	4
1034	1019	4
1034	1024	3
1034	1025	3
1034	1030	2
1034	1031	3
1034	1066	4
1034	1083	3
1034	1086	4
1034	1088	4
1034	1198	5
1034	1201	1
1034	1204	5
1034	1225	4
1034	1226	4
1034	1228	1
1034	1234	4
1034	1242	4
1034	1246	4
1034	1272	5
1034	1283	3
1034	1286	4
1034	1287	4
1034	1333	1
1034	1340	4
1034	1374	3
1034	1388	3
1034	1408	4
1034	1617	3
1034	1721	5
1034	1722	4
1034	1784	3
1034	1925	5
1034	1931	4
1034	1932	4
1034	1935	4
1034	1954	4
1034	1957	4
1034	1962	4
1034	1964	4
1034	2012	3
1034	2018	5
1034	2035	3
1034	2037	4
1034	2057	4
1034	2059	4
1034	2078	4
1034	2080	4
1034	2081	4
1034	2095	3
1034	2100	4
1034	2105	3
1034	2110	4
1034	2123	3
1034	2183	4
1034	2203	3
1034	2204	4
1034	2205	3
1034	2278	1
1034	2312	4
1034	2336	4
1034	2346	3
1034	2353	3
1034	2396	5
1034	2410	3
1034	2411	3
1034	2424	3
1034	2429	3
1034	2433	3
1034	2468	4
1034	2490	1
1034	2530	3
1034	2567	2
1034	2574	1
1034	2581	4
1034	2617	4
1034	2640	4
1034	2642	3
1034	2701	2
1034	2709	3
1034	2716	4
1034	2719	2
1034	2763	4
1034	2846	3
1034	2870	4
1034	2881	4
1034	2917	3
1034	2935	5
1034	2937	4
1034	2950	2
1034	2990	4
1034	3034	4
1034	3061	4
1034	3072	4
1034	3086	3
1034	3114	4
1034	3122	3
1034	3148	3
1034	3159	4
1034	3175	3
1034	3185	5
1034	3196	4
1034	3217	5
1034	3244	4
1034	3251	1
1034	3326	2
1034	3334	3
1034	3345	4
1034	3354	2
1034	3359	4
1034	3447	4
1034	3471	4
1034	3506	4
1034	3513	3
1034	3515	1
1034	3545	4
1034	3546	1
1034	3552	2
1034	3555	4
1034	3578	4
1034	3615	3
1034	3638	4
1034	3649	2
1034	3654	4
1034	3675	4
1034	3685	4
1034	3736	1
1034	3753	4
1034	3792	4
1034	3793	2
1034	3798	3
1034	3807	3
1034	3821	2
1034	3824	2
1034	3844	4
1041	246	5
1041	457	3
1041	480	2
1041	608	5
1041	858	5
1041	903	5
1041	910	4
1041	940	4
1041	1041	4
1041	1131	5
1041	1176	5
1041	1189	4
1041	1202	3
1041	1213	5
1041	1225	4
1041	1251	5
1041	1288	4
1041	1446	5
1041	1533	4
1041	1957	3
1041	1963	5
1041	1964	4
1041	2204	4
1041	2369	4
1041	2535	4
1041	2624	4
1041	2664	4
1041	2732	4
1041	2770	4
1041	2871	4
1041	2922	2
1041	2997	5
1041	3019	5
1041	3077	5
1041	3169	4
1041	3196	5
1041	3468	5
1041	3634	4
1041	3736	4
1041	3783	5
1041	3823	4
1043	6	4
1043	296	4
1043	425	5
1043	608	3
1043	1084	5
1043	1171	3
1043	1213	5
1043	1227	4
1043	1466	4
1043	1673	5
1043	2130	5
1043	2391	2
1043	3104	5
1043	3362	3
1043	3579	2
1046	317	3
1046	480	3
1046	901	5
1046	910	4
1046	915	4
1046	916	4
1046	933	5
1046	1198	5
1046	1580	4
1046	1721	4
1046	2080	3
1046	2915	3
1046	2916	5
1046	2951	4
1046	3175	4
1046	3269	4
1062	34	4
1062	111	5
1062	262	4
1062	458	5
1062	480	3
1062	588	5
1062	590	5
1062	593	4
1062	595	5
1062	608	5
1062	858	5
1062	903	5
1062	908	4
1062	910	5
1062	922	5
1062	926	4
1062	982	5
1062	1079	4
1062	1083	3
1062	1084	5
1062	1094	5
1062	1104	5
1062	1178	5
1062	1193	5
1062	1201	5
1062	1206	5
1062	1220	5
1062	1230	5
1062	1234	4
1062	1251	5
1062	1252	5
1062	1265	5
1062	1276	5
1062	1278	4
1062	1283	5
1062	1289	5
1062	1292	5
1062	1293	4
1062	1394	5
1062	1580	3
1062	1617	5
1062	1641	5
1062	1660	4
1062	1673	5
1062	1923	5
1062	1957	4
1062	1964	5
1062	2018	5
1062	2100	3
1062	2132	5
1062	2245	4
1062	2248	4
1062	2302	4
1062	2396	5
1062	2407	4
1062	2469	4
1062	2501	5
1062	2539	3
1062	2716	4
1062	2729	5
1062	2747	4
1062	2804	5
1062	2870	4
1062	2908	5
1062	2971	4
1062	2997	5
1062	3006	5
1062	3037	5
1062	3068	5
1062	3072	4
1062	3088	5
1062	3093	5
1062	3255	4
1062	3263	3
1062	3308	4
1062	3334	4
1062	3362	5
1062	3365	4
1062	3424	5
1062	3467	5
1062	3468	5
1062	3471	4
1062	3501	5
1062	3649	4
1062	3685	5
1062	3702	4
1062	3733	4
1062	3753	3
1062	3873	4
1064	70	3
1064	110	5
1064	161	2
1064	296	4
1064	318	4
1064	465	2
1064	480	4
1064	493	3
1064	590	4
1064	608	4
1064	1059	4
1064	1183	2
1064	1198	4
1064	1214	3
1064	1242	5
1064	1363	3
1064	1393	5
1064	1466	4
1064	1580	4
1064	1617	5
1064	1704	5
1064	1721	3
1064	1729	4
1064	1784	4
1064	2058	4
1064	2248	4
1064	2272	3
1064	2353	4
1064	2374	4
1064	2396	4
1064	2712	4
1064	2763	4
1064	2890	4
1064	2997	4
1064	3053	4
1064	3176	3
1064	3326	4
1064	3418	4
1064	3424	3
1064	3452	3
1064	3555	4
1064	3578	3
1064	3579	3
1064	3753	4
1064	3793	4
1064	3824	3
1065	17	5
1065	35	3
1065	110	3
1065	144	5
1065	151	5
1065	222	3
1065	247	4
1065	293	5
1065	339	4
1065	342	3
1065	357	5
1065	497	5
1065	587	4
1065	838	5
1065	908	3
1065	1059	4
1065	1094	4
1065	1265	3
1065	1393	3
1065	1441	4
1065	1498	3
1065	1542	4
1065	1569	4
1065	1617	5
1065	1639	5
1065	1673	4
1065	1684	3
1065	1722	2
1065	1835	3
1065	1888	3
1065	2125	4
1065	2171	5
1065	2316	4
1065	2396	4
1065	2424	2
1065	2558	3
1065	2620	3
1065	2692	5
1065	3753	4
1065	3880	5
1065	3910	4
1066	105	3
1066	236	2
1066	339	2
1066	480	4
1066	587	4
1066	590	5
1066	736	4
1066	783	3
1066	914	4
1066	915	5
1066	916	4
1066	924	4
1066	969	4
1066	1057	2
1066	1088	4
1066	1092	5
1066	1094	2
1066	1183	4
1066	1198	4
1066	1204	5
1066	1230	4
1066	1265	5
1066	1290	4
1066	1356	2
1066	1393	4
1066	1396	4
1066	1457	4
1066	1580	4
1066	1617	5
1066	1673	2
1066	1721	5
1066	1783	4
1066	1892	4
1066	1947	5
1066	2100	3
1066	2184	1
1066	2266	2
1066	2316	3
1066	2369	4
1066	2396	5
1066	2746	4
1066	2971	4
1066	3146	1
1066	3176	2
1066	3244	4
1066	3269	3
1066	3510	4
1066	3524	2
1066	3545	2
1066	3555	3
1066	3668	4
1066	3684	2
1066	3685	2
1066	3712	4
1066	3753	4
1066	3874	2
1066	3893	4
1066	3927	2
1067	28	4
1067	36	4
1067	111	4
1067	232	4
1067	247	4
1067	296	5
1067	318	3
1067	480	4
1067	506	5
1067	527	5
1067	593	5
1067	608	5
1067	780	3
1067	924	5
1067	1136	4
1067	1199	4
1067	1206	5
1067	1214	4
1067	1230	4
1067	1242	3
1067	1252	4
1067	1265	4
1067	1277	3
1067	1292	4
1067	1411	4
1067	1580	3
1067	1617	4
1067	1673	4
1067	1699	5
1067	2010	3
1067	2664	3
1067	2692	5
1067	2997	5
1067	3022	5
1067	3114	3
1067	3175	3
1067	3471	4
1067	3515	4
1067	3702	4
1067	3703	3
1067	3753	2
1067	3910	5
1067	3926	3
1076	34	4
1076	203	4
1076	351	1
1076	357	1
1076	500	4
1076	587	5
1076	588	4
1076	671	4
1076	1020	3
1076	1096	3
1076	1230	1
1076	1747	1
1076	1784	1
1076	2023	3
1076	2302	4
1076	2860	4
1076	3175	5
1076	3247	2
1076	3253	4
1076	3869	2
1080	36	5
1080	480	5
1080	1382	4
1080	1580	5
1080	1949	5
1080	1972	1
1080	2212	5
1080	2313	5
1080	2548	2
1080	2624	4
1080	2640	5
1080	2651	5
1080	3093	2
1080	3354	3
1080	3450	4
1080	3555	4
1080	3678	5
1080	3927	5
1080	3928	5
1081	110	3
1081	151	4
1081	293	5
1081	296	4
1081	608	5
1081	662	3
1081	866	4
1081	1094	5
1081	1213	5
1081	1573	4
1081	1673	5
1081	1923	4
1081	2396	5
1081	2716	5
1081	2997	5
1081	3424	4
1089	6	4
1089	34	4
1089	161	4
1089	293	3
1089	373	4
1089	457	4
1089	593	5
1089	608	4
1089	780	3
1089	788	4
1089	866	4
1089	968	4
1089	1214	5
1089	1215	4
1089	1258	3
1089	1278	4
1089	1333	5
1089	1340	4
1089	1356	4
1089	1372	3
1089	1387	5
1089	1573	4
1089	1580	4
1089	1610	4
1089	1617	4
1089	1982	3
1089	1997	5
1089	2159	4
1089	2278	3
1089	2391	4
1089	2456	4
1089	2600	3
1089	2664	4
1089	2716	4
1089	2916	5
1089	2951	5
1089	3175	3
1089	3267	3
1089	3476	3
1089	3727	4
1089	3728	4
1093	6	4
1093	110	4
1093	457	4
1093	858	3
1093	940	3
1093	953	1
1093	1198	3
1093	1200	3
1093	1201	4
1093	1214	4
1093	1222	1
1093	1242	4
1093	1287	4
1093	1374	3
1093	1387	2
1093	1408	4
1093	1573	4
1093	1580	4
1093	1953	4
1093	2019	3
1093	2278	3
1093	2353	5
1093	2763	3
1093	2916	4
1093	2951	4
1093	2990	2
1093	2993	4
1093	3107	4
1093	3256	4
1093	3404	4
1093	3555	4
1093	3578	5
1093	3635	2
1093	3654	4
1093	3702	4
1093	3703	4
1093	3753	5
1093	3836	4
1099	6	3
1099	10	3
1099	36	3
1099	42	2
1099	52	3
1099	89	2
1099	95	1
1099	110	4
1099	153	1
1099	161	3
1099	246	4
1099	293	5
1099	296	5
1099	300	3
1099	329	3
1099	434	3
1099	457	3
1099	466	2
1099	480	4
1099	494	1
1099	527	5
1099	529	3
1099	548	1
1099	593	5
1099	608	5
1099	653	4
1099	728	3
1099	736	1
1099	780	3
1099	786	3
1099	849	2
1099	866	5
1099	903	5
1099	908	5
1099	910	4
1099	1041	5
1099	1060	5
1099	1084	5
1099	1104	5
1099	1178	5
1099	1183	3
1099	1193	5
1099	1213	5
1099	1215	4
1099	1228	5
1099	1230	5
1099	1252	5
1099	1265	4
1099	1356	3
1099	1357	4
1099	1372	4
1099	1391	4
1099	1408	2
1099	1480	2
1099	1562	1
1099	1573	1
1099	1580	4
1099	1610	4
1099	1617	5
1099	1639	5
1099	1641	4
1099	1690	1
1099	1704	4
1099	1722	4
1099	1729	4
1099	1914	4
1099	1917	1
1099	1918	1
1099	1923	4
1099	2023	3
1099	2058	3
1099	2353	3
1099	2359	5
1099	2391	5
1099	2395	4
1099	2396	3
1099	2580	4
1099	2600	4
1099	2726	5
1099	2763	2
1099	2908	5
1099	2916	3
1099	2997	5
1099	3006	4
1099	3020	4
1099	3107	3
1099	3196	4
1099	3256	3
1099	3274	1
1099	3418	4
1099	3467	5
1099	3499	3
1099	3858	4
1099	3952	4
1103	17	5
1103	28	4
1103	215	4
1103	222	4
1103	270	2
1103	339	3
1103	357	3
1103	446	3
1103	838	3
1103	987	4
1103	1258	4
1103	1333	5
1103	1339	2
1103	1357	2
1103	1387	5
1103	1393	5
1103	1617	4
1103	1639	4
1103	1721	3
1103	1788	3
1103	1906	3
1103	1912	4
1103	2506	3
1103	2708	3
1103	2716	4
1103	2976	2
1103	3418	4
1103	3476	3
1103	3499	4
1103	3578	4
1103	3874	1
1107	34	5
1107	186	3
1107	276	3
1107	317	4
1107	342	3
1107	351	3
1107	357	4
1107	378	2
1107	587	4
1107	728	4
1107	830	4
1107	838	4
1107	1042	4
1107	1057	3
1107	1265	4
1107	1449	5
1107	1513	3
1107	1569	4
1107	1580	5
1107	1617	5
1107	1641	4
1107	1747	4
1107	1784	5
1107	1888	3
1107	1923	4
1107	2302	4
1107	2359	4
1107	2396	5
1107	2424	4
1107	2567	4
1107	2581	3
1107	2629	3
1107	2829	4
1107	3247	4
1107	3450	3
1107	3712	3
1120	10	4
1120	19	3
1120	24	3
1120	26	3
1120	34	4
1120	44	2
1120	65	4
1120	70	1
1120	95	3
1120	105	3
1120	110	5
1120	111	4
1120	153	3
1120	157	4
1120	158	4
1120	173	1
1120	180	5
1120	181	3
1120	186	3
1120	203	4
1120	231	4
1120	235	4
1120	243	3
1120	256	2
1120	277	3
1120	282	3
1120	296	3
1120	303	3
1120	312	4
1120	317	4
1120	318	5
1120	325	4
1120	329	3
1120	333	4
1120	339	4
1120	355	4
1120	379	1
1120	410	4
1120	413	3
1120	419	4
1120	429	3
1120	432	3
1120	441	4
1120	454	4
1120	466	4
1120	480	4
1120	489	2
1120	494	2
1120	500	3
1120	505	5
1120	518	3
1120	527	5
1120	532	4
1120	533	3
1120	535	4
1120	536	4
1120	546	3
1120	558	3
1120	587	4
1120	588	5
1120	590	4
1120	593	5
1120	595	5
1120	608	5
1120	610	3
1120	653	2
1120	671	5
1120	709	3
1120	720	5
1120	736	2
1120	743	3
1120	780	3
1120	783	5
1120	784	4
1120	805	4
1120	837	4
1120	858	5
1120	910	5
1120	914	5
1120	922	5
1120	924	5
1120	926	4
1120	932	3
1120	934	4
1120	938	4
1120	940	4
1120	943	4
1120	953	5
1120	969	5
1120	986	4
1120	1008	3
1120	1013	4
1120	1014	4
1120	1015	4
1120	1017	4
1120	1019	4
1120	1020	3
1120	1025	4
1120	1028	4
1120	1029	4
1120	1030	2
1120	1031	3
1120	1032	5
1120	1042	5
1120	1059	4
1120	1060	4
1120	1079	5
1120	1084	4
1120	1091	3
1120	1104	5
1120	1126	2
1120	1136	4
1120	1193	4
1120	1198	4
1120	1199	5
1120	1200	5
1120	1201	2
1120	1204	5
1120	1214	5
1120	1215	4
1120	1220	4
1120	1223	5
1120	1225	5
1120	1228	4
1120	1230	5
1120	1234	5
1120	1242	4
1120	1246	5
1120	1252	5
1120	1257	5
1120	1261	4
1120	1265	4
1120	1271	4
1120	1272	5
1120	1278	5
1120	1286	4
1120	1288	4
1120	1292	5
1120	1293	5
1120	1297	4
1120	1356	4
1120	1357	4
1120	1366	3
1120	1367	3
1120	1372	5
1120	1373	4
1120	1374	3
1120	1387	4
1120	1391	4
1120	1393	4
1120	1394	5
1120	1396	4
1120	1407	5
1120	1408	2
1120	1425	3
1120	1431	3
1120	1457	4
1120	1464	3
1120	1466	4
1120	1485	4
1120	1513	4
1120	1562	1
1120	1566	3
1120	1569	4
1120	1573	4
1120	1580	4
1120	1583	3
1120	1590	3
1120	1610	5
1120	1617	5
1120	1633	4
1120	1639	5
1120	1641	4
1120	1665	3
1120	1688	4
1120	1690	2
1120	1702	3
1120	1704	4
1120	1721	3
1120	1722	4
1120	1747	4
1120	1760	1
1120	1784	5
1120	1835	2
1120	1862	2
1120	1882	2
1120	1883	5
1120	1895	2
1120	1917	1
1120	1918	2
1120	1920	3
1120	1923	4
1120	1924	3
1120	1927	3
1120	1947	5
1120	1950	5
1120	1954	4
1120	1967	4
1120	1982	4
1120	2001	4
1120	2004	4
1120	2009	4
1120	2011	4
1120	2012	4
1120	2015	4
1120	2018	5
1120	2023	4
1120	2038	4
1120	2041	2
1120	2045	4
1120	2046	3
1120	2047	4
1120	2050	3
1120	2053	3
1120	2057	2
1120	2059	4
1120	2072	3
1120	2077	3
1120	2078	4
1120	2080	4
1120	2081	5
1120	2083	4
1120	2093	4
1120	2100	3
1120	2102	5
1120	2105	4
1120	2123	3
1120	2125	4
1120	2132	5
1120	2142	3
1120	2143	4
1120	2153	2
1120	2161	5
1120	2193	4
1120	2249	4
1120	2252	4
1120	2261	4
1120	2266	4
1120	2316	3
1120	2336	5
1120	2380	4
1120	2382	4
1120	2395	4
1120	2396	5
1120	2399	3
1120	2405	4
1120	2407	4
1120	2424	4
1120	2437	4
1120	2461	2
1120	2471	3
1120	2490	2
1120	2529	5
1120	2530	4
1120	2531	4
1120	2533	4
1120	2539	4
1120	2574	3
1120	2600	2
1120	2617	3
1120	2640	5
1120	2642	2
1120	2693	5
1120	2701	1
1120	2709	4
1120	2714	4
1120	2716	4
1120	2746	4
1120	2761	5
1120	2770	4
1120	2788	5
1120	2794	3
1120	2798	3
1120	2804	5
1120	2846	4
1120	2866	5
1120	2874	3
1120	2890	5
1120	2915	3
1120	2916	3
1120	2950	3
1120	2953	2
1120	2990	4
1120	2993	4
1120	2997	5
1120	3006	4
1120	3022	5
1120	3031	4
1120	3033	5
1120	3034	4
1120	3037	4
1120	3039	4
1120	3072	5
1120	3088	5
1120	3100	3
1120	3107	3
1120	3114	5
1120	3148	3
1120	3159	5
1120	3175	5
1120	3176	5
1120	3213	4
1120	3214	4
1120	3243	3
1120	3244	5
1120	3247	5
1120	3252	4
1120	3253	4
1120	3255	4
1120	3269	4
1120	3317	5
1120	3359	4
1120	3388	3
1120	3398	4
1120	3421	4
1120	3429	5
1120	3438	4
1120	3450	4
1120	3466	3
1120	3471	5
1120	3479	3
1120	3489	4
1120	3499	5
1120	3500	4
1120	3527	3
1120	3545	5
1120	3551	4
1120	3608	4
1120	3638	2
1120	3668	4
1120	3671	5
1120	3675	4
1120	3698	1
1120	3702	3
1120	3733	5
1120	3745	4
1120	3793	4
1120	3812	4
1120	3869	3
1120	3877	3
1120	3893	3
1131	111	5
1131	296	5
1131	318	5
1131	480	4
1131	527	5
1131	903	5
1131	908	5
1131	909	5
1131	910	4
1131	931	5
1131	959	4
1131	1104	5
1131	1136	5
1131	1161	5
1131	1198	5
1131	1200	5
1131	1201	4
1131	1204	5
1131	1213	4
1131	1214	5
1131	1228	5
1131	1230	5
1131	1252	5
1131	1265	5
1131	1293	5
1131	1340	5
1131	1411	5
1131	1535	4
1131	1594	4
1131	1617	5
1131	1649	5
1131	1949	5
1131	2019	5
1131	2130	5
1131	2132	5
1131	2336	5
1131	2612	5
1131	2731	5
1131	2788	5
1131	2871	5
1131	2904	5
1131	2983	5
1131	3006	4
1131	3198	5
1131	3475	4
1131	3634	5
1131	3789	5
1131	3811	5
1133	22	3
1133	34	4
1133	42	3
1133	70	3
1133	110	5
1133	111	5
1133	144	4
1133	153	1
1133	161	4
1133	170	3
1133	198	4
1133	247	2
1133	293	4
1133	296	4
1133	318	5
1133	379	1
1133	434	1
1133	466	3
1133	480	4
1133	527	5
1133	555	5
1133	593	4
1133	608	4
1133	707	2
1133	780	4
1133	858	5
1133	866	3
1133	908	5
1133	924	5
1133	998	2
1133	999	2
1133	1034	2
1133	1084	4
1133	1126	1
1133	1183	3
1133	1193	5
1133	1200	4
1133	1213	5
1133	1222	5
1133	1225	3
1133	1242	4
1133	1261	5
1133	1352	4
1133	1391	2
1133	1466	3
1133	1501	1
1133	1562	1
1133	1580	4
1133	1598	1
1133	1617	3
1133	1647	2
1133	1670	3
1133	1699	3
1133	1704	3
1133	1729	2
1133	1918	2
1133	1970	2
1133	1972	1
1133	1973	1
1133	1986	2
1133	2001	3
1133	2159	2
1133	2278	3
1133	2280	3
1133	2389	2
1133	2391	4
1133	2456	2
1133	2568	3
1133	2580	4
1133	2726	3
1133	2804	4
1133	2815	2
1133	2890	5
1133	2912	3
1133	2986	2
1133	3006	4
1133	3019	3
1133	3178	4
1133	3247	1
1133	3272	3
1133	3354	4
1133	3552	4
1133	3555	2
1133	3924	1
1134	10	5
1134	110	5
1134	111	5
1134	151	5
1134	296	5
1134	303	4
1134	318	5
1134	480	3
1134	590	5
1134	593	4
1134	608	5
1134	671	4
1134	858	5
1134	924	5
1134	940	5
1134	1017	3
1134	1094	2
1134	1104	5
1134	1178	5
1134	1193	5
1134	1198	5
1134	1204	5
1134	1206	5
1134	1213	5
1134	1222	4
1134	1228	5
1134	1230	5
1134	1242	4
1134	1252	5
1134	1265	5
1134	1275	2
1134	1287	4
1134	1288	5
1134	1378	5
1134	1379	4
1134	1408	5
1134	1411	4
1134	1580	3
1134	1617	5
1134	1699	5
1134	1753	2
1134	1912	4
1134	1949	4
1134	2011	5
1134	2161	3
1134	2193	4
1134	2248	5
1134	2329	5
1134	2359	5
1134	2396	5
1134	2405	2
1134	2640	5
1134	2692	5
1134	2871	3
1134	2890	5
1134	2921	5
1134	3158	5
1134	3365	5
1134	3438	2
1134	3499	4
1134	3508	5
1134	3527	3
1134	3671	5
1134	3681	5
1134	3698	3
1134	3702	5
1134	3753	2
1134	3793	4
1137	6	4
1137	17	4
1137	24	4
1137	34	5
1137	36	4
1137	71	2
1137	110	4
1137	144	4
1137	151	4
1137	161	3
1137	201	3
1137	235	4
1137	246	3
1137	247	4
1137	250	3
1137	262	5
1137	277	5
1137	296	2
1137	299	2
1137	300	4
1137	307	3
1137	318	5
1137	342	5
1137	348	4
1137	357	5
1137	373	4
1137	425	3
1137	457	5
1137	480	4
1137	497	5
1137	500	5
1137	515	3
1137	527	3
1137	529	4
1137	590	3
1137	593	5
1137	595	5
1137	608	5
1137	628	4
1137	858	4
1137	866	5
1137	903	5
1137	908	5
1137	909	5
1137	914	4
1137	916	5
1137	922	3
1137	924	5
1137	929	4
1137	931	5
1137	932	3
1137	933	4
1137	942	5
1137	953	5
1137	969	4
1137	1028	5
1137	1029	4
1137	1060	5
1137	1079	4
1137	1086	5
1137	1096	3
1137	1104	3
1137	1136	4
1137	1193	4
1137	1198	4
1137	1199	3
1137	1200	5
1137	1204	4
1137	1206	3
1137	1213	4
1137	1214	4
1137	1222	4
1137	1225	2
1137	1230	5
1137	1234	5
1137	1242	5
1137	1246	5
1137	1252	4
1137	1258	5
1137	1265	5
1137	1271	5
1137	1286	3
1137	1287	4
1137	1288	5
1137	1292	5
1137	1293	4
1137	1331	4
1137	1333	5
1137	1356	3
1137	1366	5
1137	1374	3
1137	1387	3
1137	1393	5
1137	1394	5
1137	1407	5
1137	1411	3
1137	1414	4
1137	1441	3
1137	1449	4
1137	1466	4
1137	1485	3
1137	1513	4
1137	1610	3
1137	1617	5
1137	1639	5
1137	1648	5
1137	1660	3
1137	1674	5
1137	1704	3
1137	1784	5
1137	1834	4
1137	1912	4
1137	1923	4
1137	1947	5
1137	1950	5
1137	1954	4
1137	1955	4
1137	1962	5
1137	1963	4
1137	1964	5
1137	1982	5
1137	1994	5
1137	1997	3
1137	2001	3
1137	2018	5
1137	2078	4
1137	2080	4
1137	2083	5
1137	2093	4
1137	2112	4
1137	2118	4
1137	2132	3
1137	2161	5
1137	2178	4
1137	2181	5
1137	2201	4
1137	2202	5
1137	2203	5
1137	2204	4
1137	2208	5
1137	2210	4
1137	2212	4
1137	2241	2
1137	2245	5
1137	2248	5
1137	2311	4
1137	2313	3
1137	2318	4
1137	2329	5
1137	2336	3
1137	2359	5
1137	2369	3
1137	2391	5
1137	2395	2
1137	2396	5
1137	2433	2
1137	2485	2
1137	2490	2
1137	2501	4
1137	2546	3
1137	2574	2
1137	2580	4
1137	2581	3
1137	2583	4
1137	2598	4
1137	2629	2
1137	2664	4
1137	2672	2
1137	2690	4
1137	2701	1
1137	2712	2
1137	2714	3
1137	2716	4
1137	2719	3
1137	2722	4
1137	2729	2
1137	2734	3
1137	2739	4
1137	2763	4
1137	2769	4
1137	2771	3
1137	2804	5
1137	2819	3
1137	2840	1
1137	2842	3
1137	2871	4
1137	2881	2
1137	2908	5
1137	2912	4
1137	2915	3
1137	2916	4
1137	2917	4
1137	2976	2
1137	2979	2
1137	2995	3
1137	2997	5
1137	3005	3
1137	3006	4
1137	3039	4
1137	3051	2
1137	3053	2
1137	3072	5
1137	3075	5
1137	3110	3
1137	3114	5
1137	3118	4
1137	3128	3
1137	3159	4
1137	3176	4
1137	3178	4
1137	3185	3
1137	3203	4
1137	3211	4
1137	3219	4
1137	3238	3
1137	3251	3
1137	3252	4
1137	3253	3
1137	3255	4
1137	3267	5
1137	3281	5
1137	3300	2
1137	3317	4
1137	3325	3
1137	3354	3
1137	3362	5
1137	3405	3
1137	3409	3
1137	3418	5
1137	3420	3
1137	3424	4
1137	3471	5
1137	3505	4
1137	3510	3
1137	3513	3
1137	3515	4
1137	3527	3
1137	3537	4
1137	3538	4
1137	3540	4
1137	3551	4
1137	3555	3
1137	3578	5
1137	3594	3
1137	3616	1
1137	3618	3
1137	3646	2
1137	3671	4
1137	3675	4
1137	3709	3
1137	3744	2
1137	3745	4
1137	3747	2
1137	3753	3
1137	3754	3
1137	3786	5
1137	3793	4
1137	3797	3
1137	3798	4
1137	3821	3
1137	3824	2
1137	3857	2
1137	3858	4
1137	3879	3
1137	3882	2
1137	3884	2
1137	3893	4
1137	3896	3
1137	3900	2
1137	3906	3
1137	3910	5
1137	3912	3
1137	3952	4
1139	10	2
1139	22	4
1139	24	4
1139	36	3
1139	42	4
1139	110	4
1139	144	4
1139	145	1
1139	231	1
1139	246	4
1139	293	4
1139	296	4
1139	318	5
1139	357	3
1139	376	2
1139	408	4
1139	443	3
1139	454	4
1139	466	1
1139	480	3
1139	494	4
1139	497	3
1139	511	3
1139	515	4
1139	527	5
1139	529	5
1139	587	4
1139	590	5
1139	593	5
1139	608	5
1139	785	4
1139	805	5
1139	999	3
1139	1042	3
1139	1063	3
1139	1094	5
1139	1183	3
1139	1265	5
1139	1393	4
1139	1396	5
1139	1408	3
1139	1411	3
1139	1569	3
1139	1580	4
1139	1610	5
1139	1617	5
1139	1633	5
1139	1673	4
1139	1704	5
1139	1721	4
1139	1727	4
1139	1729	4
1139	1747	3
1139	1784	5
1139	1788	5
1139	1834	4
1139	1840	3
1139	1883	5
1139	1923	3
1139	2112	5
1139	2252	4
1139	2278	3
1139	2302	4
1139	2353	3
1139	2391	5
1139	2396	4
1139	2433	5
1139	2501	5
1139	2539	5
1139	2712	4
1139	2761	4
1139	2890	5
1139	2997	4
1139	3006	5
1139	3100	3
1139	3107	3
1139	3159	3
1139	3175	4
1139	3178	5
1139	3252	5
1139	3255	3
1139	3256	4
1139	3317	5
1139	3450	3
1139	3466	4
1139	3578	4
1139	3793	3
1143	231	3
1143	858	4
1143	914	5
1143	924	4
1143	1006	5
1143	1028	3
1143	1084	4
1143	1198	5
1143	1204	5
1143	1234	5
1143	1265	5
1143	1271	4
1143	1276	4
1143	1387	4
1143	1610	5
1143	1646	2
1143	1949	5
1143	1957	5
1143	2739	4
1143	2764	5
1143	2983	4
1143	3681	4
1143	3733	5
1143	3873	4
1144	110	4
1144	144	5
1144	300	5
1144	480	4
1144	537	3
1144	908	5
1144	1580	3
1144	1673	4
1144	3538	5
1144	3555	3
1144	3753	2
1152	10	2
1152	44	2
1152	110	5
1152	111	5
1152	153	3
1152	158	2
1152	303	2
1152	480	4
1152	546	2
1152	590	2
1152	653	3
1152	736	2
1152	741	5
1152	788	3
1152	798	2
1152	810	1
1152	849	2
1152	858	4
1152	986	2
1152	1183	2
1152	1199	5
1152	1206	5
1152	1214	4
1152	1215	3
1152	1228	5
1152	1258	5
1152	1387	3
1152	1419	5
1152	1499	2
1152	1525	3
1152	1562	1
1152	1566	1
1152	1573	4
1152	1580	1
1152	1595	1
1152	1605	2
1152	1702	1
1152	1744	1
1152	1779	2
1152	1867	1
1152	1882	1
1152	1917	1
1152	1954	4
1152	1982	2
1152	1997	4
1152	2023	3
1152	2153	1
1152	2322	2
1152	2429	2
1152	2530	3
1152	2533	3
1152	2600	1
1152	2617	2
1152	2635	1
1152	2640	3
1152	2672	3
1152	2712	5
1152	2722	2
1152	2729	5
1152	2916	3
1152	2997	3
1152	3034	3
1152	3159	4
1152	3175	1
1152	3300	1
1152	3326	1
1152	3354	1
1152	3466	2
1152	3471	3
1152	3489	1
1152	3578	4
1152	3702	3
1152	3745	3
1152	3754	2
1155	6	4
1155	10	3
1155	20	2
1155	36	3
1155	70	2
1155	95	2
1155	110	5
1155	145	4
1155	163	2
1155	170	3
1155	235	3
1155	246	4
1155	296	4
1155	303	3
1155	318	4
1155	434	2
1155	441	4
1155	448	1
1155	457	3
1155	480	4
1155	529	3
1155	590	4
1155	593	4
1155	608	5
1155	610	4
1155	736	2
1155	780	3
1155	786	3
1155	805	3
1155	1034	4
1155	1060	5
1155	1198	4
1155	1200	5
1155	1213	5
1155	1220	5
1155	1222	5
1155	1242	4
1155	1265	4
1155	1275	4
1155	1372	3
1155	1374	3
1155	1391	2
1155	1393	3
1155	1449	4
1155	1499	1
1155	1573	1
1155	1590	2
1155	1610	4
1155	1617	4
1155	1641	4
1155	1673	4
1155	1690	4
1155	1704	2
1155	1722	3
1155	1769	3
1155	1784	5
1155	1882	1
1155	1916	2
1155	1917	2
1155	1918	2
1155	1923	3
1155	2001	3
1155	2023	3
1155	2105	4
1155	2282	4
1155	2289	4
1155	2370	3
1155	2410	4
1155	2411	2
1155	2642	2
1155	2722	1
1155	2735	1
1155	2795	4
1155	2883	4
1155	2890	4
1155	2916	4
1155	2952	2
1155	2990	3
1155	3020	4
1155	3104	3
1155	3256	3
1155	3274	2
1155	3418	4
1155	3444	3
1155	3527	3
1155	3698	4
1155	3703	5
1155	3704	4
1155	3710	2
1155	3740	3
1155	3766	2
1155	3841	3
1169	153	2
1169	157	1
1169	186	2
1169	235	5
1169	312	4
1169	352	1
1169	413	3
1169	432	3
1169	480	2
1169	497	4
1169	500	1
1169	518	2
1169	587	1
1169	588	2
1169	671	5
1169	810	1
1169	910	4
1169	924	4
1169	1014	1
1169	1091	4
1169	1135	2
1169	1193	4
1169	1220	5
1169	1265	4
1169	1276	4
1169	1288	4
1169	1391	4
1169	1640	1
1169	1963	5
1169	2080	2
1169	2081	2
1169	2095	2
1169	2110	2
1169	2245	4
1169	2248	2
1169	2407	3
1169	2408	3
1169	2469	2
1169	2471	2
1169	2659	4
1169	2746	3
1169	2747	2
1169	2804	3
1169	2870	2
1169	3037	3
1169	3253	5
1169	3255	1
1169	3421	3
1169	3608	5
1169	3671	3
1169	3712	2
1169	3869	4
1169	3928	2
1179	34	4
1179	232	4
1179	329	4
1179	348	3
1179	457	4
1179	480	4
1179	497	4
1179	588	3
1179	593	4
1179	608	4
1179	780	4
1179	788	3
1179	858	5
1179	905	4
1179	908	3
1179	924	5
1179	945	3
1179	947	3
1179	969	4
1179	1028	2
1179	1079	3
1179	1175	4
1179	1198	5
1179	1199	5
1179	1200	3
1179	1201	4
1179	1206	5
1179	1214	3
1179	1217	5
1179	1220	3
1179	1226	4
1179	1234	5
1179	1238	3
1179	1252	4
1179	1264	5
1179	1278	4
1179	1287	5
1179	1288	4
1179	1292	5
1179	1356	4
1179	1372	4
1179	1374	4
1179	1387	4
1179	1391	2
1179	1394	3
1179	1408	3
1179	1573	1
1179	1580	4
1179	1610	3
1179	1617	4
1179	1641	4
1179	1690	3
1179	1722	3
1179	1917	3
1179	2009	4
1179	2010	4
1179	2011	4
1179	2019	5
1179	2021	2
1179	2023	3
1179	2058	3
1179	2075	5
1179	2105	4
1179	2232	3
1179	2278	5
1179	2282	3
1179	2287	3
1179	2349	3
1179	2390	4
1179	2407	4
1179	2529	3
1179	2533	2
1179	2554	4
1179	2640	3
1179	2664	4
1179	2692	5
1179	2716	3
1179	2722	2
1179	2788	4
1179	2795	3
1179	2916	3
1179	2993	2
1179	2997	5
1179	3022	4
1179	3033	2
1179	3062	4
1179	3072	4
1179	3090	5
1179	3104	4
1179	3107	3
1179	3114	4
1179	3175	4
1179	3362	4
1179	3406	4
1179	3418	3
1179	3471	3
1179	3527	1
1179	3578	5
1179	3654	4
1179	3697	2
1179	3700	5
1179	3702	3
1179	3704	3
1179	3793	4
1179	3819	5
1179	3927	3
1179	3929	3
1179	3932	4
1187	500	3
1187	587	3
1187	588	4
1187	595	4
1187	780	4
1187	1393	4
1187	1485	4
1187	1569	3
1187	1580	3
1187	1704	5
1187	1721	4
1187	1835	3
1187	1895	2
1187	1923	3
1187	2424	3
1187	2701	2
1187	2996	3
1187	3594	3
1194	6	4
1194	17	4
1194	34	2
1194	36	4
1194	52	4
1194	105	4
1194	110	3
1194	111	4
1194	113	3
1194	122	3
1194	153	1
1194	180	4
1194	186	3
1194	198	4
1194	203	3
1194	216	3
1194	246	4
1194	277	5
1194	296	3
1194	300	3
1194	303	3
1194	318	5
1194	321	4
1194	333	2
1194	339	4
1194	342	4
1194	351	3
1194	357	4
1194	372	3
1194	376	2
1194	381	3
1194	408	3
1194	424	2
1194	434	3
1194	454	4
1194	457	4
1194	466	1
1194	477	3
1194	480	4
1194	494	3
1194	500	3
1194	511	4
1194	514	3
1194	515	4
1194	518	1
1194	527	4
1194	529	3
1194	535	4
1194	538	3
1194	550	3
1194	587	3
1194	590	4
1194	593	5
1194	608	5
1194	628	4
1194	647	3
1194	705	3
1194	707	2
1194	754	2
1194	766	4
1194	780	3
1194	785	3
1194	788	2
1194	805	4
1194	838	4
1194	851	4
1194	858	5
1194	866	3
1194	924	5
1194	953	5
1194	999	4
1194	1003	2
1194	1006	5
1194	1013	3
1194	1034	3
1194	1041	5
1194	1042	3
1194	1054	3
1194	1059	2
1194	1060	4
1194	1079	3
1194	1088	4
1194	1126	2
1194	1135	3
1194	1171	3
1194	1175	4
1194	1183	5
1194	1184	4
1194	1189	4
1194	1198	4
1194	1199	4
1194	1213	3
1194	1234	3
1194	1246	4
1194	1257	3
1194	1265	2
1194	1271	5
1194	1272	3
1194	1287	4
1194	1288	2
1194	1289	4
1194	1290	3
1194	1293	5
1194	1297	3
1194	1347	2
1194	1357	5
1194	1366	4
1194	1374	3
1194	1387	5
1194	1388	4
1194	1391	1
1194	1392	4
1194	1393	4
1194	1394	4
1194	1396	4
1194	1401	4
1194	1408	4
1194	1431	2
1194	1457	3
1194	1466	3
1194	1480	3
1194	1485	3
1194	1487	3
1194	1498	3
1194	1513	3
1194	1516	3
1194	1542	4
1194	1569	4
1194	1573	4
1194	1580	4
1194	1613	3
1194	1615	5
1194	1617	5
1194	1639	3
1194	1641	4
1194	1647	3
1194	1648	4
1194	1673	5
1194	1674	4
1194	1687	4
1194	1704	4
1194	1721	4
1194	1727	4
1194	1729	4
1194	1747	3
1194	1784	4
1194	1788	5
1194	1827	5
1194	1834	5
1194	1835	3
1194	1840	3
1194	1883	4
1194	1888	3
1194	1892	4
1194	1914	4
1194	1917	5
1194	1918	3
1194	1923	4
1194	1954	4
1194	1962	4
1194	1967	5
1194	2001	2
1194	2004	2
1194	2011	2
1194	2012	2
1194	2027	1
1194	2045	2
1194	2046	3
1194	2050	1
1194	2058	3
1194	2059	2
1194	2071	4
1194	2077	4
1194	2081	3
1194	2100	3
1194	2104	3
1194	2105	2
1194	2111	2
1194	2112	4
1194	2143	2
1194	2146	3
1194	2161	4
1194	2241	3
1194	2248	3
1194	2261	3
1194	2262	2
1194	2272	4
1194	2278	3
1194	2280	4
1194	2302	3
1194	2318	4
1194	2329	5
1194	2336	4
1194	2341	3
1194	2353	4
1194	2359	4
1194	2369	3
1194	2370	5
1194	2382	1
1194	2391	4
1194	2395	4
1194	2396	5
1194	2405	5
1194	2407	3
1194	2411	3
1194	2416	3
1194	2424	3
1194	2437	4
1194	2442	3
1194	2457	3
1194	2458	2
1194	2468	2
1194	2469	4
1194	2471	2
1194	2474	3
1194	2501	4
1194	2539	2
1194	2574	3
1194	2581	3
1194	2583	4
1194	2598	3
1194	2600	1
1194	2617	2
1194	2639	3
1194	2690	4
1194	2712	4
1194	2734	4
1194	2739	4
1194	2746	2
1194	2747	2
1194	2770	3
1194	2771	3
1194	2772	2
1194	2794	2
1194	2795	3
1194	2804	4
1194	2822	5
1194	2840	2
1194	2844	2
1194	2881	3
1194	2889	4
1194	2890	3
1194	2908	4
1194	2912	4
1194	2915	3
1194	2916	4
1194	2997	4
1194	3033	1
1194	3039	3
1194	3053	2
1194	3072	4
1194	3100	4
1194	3107	4
1194	3125	3
1194	3128	3
1194	3145	3
1194	3148	3
1194	3176	4
1194	3178	3
1194	3219	3
1194	3247	3
1194	3252	4
1194	3253	3
1194	3255	4
1194	3256	4
1194	3263	3
1194	3274	3
1194	3308	3
1194	3317	4
1194	3418	4
1194	3424	4
1194	3436	3
1194	3442	3
1194	3444	3
1194	3450	3
1194	3461	4
1194	3476	2
1194	3478	4
1194	3489	3
1194	3510	3
1194	3527	3
1194	3552	4
1194	3555	3
1194	3578	4
1194	3608	2
1194	3649	4
1194	3697	3
1194	3700	3
1194	3710	2
1194	3715	2
1194	3744	4
1194	3753	4
1194	3786	3
1194	3791	4
1194	3821	3
1194	3844	4
1194	3869	1
1194	3877	1
1194	3893	4
1194	3898	3
1194	3943	3
1194	3952	4
1200	999	3
1200	2336	3
1200	2560	4
1200	2580	3
1200	2598	3
1200	2600	5
1200	2672	3
1200	2692	3
1200	2712	5
1200	2840	5
1200	2853	3
1200	2997	3
1200	3053	3
1200	3203	4
1200	3238	4
1200	3300	2
1200	3354	5
1200	3510	3
1200	3753	3
1200	3793	4
1205	34	5
1205	35	3
1205	105	3
1205	197	3
1205	222	4
1205	282	3
1205	300	5
1205	339	4
1205	357	4
1205	497	3
1205	515	5
1205	538	3
1205	588	4
1205	605	4
1205	728	5
1205	838	5
1205	1183	4
1205	1223	5
1205	1265	5
1205	1498	3
1205	1542	5
1205	1594	3
1205	1633	3
1205	1641	5
1205	1680	4
1205	1683	4
1205	1704	4
1205	1728	3
1205	1747	4
1205	1784	3
1205	2336	4
1205	2341	3
1205	2359	4
1205	2390	3
1205	2396	4
1205	2424	3
1205	2501	5
1205	2690	4
1205	2711	2
1205	2997	4
1205	3100	4
1205	3148	3
1205	3157	3
1205	3252	3
1205	3926	3
1221	24	4
1221	38	5
1221	122	2
1221	276	2
1221	312	1
1221	329	4
1221	379	3
1221	410	4
1221	466	4
1221	480	5
1221	500	5
1221	514	4
1221	532	3
1221	546	2
1221	635	5
1221	780	5
1221	785	5
1221	788	5
1221	830	5
1221	840	5
1221	1019	5
1221	1020	5
1221	1079	3
1221	1091	1
1221	1200	3
1221	1265	5
1221	1278	4
1221	1297	5
1221	1356	5
1221	1374	4
1221	1390	5
1221	1391	2
1221	1394	1
1221	1425	3
1221	1485	5
1221	1573	3
1221	1580	5
1221	1590	5
1221	1689	5
1221	1703	4
1221	1747	5
1221	1779	5
1221	1784	5
1221	1806	5
1221	1923	1
1221	1963	3
1221	2001	5
1221	2004	2
1221	2011	5
1221	2012	4
1221	2038	5
1221	2046	5
1221	2078	5
1221	2093	4
1221	2095	3
1221	2100	5
1221	2105	5
1221	2193	4
1221	2302	5
1221	2374	5
1221	2405	3
1221	2416	5
1221	2424	1
1221	2468	4
1221	2469	2
1221	2471	4
1221	2529	5
1221	2530	5
1221	2531	5
1221	2532	5
1221	2533	5
1221	2640	5
1221	2642	4
1221	2735	3
1221	2770	5
1221	2794	5
1221	2796	2
1221	2804	2
1221	2916	5
1221	2986	2
1221	2997	5
1221	3033	5
1221	3039	5
1221	3072	1
1221	3175	5
1221	3243	4
1221	3247	4
1221	3253	3
1221	3255	5
1221	3269	4
1221	3354	5
1221	3388	5
1221	3398	5
1221	3401	4
1221	3421	5
1221	3471	5
1221	3524	3
1221	3552	5
1221	3608	5
1221	3693	4
1221	3698	4
1221	3708	4
1221	3740	5
1221	3766	2
1221	3768	2
1221	3927	5
1227	34	3
1227	36	3
1227	80	4
1227	99	3
1227	137	3
1227	235	3
1227	242	4
1227	246	4
1227	296	4
1227	299	4
1227	300	3
1227	307	5
1227	308	5
1227	318	3
1227	342	4
1227	348	4
1227	357	4
1227	373	3
1227	446	5
1227	501	4
1227	515	4
1227	527	4
1227	529	3
1227	535	4
1227	549	4
1227	593	3
1227	608	4
1227	866	4
1227	896	4
1227	1041	5
1227	1046	4
1227	1094	4
1227	1213	5
1227	1265	2
1227	1357	3
1227	1415	4
1227	1446	4
1227	1466	3
1227	1484	4
1227	1535	4
1227	1542	3
1227	1611	4
1227	1617	5
1227	1633	4
1227	1641	4
1227	1680	4
1227	1699	4
1227	1704	3
1227	1734	4
1227	1784	3
1227	1794	4
1227	1834	4
1227	1914	4
1227	1923	3
1227	2029	4
1227	2071	4
1227	2336	4
1227	2396	4
1227	2580	3
1227	2607	4
1227	2626	4
1227	2692	5
1227	2708	5
1227	2839	5
1227	2890	4
1227	2908	5
1227	2963	3
1227	2997	3
1227	3006	4
1227	3044	4
1227	3100	3
1227	3115	2
1227	3145	3
1227	3148	4
1227	3176	3
1227	3240	2
1227	3420	2
1227	3783	4
1227	3786	3
1227	3854	4
1227	3902	4
1227	3910	3
1227	3928	3
1227	3929	5
1228	10	4
1228	17	3
1228	34	5
1228	36	4
1228	42	3
1228	70	2
1228	95	3
1228	110	3
1228	111	4
1228	151	3
1228	170	2
1228	214	5
1228	246	4
1228	296	5
1228	299	5
1228	318	5
1228	432	3
1228	434	4
1228	446	4
1228	457	4
1228	466	2
1228	480	4
1228	501	2
1228	527	4
1228	535	3
1228	538	3
1228	574	4
1228	590	4
1228	593	5
1228	608	5
1228	720	5
1228	759	5
1228	760	3
1228	780	4
1228	850	4
1228	858	5
1228	953	5
1228	969	4
1228	999	1
1228	1041	4
1228	1147	4
1228	1175	5
1228	1193	5
1228	1198	5
1228	1200	5
1228	1204	4
1228	1206	3
1228	1213	4
1228	1214	5
1228	1223	4
1228	1225	5
1228	1252	4
1228	1258	3
1228	1265	4
1228	1272	5
1228	1387	4
1228	1394	5
1228	1408	4
1228	1446	5
1228	1464	1
1228	1480	4
1228	1488	3
1228	1573	5
1228	1580	5
1228	1610	5
1228	1617	5
1228	1639	3
1228	1649	2
1228	1660	4
1228	1673	3
1228	1704	5
1228	1721	4
1228	1722	3
1228	1734	4
1228	1784	4
1228	1788	2
1228	1912	4
1228	1916	3
1228	1917	3
1228	2058	4
1228	2278	4
1228	2318	3
1228	2329	4
1228	2353	4
1228	2396	3
1228	2442	4
1228	2501	4
1228	2600	4
1228	2609	4
1228	2617	2
1228	2624	5
1228	2692	4
1228	2701	2
1228	2716	4
1228	2761	5
1228	2804	5
1228	2881	3
1228	2908	4
1228	2912	4
1228	2916	4
1228	2986	2
1228	2997	4
1228	3006	5
1228	3019	4
1228	3022	4
1228	3114	4
1228	3118	4
1228	3178	4
1228	3256	4
1228	3267	4
1228	3421	5
1228	3429	5
1228	3510	5
1228	3521	4
1228	3538	3
1228	3578	4
1228	3598	3
1228	3608	3
1228	3793	4
1228	3819	4
1228	3841	3
1229	34	4
1229	80	3
1229	454	3
1229	480	5
1229	527	5
1229	593	4
1229	608	5
1229	1900	5
1229	2493	5
1229	2712	4
1229	3015	4
1229	3844	4
1233	410	3
1233	432	2
1233	588	3
1233	593	4
1233	924	5
1233	932	4
1233	969	5
1233	1019	5
1233	1032	5
1233	1199	5
1233	1200	4
1233	1206	1
1233	1214	5
1233	1225	5
1233	2072	2
1233	2329	4
1233	2356	2
1233	2664	3
1233	2826	4
1233	2846	4
1233	2971	5
1233	3077	5
1233	3420	4
1233	3471	5
1233	3649	3
1233	3841	3
1233	3932	4
1239	17	4
1239	34	4
1239	36	5
1239	52	3
1239	161	4
1239	246	5
1239	296	5
1239	300	4
1239	318	4
1239	334	3
1239	357	4
1239	457	4
1239	477	3
1239	480	4
1239	497	2
1239	527	5
1239	538	3
1239	590	4
1239	593	5
1239	595	5
1239	608	5
1239	628	5
1239	805	4
1239	1041	4
1239	1136	1
1239	1147	3
1239	1193	5
1239	1213	4
1239	1265	4
1239	1392	2
1239	1396	4
1239	1449	4
1239	1594	4
1239	1610	4
1239	1617	4
1239	1641	4
1239	1704	5
1239	1784	5
1239	2071	4
1239	2282	5
1239	2329	4
1239	2391	4
1239	2580	2
1239	2692	4
1239	2752	2
1239	2997	5
1239	3006	3
1239	3077	4
1239	3114	5
1239	3118	2
1239	3148	4
1239	3251	3
1239	3255	3
1239	3418	4
1241	34	4
1241	180	1
1241	270	2
1241	296	5
1241	348	3
1241	441	5
1241	457	5
1241	480	4
1241	514	4
1241	527	5
1241	588	5
1241	595	5
1241	608	5
1241	866	4
1241	1015	4
1241	1020	4
1241	1060	5
1241	1079	5
1241	1357	5
1241	1393	5
1241	1394	5
1241	1414	5
1241	1466	5
1241	1573	5
1241	1580	5
1241	1617	5
1241	1639	4
1241	1641	3
1241	1673	5
1241	1680	3
1241	1704	5
1241	1721	5
1241	1729	5
1241	1747	5
1241	1784	5
1241	1834	5
1241	1845	5
1241	1883	5
1241	2081	5
1241	2083	5
1241	2100	4
1241	2248	5
1241	2282	4
1241	2289	5
1241	2320	4
1241	2359	4
1241	2391	5
1241	2395	5
1241	2396	3
1241	2580	5
1241	2716	5
1241	2746	4
1241	2761	5
1241	2908	5
1241	2997	5
1241	3033	5
1241	3114	5
1241	3148	4
1241	3157	4
1241	3239	3
1241	3300	1
1241	3317	4
1241	3326	3
1241	3354	2
1241	3409	1
1241	3510	5
1241	3513	4
1241	3552	1
1241	3555	2
1241	3578	5
1241	3596	4
1241	3608	4
1241	3615	4
1241	3618	5
1241	3646	2
1241	3744	4
1241	3747	5
1241	3753	4
1241	3793	4
1241	3867	5
1241	3884	4
1241	3893	5
1241	3896	2
1241	3952	5
1245	741	4
1245	924	5
1245	1199	4
1245	1200	5
1245	1206	4
1245	1214	5
1245	1374	5
1245	1616	4
1245	2529	5
1245	2826	3
1245	2916	4
1245	3072	4
1245	3354	3
1245	3471	5
1245	3527	4
1245	3702	4
1245	3703	5
1253	34	4
1253	52	4
1253	110	2
1253	232	3
1253	342	4
1253	348	5
1253	529	4
1253	671	5
1253	1096	5
1253	1131	5
1253	1132	5
1253	1150	4
1253	1223	4
1253	1225	5
1253	1228	3
1253	1265	5
1253	1288	5
1253	1295	2
1253	1446	5
1253	1449	4
1253	1734	2
1253	1747	2
1253	1794	4
1253	1887	1
1253	1914	4
1253	1957	4
1253	2289	4
1253	2295	3
1253	2313	3
1253	2390	1
1253	2395	4
1253	2690	2
1253	2739	4
1253	2864	1
1253	2919	5
1253	2997	4
1253	3019	3
1253	3068	3
1253	3114	4
1253	3424	3
1255	17	4
1255	24	2
1255	34	5
1255	36	5
1255	222	4
1255	229	4
1255	293	5
1255	296	5
1255	299	4
1255	300	2
1255	318	5
1255	351	4
1255	372	4
1255	454	2
1255	477	4
1255	480	4
1255	515	5
1255	538	5
1255	590	4
1255	593	5
1255	608	5
1255	851	2
1255	866	5
1255	896	2
1255	926	5
1255	1060	3
1255	1063	3
1255	1079	5
1255	1104	5
1255	1136	5
1255	1171	4
1255	1183	3
1255	1230	5
1255	1246	4
1255	1264	5
1255	1265	4
1255	1271	5
1255	1278	5
1255	1288	5
1255	1357	3
1255	1393	3
1255	1401	3
1255	1449	5
1255	1513	5
1255	1535	4
1255	1580	4
1255	1613	2
1255	1621	4
1255	1639	5
1255	1660	4
1255	1673	5
1255	1696	5
1255	1704	4
1255	1721	4
1255	1729	5
1255	1734	4
1255	1747	4
1255	1794	3
1255	1950	5
1255	1955	5
1255	1962	5
1255	2071	3
1255	2313	5
1255	2316	2
1255	2318	5
1255	2320	2
1255	2336	4
1255	2341	1
1255	2369	3
1255	2390	4
1255	2395	5
1255	2396	3
1255	2434	5
1255	2437	4
1255	2474	2
1255	2580	4
1255	2598	2
1255	2600	1
1255	2607	5
1255	2626	5
1255	2639	5
1255	2692	5
1255	2693	4
1255	2701	1
1255	2712	4
1255	2734	2
1255	2761	2
1255	2770	2
1255	2804	5
1255	2890	1
1255	2908	5
1255	2915	4
1255	2995	1
1255	2997	5
1255	3006	4
1255	3053	1
1255	3094	5
1255	3100	2
1255	3114	3
1255	3115	4
1255	3145	5
1255	3175	2
1255	3176	5
1255	3255	3
1255	3404	4
1255	3418	5
1255	3510	4
1255	3546	5
1255	3578	4
1255	3745	3
1255	3786	3
1255	3791	4
1255	3793	4
1255	3819	4
1255	3952	3
1257	10	5
1257	153	1
1257	480	2
1257	736	1
1257	1017	3
1257	1060	5
1257	1198	5
1257	1288	3
1257	1580	3
1257	1917	4
1257	2370	3
1257	2405	3
1257	2642	1
1257	2735	4
1257	2890	3
1257	2916	4
1257	2950	2
1257	3175	4
1257	3269	3
1257	3426	3
1257	3461	4
1257	3479	5
1257	3489	2
1257	3672	2
1257	3893	3
1261	19	3
1261	24	4
1261	70	4
1261	110	5
1261	144	4
1261	145	3
1261	277	3
1261	410	4
1261	480	4
1261	487	4
1261	588	4
1261	785	4
1261	891	2
1261	908	5
1261	924	4
1261	969	5
1261	1019	4
1261	1198	5
1261	1199	5
1261	1200	5
1261	1214	5
1261	1215	5
1261	1225	1
1261	1261	4
1261	1499	3
1261	1655	5
1261	1688	4
1261	1690	4
1261	1739	1
1261	1784	3
1261	1917	1
1261	2011	3
1261	2012	2
1261	2015	4
1261	2021	5
1261	2060	4
1261	2153	4
1261	2320	4
1261	2336	4
1261	2395	5
1261	2399	2
1261	2433	3
1261	2456	3
1261	2490	4
1261	2492	5
1261	2539	4
1261	2568	3
1261	2574	3
1261	2580	5
1261	2581	1
1261	2598	3
1261	2606	4
1261	2670	4
1261	2672	4
1261	2692	5
1261	2693	4
1261	2716	4
1261	2719	4
1261	2763	5
1261	2772	4
1261	2788	5
1261	2793	5
1261	2826	4
1261	2840	4
1261	2881	4
1261	2976	5
1261	2995	3
1261	3053	5
1261	3107	3
1261	3114	4
1261	3176	2
1261	3300	4
1261	3409	4
1261	3421	5
1261	3450	4
1261	3510	3
1261	3513	4
1261	3555	4
1261	3578	5
1261	3596	4
1261	3616	1
1261	3646	3
1261	3745	5
1261	3753	4
1261	3790	5
1261	3793	4
1261	3798	4
1261	3928	4
1262	22	3
1262	110	5
1262	151	4
1262	161	3
1262	296	4
1262	454	3
1262	527	5
1262	590	4
1262	628	5
1262	1059	3
1262	1060	5
1262	1079	4
1262	1091	1
1262	1094	3
1262	1135	1
1262	1213	5
1262	1222	5
1262	1242	5
1262	1288	5
1262	1297	4
1262	1393	3
1262	1394	4
1262	1396	4
1262	1466	3
1262	1673	3
1262	1704	5
1262	1729	3
1262	1747	3
1262	2001	2
1262	2011	3
1262	2100	3
1262	2110	4
1262	2111	3
1262	2247	2
1262	2261	4
1262	2329	4
1262	2407	3
1262	2416	3
1262	2457	4
1262	2458	4
1262	2468	2
1262	2469	2
1262	2471	2
1262	2712	2
1262	2716	4
1262	2735	4
1262	2746	2
1262	2795	4
1262	2796	3
1262	2804	4
1262	2890	4
1262	2915	4
1262	3033	4
1262	3039	3
1262	3107	3
1262	3145	2
1262	3255	4
1262	3317	3
1262	3354	1
1262	3385	2
1262	3418	3
1262	3450	4
1262	3510	4
1262	3513	3
1262	3555	4
1262	3578	5
1262	3608	2
1262	3618	3
1262	3740	5
1262	3753	4
1262	3793	3
1262	3798	2
1262	3821	3
1268	110	4
1268	111	5
1268	128	4
1268	247	5
1268	432	1
1268	457	5
1268	480	4
1268	590	2
1268	608	5
1268	780	1
1268	858	5
1268	909	5
1268	924	4
1268	968	4
1268	969	5
1268	1032	3
1268	1078	5
1268	1079	5
1268	1084	5
1268	1088	1
1268	1136	5
1268	1199	5
1268	1201	4
1268	1204	5
1268	1206	5
1268	1213	5
1268	1214	5
1268	1220	4
1268	1225	5
1268	1230	5
1268	1246	3
1268	1251	5
1268	1252	5
1268	1264	5
1268	1276	5
1268	1283	5
1268	1287	5
1268	1292	5
1268	1293	5
1268	1340	5
1268	1408	5
1268	1617	5
1268	1639	3
1268	1784	3
1268	1927	5
1268	1950	5
1268	1953	5
1268	1955	5
1268	1997	5
1268	2022	4
1268	2023	2
1268	2130	5
1268	2178	5
1268	2181	5
1268	2202	5
1268	2208	5
1268	2238	5
1268	2247	4
1268	2262	3
1268	2407	1
1268	2511	4
1268	2583	5
1268	2624	1
1268	2664	5
1268	2731	5
1268	2734	4
1268	2804	5
1268	2871	3
1268	2921	5
1268	2922	5
1268	2932	5
1268	2983	5
1268	2997	5
1268	3022	5
1268	3037	5
1268	3072	5
1268	3077	5
1268	3121	5
1268	3135	5
1268	3203	3
1268	3317	4
1268	3334	5
1268	3359	5
1268	3362	5
1268	3421	4
1268	3424	3
1268	3461	5
1268	3468	5
1268	3524	3
1268	3545	5
1268	3551	4
1268	3578	3
1268	3654	5
1268	3684	4
1268	3702	4
1268	3703	5
1268	3704	2
1268	3811	5
1268	3873	5
1268	3932	4
1274	6	5
1274	34	3
1274	41	4
1274	110	3
1274	111	4
1274	198	4
1274	246	4
1274	247	5
1274	293	5
1274	296	3
1274	307	4
1274	317	3
1274	334	4
1274	457	4
1274	480	3
1274	515	3
1274	527	3
1274	581	4
1274	590	3
1274	593	5
1274	608	3
1274	668	5
1274	669	4
1274	720	4
1274	741	5
1274	751	5
1274	808	4
1274	858	3
1274	866	5
1274	901	3
1274	903	4
1274	905	4
1274	908	4
1274	910	3
1274	911	4
1274	914	4
1274	916	5
1274	922	3
1274	924	4
1274	925	4
1274	926	4
1274	933	5
1274	940	4
1274	943	4
1274	945	3
1274	947	4
1274	953	4
1274	968	3
1274	969	5
1274	971	3
1274	1013	4
1274	1014	5
1274	1017	4
1274	1019	3
1274	1028	3
1274	1029	4
1274	1034	5
1274	1057	4
1274	1066	3
1274	1079	5
1274	1084	3
1274	1094	3
1274	1096	3
1274	1104	4
1274	1131	5
1274	1132	5
1274	1136	3
1274	1147	5
1274	1150	4
1274	1161	3
1274	1171	3
1274	1175	5
1274	1178	5
1274	1189	5
1274	1193	4
1274	1198	4
1274	1199	3
1274	1200	5
1274	1201	4
1274	1202	5
1274	1204	4
1274	1206	3
1274	1211	4
1274	1213	4
1274	1214	4
1274	1217	4
1274	1220	4
1274	1222	4
1274	1223	4
1274	1225	5
1274	1226	4
1274	1227	4
1274	1228	4
1274	1230	3
1274	1234	4
1274	1236	4
1274	1237	4
1274	1238	5
1274	1242	3
1274	1251	4
1274	1252	5
1274	1258	4
1274	1265	4
1274	1272	4
1274	1275	3
1274	1276	3
1274	1278	5
1274	1283	5
1274	1287	4
1274	1288	4
1274	1293	4
1274	1295	5
1274	1333	3
1274	1340	5
1274	1356	4
1274	1374	3
1274	1378	2
1274	1387	3
1274	1392	3
1274	1396	3
1274	1408	4
1274	1419	4
1274	1446	4
1274	1580	4
1274	1610	4
1274	1617	4
1274	1649	5
1274	1673	3
1274	1674	5
1274	1729	4
1274	1734	5
1274	1783	3
1274	1859	5
1274	1912	3
1274	1914	5
1274	1918	2
1274	1927	4
1274	1932	3
1274	1935	4
1274	1947	4
1274	1949	5
1274	1950	4
1274	1953	3
1274	1954	3
1274	1955	4
1274	1957	3
1274	1964	3
1274	1982	4
1274	1997	3
1274	2010	4
1274	2019	4
1274	2021	4
1274	2046	4
1274	2081	3
1274	2105	4
1274	2118	3
1274	2130	5
1274	2132	3
1274	2138	3
1274	2161	4
1274	2173	4
1274	2193	3
1274	2203	5
1274	2238	3
1274	2248	5
1274	2278	4
1274	2312	4
1274	2349	4
1274	2351	5
1274	2353	3
1274	2391	4
1274	2396	4
1274	2401	4
1274	2430	3
1274	2440	4
1274	2493	4
1274	2511	4
1274	2529	4
1274	2580	3
1274	2583	4
1274	2624	5
1274	2632	4
1274	2640	4
1274	2670	4
1274	2701	2
1274	2726	5
1274	2729	5
1274	2731	4
1274	2732	3
1274	2746	3
1274	2819	4
1274	2853	3
1274	2866	3
1274	2883	2
1274	2897	5
1274	2899	4
1274	2905	4
1274	2912	4
1274	2916	4
1274	2917	3
1274	2920	5
1274	2921	4
1274	2922	4
1274	2932	5
1274	2935	3
1274	2937	4
1274	2951	3
1274	2971	5
1274	2993	4
1274	3019	4
1274	3021	3
1274	3022	5
1274	3037	3
1274	3061	4
1274	3068	3
1274	3072	4
1274	3077	5
1274	3088	5
1274	3090	5
1274	3093	5
1274	3104	5
1274	3114	3
1274	3118	5
1274	3159	5
1274	3175	4
1274	3176	4
1274	3196	5
1274	3198	4
1274	3223	4
1274	3241	3
1274	3253	3
1274	3300	2
1274	3334	4
1274	3359	4
1274	3362	4
1274	3365	3
1274	3379	4
1274	3405	4
1274	3418	4
1274	3424	5
1274	3430	3
1274	3461	3
1274	3468	4
1274	3471	2
1274	3475	5
1274	3479	4
1274	3505	3
1274	3508	3
1274	3510	3
1274	3527	4
1274	3532	4
1274	3545	3
1274	3546	3
1274	3547	4
1274	3551	4
1274	3552	3
1274	3578	2
1274	3637	4
1274	3645	5
1274	3654	4
1274	3655	3
1274	3668	5
1274	3671	2
1274	3675	4
1274	3681	4
1274	3684	4
1274	3685	5
1274	3698	2
1274	3733	3
1274	3737	3
1274	3746	5
1274	3783	3
1274	3793	4
1274	3811	4
1274	3819	5
1274	3834	3
1274	3872	3
1274	3873	4
1274	3882	4
1274	3900	5
1274	3910	3
1274	3927	3
1274	3932	4
1276	588	3
1276	671	5
1276	858	5
1276	910	4
1276	916	5
1276	1060	4
1276	1079	3
1276	1136	5
1276	1234	5
1276	1238	5
1276	1265	4
1276	1288	5
1276	1292	5
1276	1392	4
1276	1394	4
1276	1641	3
1276	1923	3
1276	2023	2
1276	2289	3
1276	2396	4
1276	2716	4
1276	2788	4
1276	2804	5
1276	2915	4
1276	2997	4
1276	3037	4
1276	3039	5
1276	3104	3
1276	3114	3
1276	3253	4
1276	3362	4
1276	3421	5
1276	3424	5
1276	3471	4
1276	3552	5
1276	3671	5
1276	3727	4
1276	3836	5
1284	6	3
1284	17	5
1284	22	3
1284	34	3
1284	36	4
1284	42	3
1284	52	5
1284	70	3
1284	76	1
1284	78	4
1284	79	3
1284	89	3
1284	95	3
1284	110	5
1284	111	4
1284	144	3
1284	153	2
1284	161	4
1284	170	4
1284	229	3
1284	231	3
1284	232	3
1284	235	3
1284	277	5
1284	293	4
1284	296	5
1284	303	2
1284	318	5
1284	357	5
1284	373	4
1284	415	3
1284	416	3
1284	427	3
1284	432	4
1284	434	3
1284	448	4
1284	454	4
1284	457	4
1284	458	3
1284	480	3
1284	487	4
1284	493	4
1284	494	3
1284	514	4
1284	527	5
1284	529	3
1284	532	3
1284	555	5
1284	590	5
1284	593	5
1284	608	5
1284	628	3
1284	707	3
1284	736	3
1284	782	3
1284	786	2
1284	836	2
1284	880	1
1284	891	1
1284	908	5
1284	924	4
1284	929	5
1284	933	3
1284	999	4
1284	1050	2
1284	1051	4
1284	1092	4
1284	1094	5
1284	1147	3
1284	1171	3
1284	1183	4
1284	1190	4
1284	1213	5
1284	1214	5
1284	1227	5
1284	1252	5
1284	1265	3
1284	1271	5
1284	1357	5
1284	1379	2
1284	1393	5
1284	1396	4
1284	1438	1
1284	1441	2
1284	1466	5
1284	1472	4
1284	1480	4
1284	1498	4
1284	1499	1
1284	1542	2
1284	1573	3
1284	1580	3
1284	1590	3
1284	1610	4
1284	1615	4
1284	1617	5
1284	1639	3
1284	1641	3
1284	1647	4
1284	1660	3
1284	1661	4
1284	1671	4
1284	1673	4
1284	1674	4
1284	1683	5
1284	1687	2
1284	1704	5
1284	1721	3
1284	1729	3
1284	1747	3
1284	1769	1
1284	1779	4
1284	1783	4
1284	1784	5
1284	1785	4
1284	1792	3
1284	1794	4
1284	1804	5
1284	1834	5
1284	1845	4
1284	1875	3
1284	1883	3
1284	1895	1
1284	1906	3
1284	1912	4
1284	1914	5
1284	1916	4
1284	1917	2
1284	1918	4
1284	1923	5
1284	1953	5
1284	1970	1
1284	1972	1
1284	1973	1
1284	1986	1
1284	1994	3
1284	1995	1
1284	1997	4
1284	2009	2
1284	2012	2
1284	2023	4
1284	2058	4
1284	2107	1
1284	2112	4
1284	2118	5
1284	2121	4
1284	2122	2
1284	2177	3
1284	2181	4
1284	2183	3
1284	2241	4
1284	2267	4
1284	2278	3
1284	2280	4
1284	2282	3
1284	2287	2
1284	2289	3
1284	2295	3
1284	2315	1
1284	2320	4
1284	2329	4
1284	2336	3
1284	2346	4
1284	2353	5
1284	2359	3
1284	2389	2
1284	2390	4
1284	2391	4
1284	2395	3
1284	2396	4
1284	2399	3
1284	2433	3
1284	2446	1
1284	2456	3
1284	2468	4
1284	2479	3
1284	2539	5
1284	2551	3
1284	2568	2
1284	2597	2
1284	2617	3
1284	2672	3
1284	2693	3
1284	2701	3
1284	2763	4
1284	2764	5
1284	2819	4
1284	2871	5
1284	2881	3
1284	2890	4
1284	2903	1
1284	2908	3
1284	2912	3
1284	2916	3
1284	2917	5
1284	2963	3
1284	2971	3
1284	2983	3
1284	2986	3
1284	2997	4
1284	3005	3
1284	3006	3
1284	3015	3
1284	3044	4
1284	3063	1
1284	3100	5
1284	3102	4
1284	3114	3
1284	3148	4
1284	3175	5
1284	3176	4
1284	3178	4
1284	3185	4
1284	3203	5
1284	3219	3
1284	3238	3
1284	3247	4
1284	3252	5
1284	3253	3
1284	3255	4
1284	3267	3
1284	3272	4
1284	3281	3
1284	3299	3
1284	3326	3
1284	3334	5
1284	3354	4
1284	3409	3
1284	3418	4
1284	3420	4
1284	3450	4
1284	3461	4
1284	3476	5
1284	3510	5
1284	3513	3
1284	3546	3
1284	3551	5
1284	3555	4
1284	3578	4
1284	3634	4
1284	3646	3
1284	3661	1
1284	3664	1
1284	3697	2
1284	3712	5
1284	3744	3
1284	3753	3
1284	3793	4
1284	3798	3
1284	3821	4
1284	3893	2
1284	3898	4
1284	3926	3
1284	3927	4
1284	3928	5
1284	3932	3
1284	3940	1
1284	3952	4
1299	6	4
1299	70	5
1299	95	3
1299	110	5
1299	151	3
1299	198	3
1299	256	1
1299	296	4
1299	329	3
1299	457	3
1299	480	3
1299	532	4
1299	555	5
1299	588	4
1299	595	4
1299	608	4
1299	610	1
1299	671	5
1299	720	4
1299	780	4
1299	783	1
1299	799	3
1299	858	5
1299	861	5
1299	924	2
1299	968	2
1299	999	3
1299	1024	4
1299	1025	4
1299	1029	3
1299	1084	5
1299	1136	5
1299	1198	5
1299	1199	5
1299	1200	4
1299	1201	5
1299	1206	4
1299	1213	4
1299	1214	4
1299	1215	5
1299	1220	5
1299	1230	3
1299	1258	4
1299	1261	5
1299	1278	5
1299	1339	5
1299	1356	3
1299	1372	3
1299	1374	5
1299	1387	4
1299	1408	1
1299	1466	5
1299	1566	1
1299	1573	4
1299	1580	4
1299	1617	5
1299	1690	1
1299	1729	3
1299	1769	3
1299	1912	5
1299	1924	5
1299	1954	3
1299	1994	2
1299	1997	4
1299	2001	4
1299	2004	4
1299	2011	5
1299	2019	4
1299	2023	3
1299	2078	4
1299	2080	4
1299	2102	5
1299	2280	3
1299	2391	3
1299	2529	5
1299	2532	5
1299	2533	4
1299	2617	4
1299	2640	5
1299	2664	5
1299	2716	5
1299	2719	1
1299	2761	5
1299	2788	4
1299	2810	5
1299	2916	3
1299	2976	5
1299	2995	2
1299	2997	3
1299	3104	4
1299	3159	2
1299	3175	5
1299	3213	3
1299	3421	5
1299	3471	5
1299	3499	4
1299	3527	2
1299	3578	5
1299	3702	2
1299	3703	5
1299	3740	4
1299	3744	4
1299	3745	5
1299	3753	5
1299	3793	3
1299	3896	1
1301	6	4
1301	17	3
1301	34	5
1301	36	5
1301	70	1
1301	105	4
1301	110	5
1301	111	2
1301	151	4
1301	153	2
1301	163	4
1301	222	3
1301	293	4
1301	317	4
1301	318	5
1301	357	4
1301	457	4
1301	477	4
1301	480	5
1301	527	5
1301	555	5
1301	587	5
1301	590	5
1301	593	5
1301	595	4
1301	608	5
1301	628	4
1301	653	3
1301	788	4
1301	858	5
1301	866	4
1301	910	5
1301	914	5
1301	924	3
1301	940	4
1301	971	3
1301	1028	5
1301	1029	4
1301	1084	4
1301	1094	5
1301	1183	5
1301	1193	4
1301	1198	5
1301	1200	5
1301	1213	5
1301	1214	4
1301	1222	4
1301	1225	4
1301	1230	2
1301	1234	5
1301	1242	4
1301	1246	4
1301	1252	4
1301	1265	4
1301	1277	4
1301	1290	4
1301	1293	5
1301	1339	1
1301	1356	5
1301	1357	4
1301	1374	5
1301	1387	5
1301	1393	3
1301	1394	3
1301	1408	5
1301	1485	3
1301	1573	2
1301	1580	4
1301	1610	5
1301	1617	4
1301	1641	3
1301	1674	5
1301	1704	4
1301	1912	3
1301	1923	1
1301	1947	5
1301	2001	4
1301	2058	2
1301	2078	4
1301	2080	4
1301	2081	5
1301	2100	5
1301	2132	4
1301	2138	4
1301	2248	4
1301	2289	3
1301	2312	4
1301	2336	4
1301	2353	3
1301	2396	5
1301	2690	3
1301	2692	3
1301	2712	1
1301	2761	3
1301	2794	3
1301	2871	4
1301	2916	4
1301	2917	3
1301	3006	4
1301	3029	4
1301	3044	3
1301	3068	5
1301	3104	5
1301	3114	3
1301	3175	5
1301	3251	5
1301	3255	4
1301	3256	3
1301	3300	3
1301	3317	4
1301	3354	3
1301	3418	5
1301	3424	4
1301	3426	4
1301	3471	5
1301	3489	3
1301	3510	4
1301	3527	3
1301	3555	2
1301	3578	5
1301	3615	3
1301	3671	5
1301	3685	4
1301	3702	4
1301	3703	3
1301	3704	3
1301	3753	3
1301	3784	3
1301	3793	4
1301	3798	3
1301	3877	4
1301	3952	2
1304	6	3
1304	203	1
1304	318	4
1304	457	5
1304	480	5
1304	593	4
1304	608	4
1304	858	5
1304	924	3
1304	1198	5
1304	1200	5
1304	1213	4
1304	1214	5
1304	1220	3
1304	1222	4
1304	1234	4
1304	1242	5
1304	1257	4
1304	1261	5
1304	1265	4
1304	1356	5
1304	1372	5
1304	1374	5
1304	1394	3
1304	1610	5
1304	1617	4
1304	1912	3
1304	1954	4
1304	2021	3
1304	2100	4
1304	2278	2
1304	2353	4
1304	2529	5
1304	2716	5
1304	2916	4
1304	2997	1
1304	3354	1
1304	3421	3
1304	3479	3
1304	3510	5
1304	3555	5
1304	3578	5
1304	3635	4
1304	3702	3
1313	457	4
1313	480	3
1313	1408	4
1313	1610	3
1313	1912	4
1313	3176	1
1313	3178	4
1313	3409	3
1313	3555	4
1313	3753	4
1313	3879	3
1315	28	5
1315	111	5
1315	247	4
1315	296	5
1315	527	5
1315	593	3
1315	858	5
1315	903	5
1315	908	5
1315	922	5
1315	924	5
1315	1041	4
1315	1104	4
1315	1178	5
1315	1189	5
1315	1198	5
1315	1204	5
1315	1213	5
1315	1214	3
1315	1217	5
1315	1230	4
1315	1252	5
1315	1265	4
1315	1357	4
1315	1617	4
1315	1734	4
1315	1947	5
1315	2171	5
1315	2396	5
1315	2716	3
1315	2788	5
1315	2997	5
1315	3022	5
1315	3044	4
1315	3241	4
1315	3317	4
1315	3418	3
1315	3538	5
1315	3720	4
1315	3783	4
1315	3811	5
1315	3952	3
1316	480	5
1316	968	4
1316	1580	3
1316	1617	4
1316	2336	4
1316	2390	4
1316	2396	5
1316	2526	4
1316	2581	2
1316	2598	3
1316	2701	2
1316	2734	3
1316	2770	3
1316	3175	2
1316	3185	4
1316	3596	2
1316	3928	2
1316	3929	4
1317	10	4
1317	22	4
1317	24	4
1317	34	5
1317	36	4
1317	44	1
1317	70	3
1317	72	4
1317	95	3
1317	105	4
1317	110	5
1317	111	4
1317	147	4
1317	151	4
1317	157	1
1317	158	3
1317	173	2
1317	198	4
1317	222	4
1317	231	3
1317	235	4
1317	246	3
1317	296	5
1317	303	4
1317	317	4
1317	318	4
1317	329	4
1317	335	3
1317	339	3
1317	357	4
1317	373	4
1317	410	3
1317	429	2
1317	446	5
1317	457	3
1317	466	4
1317	477	4
1317	480	4
1317	483	4
1317	500	4
1317	515	4
1317	527	4
1317	538	4
1317	587	5
1317	588	4
1317	590	4
1317	593	5
1317	595	4
1317	608	5
1317	702	3
1317	780	4
1317	784	3
1317	785	1
1317	788	4
1317	830	3
1317	858	5
1317	880	1
1317	922	4
1317	924	4
1317	940	4
1317	947	4
1317	953	5
1317	968	3
1317	969	4
1317	986	4
1317	998	4
1317	1013	4
1317	1014	4
1317	1017	4
1317	1025	4
1317	1028	5
1317	1031	3
1317	1050	4
1317	1057	4
1317	1079	4
1317	1084	4
1317	1088	4
1317	1092	4
1317	1094	4
1317	1096	4
1317	1131	5
1317	1132	5
1317	1135	4
1317	1136	4
1317	1183	3
1317	1193	4
1317	1198	5
1317	1199	4
1317	1200	4
1317	1201	5
1317	1206	4
1317	1214	4
1317	1215	5
1317	1220	4
1317	1223	4
1317	1225	4
1317	1228	4
1317	1230	4
1317	1234	4
1317	1242	5
1317	1246	3
1317	1251	4
1317	1258	4
1317	1261	4
1317	1264	4
1317	1265	4
1317	1271	4
1317	1272	3
1317	1275	3
1317	1276	4
1317	1278	3
1317	1288	3
1317	1292	4
1317	1293	4
1317	1295	5
1317	1333	4
1317	1339	4
1317	1347	3
1317	1356	4
1317	1372	4
1317	1374	4
1317	1387	4
1317	1388	2
1317	1393	4
1317	1401	4
1317	1407	4
1317	1438	3
1317	1441	5
1317	1449	5
1317	1466	3
1317	1485	3
1317	1499	3
1317	1513	4
1317	1542	4
1317	1562	3
1317	1569	3
1317	1573	2
1317	1580	4
1317	1610	3
1317	1617	4
1317	1633	3
1317	1639	4
1317	1641	4
1317	1649	4
1317	1660	4
1317	1673	4
1317	1688	4
1317	1690	3
1317	1702	3
1317	1704	4
1317	1722	3
1317	1729	3
1317	1747	4
1317	1762	3
1317	1769	3
1317	1784	4
1317	1812	3
1317	1827	4
1317	1882	2
1317	1883	4
1317	1888	2
1317	1916	4
1317	1917	3
1317	1923	4
1317	1927	5
1317	1938	4
1317	1947	4
1317	1953	4
1317	1954	3
1317	1957	4
1317	1962	4
1317	1974	4
1317	1982	4
1317	1994	4
1317	1995	3
1317	1997	5
1317	2009	5
1317	2011	4
1317	2012	4
1317	2015	4
1317	2016	2
1317	2021	4
1317	2032	3
1317	2038	2
1317	2059	3
1317	2077	4
1317	2080	4
1317	2081	5
1317	2095	3
1317	2097	4
1317	2100	4
1317	2105	3
1317	2107	1
1317	2118	4
1317	2121	2
1317	2123	5
1317	2125	4
1317	2138	3
1317	2147	3
1317	2151	4
1317	2193	4
1317	2245	4
1317	2282	3
1317	2293	3
1317	2302	4
1317	2313	4
1317	2315	2
1317	2316	3
1317	2318	4
1317	2336	5
1317	2346	4
1317	2349	4
1317	2359	5
1317	2369	4
1317	2389	1
1317	2391	5
1317	2395	4
1317	2396	4
1317	2399	3
1317	2405	4
1317	2407	5
1317	2408	3
1317	2410	2
1317	2424	4
1317	2429	3
1317	2469	4
1317	2471	3
1317	2501	4
1317	2529	5
1317	2548	2
1317	2567	3
1317	2590	3
1317	2598	2
1317	2600	5
1317	2617	4
1317	2629	4
1317	2640	4
1317	2642	3
1317	2664	5
1317	2692	4
1317	2693	4
1317	2701	1
1317	2709	3
1317	2712	3
1317	2716	4
1317	2719	2
1317	2722	3
1317	2732	4
1317	2734	4
1317	2735	3
1317	2746	3
1317	2763	2
1317	2764	3
1317	2770	3
1317	2795	4
1317	2804	4
1317	2807	2
1317	2819	5
1317	2866	5
1317	2871	5
1317	2890	4
1317	2908	4
1317	2916	5
1317	2917	4
1317	2919	4
1317	2921	4
1317	2922	4
1317	2935	4
1317	2950	2
1317	2951	4
1317	2976	3
1317	2986	3
1317	2990	4
1317	2993	4
1317	2995	2
1317	2997	4
1317	3005	2
1317	3006	4
1317	3019	5
1317	3033	3
1317	3036	4
1317	3039	4
1317	3040	4
1317	3072	5
1317	3100	4
1317	3107	4
1317	3114	4
1317	3146	3
1317	3148	4
1317	3157	2
1317	3175	4
1317	3176	4
1317	3178	4
1317	3185	3
1317	3198	4
1317	3203	4
1317	3244	4
1317	3247	3
1317	3252	4
1317	3253	5
1317	3256	3
1317	3263	4
1317	3272	4
1317	3300	2
1317	3308	4
1317	3317	4
1317	3362	5
1317	3409	4
1317	3418	5
1317	3421	4
1317	3424	4
1317	3425	4
1317	3429	3
1317	3438	4
1317	3471	4
1317	3478	4
1317	3479	3
1317	3489	3
1317	3499	4
1317	3508	3
1317	3510	3
1317	3524	3
1317	3527	4
1317	3545	5
1317	3552	4
1317	3555	3
1317	3578	4
1317	3590	3
1317	3594	3
1317	3598	4
1317	3633	4
1317	3635	4
1317	3638	3
1317	3649	2
1317	3655	3
1317	3671	4
1317	3672	3
1317	3675	4
1317	3681	4
1317	3684	4
1317	3685	4
1317	3693	3
1317	3697	3
1317	3698	3
1317	3700	4
1317	3702	5
1317	3703	5
1317	3704	5
1317	3707	5
1317	3740	3
1317	3745	3
1317	3747	4
1317	3753	4
1317	3760	5
1317	3782	2
1317	3784	3
1317	3791	4
1317	3793	3
1317	3796	3
1317	3798	2
1317	3812	4
1317	3819	4
1317	3821	1
1317	3834	3
1317	3844	4
1317	3862	3
1317	3864	2
1317	3877	3
1317	3893	3
1317	3900	4
1317	3926	4
1317	3928	4
1317	3952	5
1332	908	3
1332	1136	3
1332	1193	5
1332	1288	5
1332	1292	3
1332	1970	2
1332	2322	1
1332	2396	5
1332	2716	4
1332	2804	5
1332	3114	5
1332	3362	3
1332	3421	3
1332	3671	3
1333	6	5
1333	10	3
1333	34	5
1333	41	4
1333	70	2
1333	110	4
1333	111	5
1333	144	2
1333	151	5
1333	157	1
1333	198	4
1333	232	5
1333	235	5
1333	246	5
1333	247	2
1333	296	5
1333	303	3
1333	317	1
1333	318	5
1333	329	1
1333	362	4
1333	373	5
1333	379	2
1333	416	1
1333	419	1
1333	432	2
1333	441	2
1333	457	5
1333	466	3
1333	480	4
1333	510	2
1333	512	2
1333	527	2
1333	555	4
1333	588	4
1333	590	5
1333	593	5
1333	608	5
1333	610	3
1333	653	3
1333	671	5
1333	707	2
1333	780	1
1333	785	5
1333	799	2
1333	810	1
1333	830	1
1333	858	5
1333	861	3
1333	866	5
1333	903	5
1333	908	5
1333	910	5
1333	924	5
1333	926	3
1333	929	5
1333	931	5
1333	940	5
1333	968	5
1333	969	5
1333	971	5
1333	1015	1
1333	1019	4
1333	1060	5
1333	1084	5
1333	1086	5
1333	1092	4
1333	1094	4
1333	1104	4
1333	1136	5
1333	1147	5
1333	1171	3
1333	1193	5
1333	1198	5
1333	1199	5
1333	1200	5
1333	1201	5
1333	1204	5
1333	1206	5
1333	1213	5
1333	1214	4
1333	1215	2
1333	1217	5
1333	1220	5
1333	1222	5
1333	1225	4
1333	1227	5
1333	1228	5
1333	1230	5
1333	1234	5
1333	1242	5
1333	1252	5
1333	1258	4
1333	1261	5
1333	1265	4
1333	1272	5
1333	1275	5
1333	1276	5
1333	1278	5
1333	1283	5
1333	1287	5
1333	1288	5
1333	1292	4
1333	1293	2
1333	1333	5
1333	1356	1
1333	1372	2
1333	1373	3
1333	1374	5
1333	1378	4
1333	1379	2
1333	1387	5
1333	1391	3
1333	1394	4
1333	1396	3
1333	1408	5
1333	1445	1
1333	1464	2
1333	1488	2
1333	1573	5
1333	1580	5
1333	1590	3
1333	1595	1
1333	1610	5
1333	1615	5
1333	1617	5
1333	1639	5
1333	1641	5
1333	1673	5
1333	1689	1
1333	1690	1
1333	1702	1
1333	1704	5
1333	1722	3
1333	1729	5
1333	1783	2
1333	1784	5
1333	1806	1
1333	1834	5
1333	1892	5
1333	1912	5
1333	1920	1
1333	1923	5
1333	1924	5
1333	1950	4
1333	1953	5
1333	1954	5
1333	1957	2
1333	1967	4
1333	1970	1
1333	1972	1
1333	1973	1
1333	1986	1
1333	2001	2
1333	2009	4
1333	2010	4
1333	2011	1
1333	2012	1
1333	2018	5
1333	2019	5
1333	2021	1
1333	2023	1
1333	2032	1
1333	2058	4
1333	2093	2
1333	2095	2
1333	2100	4
1333	2105	3
1333	2130	5
1333	2143	3
1333	2177	2
1333	2184	2
1333	2193	1
1333	2202	5
1333	2278	4
1333	2287	4
1333	2289	3
1333	2311	4
1333	2346	3
1333	2377	4
1333	2391	5
1333	2399	1
1333	2401	2
1333	2407	3
1333	2456	1
1333	2490	3
1333	2529	5
1333	2533	3
1333	2535	2
1333	2583	2
1333	2617	3
1333	2640	5
1333	2664	5
1333	2672	4
1333	2701	2
1333	2745	3
1333	2763	5
1333	2788	5
1333	2804	5
1333	2890	5
1333	2912	5
1333	2916	5
1333	2917	5
1333	2919	2
1333	2921	5
1333	2951	5
1333	2952	5
1333	2990	2
1333	2993	5
1333	2997	5
1333	3006	2
1333	3029	4
1333	3033	2
1333	3040	3
1333	3044	5
1333	3062	4
1333	3068	4
1333	3090	2
1333	3104	5
1333	3107	2
1333	3175	5
1333	3178	4
1333	3256	3
1333	3269	1
1333	3334	5
1333	3340	5
1333	3359	5
1333	3362	5
1333	3409	2
1333	3418	4
1333	3421	5
1333	3424	3
1333	3430	3
1333	3438	1
1333	3450	5
1333	3468	5
1333	3471	5
1333	3476	4
1333	3479	4
1333	3489	1
1333	3506	4
1333	3508	5
1333	3510	4
1333	3527	3
1333	3551	5
1333	3555	3
1333	3578	5
1333	3590	2
1333	3633	3
1333	3635	4
1333	3638	1
1333	3654	4
1333	3671	5
1333	3681	5
1333	3698	3
1333	3700	4
1333	3702	3
1333	3703	5
1333	3704	3
1333	3729	4
1333	3740	3
1333	3745	4
1333	3758	1
1333	3760	4
1333	3793	5
1333	3812	5
1333	3836	5
1333	3927	4
1333	3932	4
1333	3937	3
1335	36	3
1335	70	1
1335	111	5
1335	232	4
1335	296	5
1335	318	4
1335	480	2
1335	549	4
1335	581	4
1335	593	5
1335	608	4
1335	858	5
1335	908	5
1335	922	5
1335	924	5
1335	1079	5
1335	1084	4
1335	1088	2
1335	1096	2
1335	1136	4
1335	1161	4
1335	1175	4
1335	1176	3
1335	1189	5
1335	1193	4
1335	1199	4
1335	1206	5
1335	1211	5
1335	1213	5
1335	1222	4
1335	1223	4
1335	1225	3
1335	1227	4
1335	1228	5
1335	1230	5
1335	1252	5
1335	1265	5
1335	1278	3
1335	1288	2
1335	1292	4
1335	1293	2
1335	1295	2
1335	1329	3
1335	1331	1
1335	1346	2
1335	1387	3
1335	1388	1
1335	1392	4
1335	1394	5
1335	1419	4
1335	1423	5
1335	1580	4
1335	1617	4
1335	1641	3
1335	1649	5
1335	1673	2
1335	1674	3
1335	1704	3
1335	1734	4
1335	1834	4
1335	1955	2
1335	1957	3
1335	1962	2
1335	1974	1
1335	1982	2
1335	1997	4
1335	1998	2
1335	2009	3
1335	2022	1
1335	2074	3
1335	2105	3
1335	2177	1
1335	2178	4
1335	2247	4
1335	2289	4
1335	2312	2
1335	2318	4
1335	2349	3
1335	2369	2
1335	2395	4
1335	2396	4
1335	2474	3
1335	2521	1
1335	2523	1
1335	2535	1
1335	2551	1
1335	2624	3
1335	2690	3
1335	2692	5
1335	2739	1
1335	2788	4
1335	2804	4
1335	2819	3
1335	2871	3
1335	2877	3
1335	2908	3
1335	2915	2
1335	2919	4
1335	2932	4
1335	2976	3
1335	2997	5
1335	3015	2
1335	3019	3
1335	3037	4
1335	3094	3
1335	3102	2
1335	3104	2
1335	3112	1
1335	3114	4
1335	3141	2
1335	3198	4
1335	3203	3
1335	3223	4
1335	3251	1
1335	3317	2
1335	3359	3
1335	3362	3
1335	3409	3
1335	3421	2
1335	3429	4
1335	3430	2
1335	3445	1
1335	3471	4
1335	3505	1
1335	3547	4
1335	3551	3
1335	3552	2
1335	3578	2
1335	3598	1
1335	3608	3
1335	3671	3
1335	3676	4
1335	3685	4
1335	3702	3
1335	3728	4
1335	3738	3
1335	3747	4
1335	3791	2
1335	3812	4
1335	3844	1
1335	3893	3
1335	3910	3
1335	3927	4
1351	34	5
1351	232	4
1351	903	4
1351	1276	3
1351	1357	4
1351	1617	4
1351	2804	5
1354	10	4
1354	17	3
1354	19	2
1354	22	5
1354	24	4
1354	26	3
1354	34	3
1354	36	3
1354	41	2
1354	42	2
1354	70	3
1354	89	4
1354	95	2
1354	110	5
1354	111	2
1354	144	2
1354	151	2
1354	153	3
1354	170	5
1354	173	3
1354	198	2
1354	203	4
1354	222	4
1354	229	2
1354	235	4
1354	236	5
1354	242	5
1354	282	3
1354	293	3
1354	294	3
1354	318	5
1354	333	4
1354	339	3
1354	342	3
1354	348	3
1354	357	3
1354	360	3
1354	372	3
1354	408	3
1354	429	3
1354	443	4
1354	454	5
1354	457	5
1354	477	4
1354	480	3
1354	483	5
1354	487	2
1354	497	5
1354	505	4
1354	514	4
1354	515	3
1354	527	4
1354	529	3
1354	532	2
1354	537	2
1354	538	4
1354	587	2
1354	588	5
1354	590	4
1354	593	4
1354	595	2
1354	605	3
1354	608	5
1354	653	4
1354	656	3
1354	736	1
1354	747	1
1354	780	4
1354	783	2
1354	799	4
1354	832	4
1354	833	3
1354	838	4
1354	851	4
1354	866	2
1354	875	5
1354	903	4
1354	908	3
1354	914	3
1354	945	3
1354	1020	3
1354	1028	3
1354	1029	3
1354	1030	2
1354	1032	2
1354	1042	4
1354	1050	5
1354	1054	5
1354	1059	4
1354	1060	3
1354	1088	4
1354	1094	3
1354	1126	4
1354	1136	4
1354	1147	5
1354	1183	3
1354	1198	5
1354	1199	2
1354	1200	4
1354	1214	4
1354	1215	4
1354	1222	4
1354	1261	4
1354	1265	5
1354	1271	4
1354	1272	3
1354	1275	3
1354	1277	4
1354	1339	4
1354	1357	4
1354	1365	4
1354	1367	2
1354	1378	5
1354	1379	4
1354	1390	5
1354	1391	4
1354	1393	5
1354	1396	5
1354	1398	4
1354	1407	4
1354	1408	3
1354	1425	2
1354	1441	3
1354	1449	4
1354	1457	3
1354	1466	3
1354	1485	3
1354	1498	5
1354	1513	4
1354	1535	2
1354	1542	3
1354	1566	4
1354	1569	3
1354	1580	4
1354	1605	3
1354	1612	2
1354	1615	2
1354	1617	5
1354	1641	4
1354	1648	4
1354	1649	5
1354	1660	5
1354	1674	2
1354	1680	4
1354	1683	4
1354	1687	3
1354	1696	4
1354	1699	4
1354	1704	4
1354	1721	1
1354	1722	3
1354	1727	3
1354	1734	4
1354	1760	4
1354	1769	3
1354	1784	3
1354	1804	3
1354	1833	4
1354	1834	4
1354	1835	4
1354	1840	4
1354	1874	4
1354	1875	4
1354	1883	4
1354	1888	4
1354	1895	4
1354	1912	3
1354	1914	5
1354	1917	3
1354	1918	5
1354	1920	4
1354	1923	3
1354	1947	4
1354	1953	2
1354	1967	5
1354	1994	3
1354	1997	3
1354	2021	2
1354	2029	4
1354	2045	3
1354	2077	5
1354	2078	4
1354	2080	3
1354	2081	5
1354	2083	3
1354	2100	3
1354	2105	2
1354	2112	4
1354	2125	4
1354	2143	3
1354	2146	3
1354	2161	4
1354	2171	2
1354	2183	3
1354	2193	5
1354	2232	4
1354	2272	3
1354	2282	2
1354	2312	2
1354	2315	3
1354	2316	4
1354	2336	5
1354	2356	2
1354	2359	3
1354	2373	3
1354	2385	3
1354	2390	3
1354	2395	4
1354	2407	3
1354	2424	4
1354	2437	2
1354	2468	4
1354	2471	2
1354	2485	5
1354	2490	4
1354	2500	4
1354	2501	2
1354	2558	4
1354	2581	4
1354	2598	3
1354	2609	5
1354	2617	4
1354	2629	2
1354	2642	3
1354	2672	2
1354	2690	2
1354	2692	5
1354	2701	3
1354	2712	1
1354	2722	3
1354	2735	4
1354	2746	5
1354	2763	5
1354	2769	2
1354	2771	3
1354	2772	3
1354	2793	4
1354	2822	3
1354	2826	5
1354	2840	5
1354	2871	2
1354	2877	4
1354	2908	2
1354	2912	3
1354	2916	5
1354	2950	2
1354	2977	3
1354	2978	3
1354	2979	2
1354	2997	5
1354	3006	2
1354	3020	2
1354	3033	5
1354	3044	5
1354	3051	4
1354	3053	3
1354	3079	5
1354	3115	5
1354	3145	3
1354	3146	4
1354	3148	5
1354	3157	3
1354	3185	2
1354	3238	2
1354	3247	2
1354	3252	5
1354	3253	4
1354	3255	5
1354	3263	3
1354	3275	3
1354	3300	4
1354	3354	4
1354	3401	2
1354	3418	4
1354	3436	2
1354	3450	1
1354	3466	4
1354	3477	3
1354	3479	3
1354	3489	3
1354	3500	1
1354	3527	3
1354	3545	4
1354	3562	2
1354	3578	4
1354	3594	3
1354	3598	1
1354	3616	3
1354	3671	4
1354	3712	5
1354	3744	4
1354	3753	2
1354	3786	3
1354	3790	3
1354	3793	5
1354	3797	3
1354	3798	4
1354	3823	2
1354	3858	3
1354	3879	1
1354	3882	4
1354	3885	5
1354	3893	5
1354	3896	2
1354	3902	2
1354	3943	4
1360	34	4
1360	36	4
1360	110	5
1360	111	5
1360	151	4
1360	235	5
1360	296	4
1360	480	4
1360	529	5
1360	608	4
1360	671	3
1360	736	1
1360	780	3
1360	788	2
1360	880	2
1360	1215	4
1360	1225	5
1360	1288	4
1360	1374	1
1360	1391	2
1360	1393	3
1360	1401	3
1360	1513	1
1360	1580	3
1360	1704	4
1360	1721	2
1360	1729	4
1360	1779	1
1360	1784	4
1360	1924	3
1360	2012	4
1360	2021	2
1360	2365	4
1360	2395	3
1360	2411	3
1360	2642	2
1360	2709	3
1360	2712	3
1360	2716	4
1360	2770	3
1360	2890	5
1360	2912	5
1360	2976	5
1360	2997	5
1360	3033	3
1360	3037	4
1360	3157	2
1360	3159	5
1360	3334	4
1360	3471	2
1360	3698	2
1360	3704	3
1360	3723	5
1362	70	4
1362	110	4
1362	144	3
1362	198	3
1362	256	2
1362	277	3
1362	329	3
1362	379	2
1362	480	3
1362	527	3
1362	593	4
1362	608	4
1362	671	4
1362	741	4
1362	780	4
1362	788	3
1362	903	4
1362	908	4
1362	922	5
1362	1136	4
1362	1171	4
1362	1199	4
1362	1200	2
1362	1204	4
1362	1252	5
1362	1286	3
1362	1356	4
1362	1372	3
1362	1373	1
1362	1374	4
1362	1391	2
1362	1396	3
1362	1466	4
1362	1573	3
1362	1580	3
1362	1673	4
1362	1917	2
1362	1949	4
1362	2011	2
1362	2012	3
1362	2019	5
1362	2021	2
1362	2046	3
1362	2105	3
1362	2173	3
1362	2232	4
1362	2241	3
1362	2311	4
1362	2407	5
1362	2598	3
1362	2600	3
1362	2624	4
1362	2642	1
1362	2672	4
1362	2681	2
1362	2708	5
1362	2722	4
1362	2769	3
1362	2812	4
1362	2916	2
1362	2986	2
1362	3033	2
1362	3090	4
1362	3162	1
1362	3175	4
1362	3269	3
1362	3300	4
1362	3354	3
1362	3409	4
1362	3450	3
1362	3467	3
1362	3510	3
1362	3513	4
1362	3515	4
1362	3527	3
1362	3538	4
1362	3555	3
1362	3578	2
1362	3594	4
1362	3698	3
1362	3700	3
1362	3703	4
1362	3704	3
1362	3745	3
1362	3747	3
1362	3753	3
1362	3786	3
1362	3793	3
1362	3872	4
1362	3882	3
1362	3893	4
1362	3898	4
1362	3910	5
1362	3912	1
1362	3926	2
1362	3927	4
1362	3931	2
1362	3952	4
1363	246	5
1363	549	5
1363	1198	3
1363	1265	5
1363	2171	4
1363	2289	5
1363	2396	4
1363	2921	2
1363	2997	5
1363	3618	4
1380	10	5
1380	34	3
1380	44	5
1380	95	3
1380	110	5
1380	153	4
1380	170	5
1380	293	4
1380	296	3
1380	303	3
1380	329	3
1380	379	3
1380	432	4
1380	457	4
1380	480	5
1380	494	3
1380	500	3
1380	533	3
1380	546	3
1380	558	3
1380	588	4
1380	653	4
1380	671	3
1380	736	3
1380	780	4
1380	783	3
1380	830	3
1380	836	2
1380	849	4
1380	861	4
1380	1019	4
1380	1025	3
1380	1030	3
1380	1064	3
1380	1126	3
1380	1198	4
1380	1230	5
1380	1265	5
1380	1275	3
1380	1333	3
1380	1356	4
1380	1367	3
1380	1372	3
1380	1393	3
1380	1396	4
1380	1445	4
1380	1525	2
1380	1566	3
1380	1573	3
1380	1580	5
1380	1606	2
1380	1610	4
1380	1688	3
1380	1721	1
1380	1722	5
1380	1739	2
1380	1762	1
1380	1769	5
1380	1779	2
1380	1784	3
1380	1806	3
1380	1833	3
1380	1834	3
1380	1882	2
1380	1912	3
1380	1917	4
1380	1920	3
1380	1923	3
1380	2012	3
1380	2021	3
1380	2036	2
1380	2053	3
1380	2153	1
1380	2193	5
1380	2278	4
1380	2322	3
1380	2353	3
1380	2359	5
1380	2396	3
1380	2424	2
1380	2490	4
1380	2500	1
1380	2501	4
1380	2539	4
1380	2540	3
1380	2549	3
1380	2617	3
1380	2672	2
1380	2701	1
1380	2761	3
1380	2826	3
1380	2890	2
1380	2916	2
1380	2953	3
1380	2997	4
1380	3033	4
1380	3114	5
1380	3159	4
1380	3175	5
1380	3213	4
1380	3300	4
1380	3438	4
1380	3450	2
1380	3479	3
1380	3489	3
1380	3578	4
1380	3638	4
1380	3669	4
1380	3745	3
1380	3754	4
1380	3784	3
1380	3793	5
1380	3864	3
1380	3877	2
1384	110	4
1384	480	4
1384	908	4
1384	1580	4
1384	1617	4
1384	3300	1
1384	3555	2
1384	3578	5
1384	3753	2
1384	3793	3
1387	17	5
1387	28	2
1387	110	4
1387	111	4
1387	246	4
1387	247	5
1387	318	3
1387	446	5
1387	457	3
1387	480	3
1387	527	5
1387	581	4
1387	588	2
1387	595	1
1387	608	5
1387	780	4
1387	824	5
1387	858	5
1387	866	4
1387	903	5
1387	905	4
1387	908	4
1387	910	5
1387	911	2
1387	914	4
1387	918	3
1387	922	5
1387	924	4
1387	931	3
1387	933	3
1387	938	4
1387	940	4
1387	942	3
1387	945	4
1387	947	4
1387	969	5
1387	1028	2
1387	1029	1
1387	1032	3
1387	1041	5
1387	1050	4
1387	1066	5
1387	1084	4
1387	1086	4
1387	1094	4
1387	1104	4
1387	1136	5
1387	1163	4
1387	1178	4
1387	1183	2
1387	1198	5
1387	1204	4
1387	1213	5
1387	1226	3
1387	1228	4
1387	1230	5
1387	1234	3
1387	1252	5
1387	1265	5
1387	1276	3
1387	1277	4
1387	1287	2
1387	1288	5
1387	1356	4
1387	1357	3
1387	1408	3
1387	1480	3
1387	1507	3
1387	1580	3
1387	1610	4
1387	1617	5
1387	1639	4
1387	1674	4
1387	1947	2
1387	1950	3
1387	1964	3
1387	2018	2
1387	2080	2
1387	2102	3
1387	2130	4
1387	2184	5
1387	2203	5
1387	2208	4
1387	2289	4
1387	2313	3
1387	2396	5
1387	2693	4
1387	2708	4
1387	2731	5
1387	2871	4
1387	2890	5
1387	2916	3
1387	2919	4
1387	2935	4
1387	2937	3
1387	2970	2
1387	3037	4
1387	3044	4
1387	3061	3
1387	3093	4
1387	3094	4
1387	3104	3
1387	3114	4
1387	3251	3
1387	3334	4
1387	3418	4
1387	3468	3
1387	3545	5
1387	3679	4
1387	3685	2
1387	3811	3
1387	3819	4
1387	3929	3
1391	34	5
1391	52	3
1391	110	2
1391	144	2
1391	151	4
1391	158	3
1391	205	3
1391	222	3
1391	232	4
1391	235	3
1391	294	4
1391	317	2
1391	329	2
1391	339	4
1391	342	3
1391	357	3
1391	362	4
1391	446	3
1391	472	3
1391	480	5
1391	496	1
1391	497	3
1391	500	4
1391	505	2
1391	587	4
1391	588	4
1391	590	3
1391	788	3
1391	838	3
1391	866	3
1391	986	3
1391	987	3
1391	1015	3
1391	1028	3
1391	1030	3
1391	1042	4
1391	1079	3
1391	1094	4
1391	1171	3
1391	1183	4
1391	1198	4
1391	1238	4
1391	1265	4
1391	1277	4
1391	1356	4
1391	1357	4
1391	1372	3
1391	1374	3
1391	1392	3
1391	1393	4
1391	1414	3
1391	1446	5
1391	1485	4
1391	1513	3
1391	1535	3
1391	1542	4
1391	1566	3
1391	1569	3
1391	1580	4
1391	1617	4
1391	1641	4
1391	1673	3
1391	1721	5
1391	1734	4
1391	1747	4
1391	1784	4
1391	1794	2
1391	1845	4
1391	1875	3
1391	1923	5
1391	2171	3
1391	2282	4
1391	2289	4
1391	2302	3
1391	2359	4
1391	2390	4
1391	2395	4
1391	2396	5
1391	2405	4
1391	2424	3
1391	2434	4
1391	2471	3
1391	2520	4
1391	2567	3
1391	2617	4
1391	2690	3
1391	2716	4
1391	2770	3
1391	2794	4
1391	2919	2
1391	2997	5
1391	3072	3
1391	3114	5
1391	3157	2
1391	3175	4
1391	3178	4
1391	3255	4
1391	3263	3
1391	3489	2
1391	3510	3
1391	3538	4
1403	198	2
1403	231	5
1403	480	4
1403	653	3
1403	671	4
1403	1096	4
1403	1199	4
1403	1200	2
1403	1214	4
1403	1223	5
1403	1356	5
1403	1372	4
1403	1374	4
1403	1449	5
1403	1573	3
1403	1580	3
1403	1874	5
1403	1914	3
1403	1967	5
1403	2021	1
1403	2100	5
1403	2105	4
1403	2359	5
1403	2529	3
1403	2664	4
1403	2916	4
1403	3175	5
1403	3466	3
1403	3471	3
1403	3479	4
1403	3793	4
1403	3927	4
1406	34	4
1406	262	4
1406	296	4
1406	318	5
1406	527	5
1406	593	4
1406	1198	4
1406	1213	4
1406	1393	4
1406	1704	4
1406	1721	3
1406	2023	5
1406	2100	3
1406	2986	2
1406	3252	3
1407	34	5
1407	36	4
1407	235	4
1407	247	4
1407	296	5
1407	300	4
1407	318	5
1407	357	4
1407	373	3
1407	457	4
1407	477	3
1407	515	5
1407	527	5
1407	535	5
1407	538	4
1407	590	5
1407	593	5
1407	608	5
1407	866	4
1407	1028	4
1407	1094	5
1407	1183	5
1407	1213	3
1407	1223	5
1407	1265	5
1407	1277	4
1407	1393	4
1407	1396	3
1407	1408	3
1407	1449	5
1407	1617	4
1407	1639	4
1407	1641	5
1407	1673	3
1407	1680	3
1407	1704	3
1407	1721	4
1407	1729	3
1407	1734	4
1407	1784	4
1407	1883	3
1407	1914	4
1407	1916	4
1407	2024	5
1407	2112	4
1407	2159	5
1407	2289	5
1407	2329	4
1407	2391	5
1407	2395	3
1407	2396	5
1407	2501	4
1407	2580	5
1407	2594	4
1407	2600	2
1407	2692	5
1407	2761	4
1407	2890	3
1407	2908	5
1407	2912	3
1407	2916	3
1407	2997	5
1407	3006	5
1407	3100	5
1407	3114	5
1407	3148	4
1407	3176	3
1407	3185	5
1407	3299	3
1407	3317	4
1407	3418	5
1407	3429	5
1407	3510	4
1407	3515	5
1407	3578	4
1407	3598	3
1407	3712	4
1407	3747	4
1407	3753	4
1407	3783	5
1407	3784	3
1407	3786	4
1407	3793	3
1407	3854	4
1407	3893	4
1407	3910	4
1407	3952	4
1417	457	4
1417	945	4
1417	1621	4
1417	3510	3
1417	3555	2
1417	3578	4
1417	3744	3
1417	3745	2
1417	3753	4
1417	3754	2
1417	3793	3
1417	3951	5
1417	3952	5
1418	10	3
1418	20	3
1418	24	2
1418	44	3
1418	89	3
1418	95	4
1418	110	3
1418	145	4
1418	153	4
1418	163	3
1418	170	3
1418	173	2
1418	181	2
1418	198	2
1418	256	2
1418	303	3
1418	317	3
1418	329	3
1418	360	3
1418	379	3
1418	434	3
1418	457	4
1418	466	2
1418	479	4
1418	480	4
1418	533	2
1418	546	2
1418	548	3
1418	653	3
1418	736	3
1418	780	4
1418	785	2
1418	849	2
1418	886	2
1418	905	3
1418	1198	4
1418	1200	3
1418	1214	4
1418	1220	3
1418	1242	4
1418	1356	4
1418	1372	3
1418	1373	2
1418	1374	4
1418	1379	4
1418	1387	5
1418	1388	3
1418	1391	1
1418	1396	4
1418	1407	4
1418	1497	2
1418	1499	3
1418	1525	2
1418	1562	1
1418	1573	3
1418	1580	4
1418	1590	2
1418	1599	1
1418	1610	4
1418	1687	3
1418	1690	3
1418	1772	1
1418	1779	2
1418	1792	4
1418	1882	1
1418	1912	3
1418	1918	3
1418	1954	4
1418	2011	3
1418	2012	3
1418	2058	4
1418	2105	3
1418	2153	2
1418	2188	2
1418	2322	3
1418	2368	2
1418	2396	5
1418	2399	3
1418	2405	3
1418	2408	3
1418	2411	3
1418	2456	3
1418	2468	4
1418	2485	3
1418	2490	3
1418	2546	4
1418	2549	3
1418	2581	3
1418	2606	2
1418	2617	4
1418	2640	5
1418	2642	3
1418	2712	1
1418	2716	4
1418	2719	2
1418	2722	3
1418	2735	3
1418	2763	4
1418	2764	2
1418	2771	3
1418	2807	1
1418	2815	3
1418	2916	4
1418	2986	3
1418	2990	3
1418	2997	2
1418	3033	4
1418	3107	4
1418	3114	3
1418	3157	3
1418	3175	4
1418	3256	4
1418	3269	3
1418	3354	1
1418	3405	4
1418	3409	4
1418	3438	3
1418	3444	4
1418	3471	5
1418	3527	4
1418	3697	3
1418	3698	3
1418	3793	4
1418	3877	3
1418	3882	2
1420	6	4
1420	10	3
1420	22	3
1420	34	4
1420	36	5
1420	70	3
1420	89	3
1420	110	5
1420	161	4
1420	163	3
1420	198	2
1420	246	3
1420	293	4
1420	303	1
1420	318	5
1420	352	3
1420	373	3
1420	454	3
1420	457	4
1420	480	5
1420	527	5
1420	532	4
1420	535	4
1420	555	5
1420	587	4
1420	588	3
1420	590	5
1420	593	5
1420	608	5
1420	628	3
1420	662	2
1420	788	3
1420	799	3
1420	832	3
1420	858	5
1420	924	5
1420	1041	3
1420	1088	2
1420	1092	4
1420	1112	4
1420	1126	2
1420	1147	5
1420	1175	5
1420	1198	5
1420	1199	5
1420	1200	5
1420	1204	3
1420	1213	5
1420	1214	4
1420	1215	3
1420	1222	5
1420	1242	5
1420	1258	5
1420	1265	5
1420	1275	4
1420	1278	4
1420	1283	5
1420	1287	3
1420	1339	3
1420	1347	3
1420	1357	4
1420	1374	4
1420	1378	4
1420	1379	3
1420	1387	5
1420	1396	3
1420	1408	4
1420	1411	3
1420	1573	2
1420	1580	2
1420	1610	4
1420	1617	5
1420	1673	4
1420	1683	2
1420	1699	4
1420	1704	5
1420	1734	4
1420	1834	3
1420	1840	3
1420	1912	5
1420	1914	3
1420	1916	3
1420	1954	4
1420	1967	3
1420	1982	3
1420	1994	3
1420	1997	4
1420	2001	4
1420	2019	5
1420	2100	3
1420	2105	3
1420	2118	4
1420	2143	4
1420	2161	4
1420	2173	3
1420	2193	5
1420	2287	2
1420	2289	4
1420	2391	1
1420	2395	3
1420	2396	4
1420	2401	4
1420	2490	3
1420	2716	4
1420	2746	3
1420	2763	2
1420	2826	1
1420	2890	4
1420	2912	4
1420	2916	4
1420	2952	3
1420	2993	3
1420	2997	3
1420	3044	3
1420	3104	5
1420	3256	4
1420	3267	3
1420	3418	3
1420	3476	4
1420	3489	5
1420	3499	3
1420	3508	5
1420	3527	5
1420	3578	3
1420	3654	4
1420	3671	3
1420	3700	3
1420	3702	5
1420	3703	5
1420	3740	5
1420	3753	1
1431	110	3
1431	480	2
1431	858	5
1431	908	4
1431	1407	2
1431	3072	4
1431	3633	3
1434	19	1
1434	24	4
1434	34	1
1434	38	4
1434	54	1
1434	89	5
1434	153	4
1434	170	4
1434	186	4
1434	216	1
1434	231	1
1434	256	3
1434	317	3
1434	329	1
1434	333	1
1434	339	4
1434	355	3
1434	410	3
1434	413	1
1434	415	4
1434	433	4
1434	457	5
1434	472	4
1434	480	4
1434	500	1
1434	505	3
1434	532	2
1434	546	4
1434	587	2
1434	588	2
1434	656	1
1434	736	5
1434	780	1
1434	784	1
1434	788	1
1434	810	1
1434	837	3
1434	840	2
1434	891	3
1434	934	1
1434	968	3
1434	1014	1
1434	1028	1
1434	1032	2
1434	1126	3
1434	1214	3
1434	1265	3
1434	1278	2
1434	1356	1
1434	1367	1
1434	1372	1
1434	1373	1
1434	1407	5
1434	1441	3
1434	1485	4
1434	1562	4
1434	1566	3
1434	1569	1
1434	1580	1
1434	1592	1
1434	1646	1
1434	1665	3
1434	1690	3
1434	1702	2
1434	1703	3
1434	1753	1
1434	1784	1
1434	1792	5
1434	1806	2
1434	1833	4
1434	1882	4
1434	1887	1
1434	1888	1
1434	1895	3
1434	1917	4
1434	1923	1
1434	1982	4
1434	1992	4
1434	1993	4
1434	2004	3
1434	2011	1
1434	2012	1
1434	2027	1
1434	2038	1
1434	2053	3
1434	2058	5
1434	2080	1
1434	2081	1
1434	2093	1
1434	2107	3
1434	2142	1
1434	2302	2
1434	2339	4
1434	2353	1
1434	2385	3
1434	2389	2
1434	2396	1
1434	2407	1
1434	2424	1
1434	2485	1
1434	2506	4
1434	2529	1
1434	2530	1
1434	2533	1
1434	2548	2
1434	2567	3
1434	2581	4
1434	2617	4
1434	2640	1
1434	2642	1
1434	2709	1
1434	2716	3
1434	2798	3
1434	2804	1
1434	2881	5
1434	2889	1
1434	2953	1
1434	2986	1
1434	3033	1
1434	3157	3
1434	3247	3
1434	3253	1
1434	3255	3
1434	3263	1
1434	3409	4
1434	3477	1
1434	3515	1
1434	3594	3
1434	3608	1
1434	3618	1
1434	3793	5
1434	3864	4
1442	17	3
1442	34	1
1442	232	4
1442	247	4
1442	296	4
1442	299	4
1442	307	3
1442	318	3
1442	329	3
1442	527	4
1442	588	2
1442	593	4
1442	595	1
1442	608	4
1442	610	3
1442	671	2
1442	709	1
1442	783	1
1442	849	1
1442	1024	2
1442	1025	3
1442	1029	2
1442	1032	2
1442	1041	5
1442	1046	5
1442	1104	4
1442	1175	5
1442	1193	4
1442	1199	5
1442	1200	4
1442	1206	4
1442	1213	3
1442	1214	4
1442	1258	4
1442	1290	4
1442	1306	4
1442	1356	3
1442	1372	3
1442	1374	3
1442	1396	3
1442	1489	1
1442	1566	1
1442	1573	2
1442	1580	3
1442	1704	3
1442	1879	5
1442	1988	3
1442	2010	5
1442	2011	1
1442	2018	2
1442	2046	4
1442	2080	2
1442	2081	1
1442	2105	4
1442	2336	4
1442	2407	3
1442	2529	5
1442	2532	4
1442	2533	4
1442	2600	4
1442	2624	5
1442	2640	3
1442	2712	3
1442	2761	4
1442	2771	3
1442	2804	5
1442	2876	1
1442	2916	3
1442	3033	3
1442	3034	2
1442	3175	4
1442	3300	4
1442	3418	3
1442	3471	4
1442	3527	3
1442	3649	3
1442	3702	3
1442	3703	3
1442	3704	4
1442	3793	5
1442	3858	5
1442	3893	4
1442	3896	3
1442	3910	5
1444	110	4
1444	318	5
1444	532	2
1444	3072	4
1444	3317	4
1444	3409	3
1444	3578	5
1444	3594	4
1444	3744	3
1444	3793	4
1444	3798	3
1444	3821	2
1444	3879	2
1444	3952	4
1447	5	3
1447	6	5
1447	10	3
1447	19	3
1447	24	3
1447	26	5
1447	34	4
1447	42	3
1447	44	3
1447	52	3
1447	61	2
1447	70	3
1447	76	1
1447	89	4
1447	95	3
1447	110	3
1447	111	5
1447	145	3
1447	153	2
1447	157	4
1447	158	4
1447	161	4
1447	163	3
1447	170	2
1447	173	2
1447	174	2
1447	180	4
1447	186	3
1447	198	4
1447	216	3
1447	231	5
1447	235	5
1447	236	3
1447	247	4
1447	277	3
1447	293	4
1447	296	5
1447	300	5
1447	303	3
1447	317	2
1447	318	5
1447	330	1
1447	333	3
1447	339	3
1447	348	5
1447	355	3
1447	357	3
1447	360	2
1447	376	3
1447	379	3
1447	410	4
1447	413	3
1447	415	2
1447	427	2
1447	429	4
1447	432	4
1447	433	4
1447	434	4
1447	454	3
1447	457	4
1447	459	1
1447	466	4
1447	479	4
1447	480	4
1447	493	4
1447	494	4
1447	497	4
1447	500	1
1447	505	4
1447	513	2
1447	518	1
1447	527	5
1447	529	4
1447	533	4
1447	535	4
1447	546	3
1447	548	3
1447	555	4
1447	587	3
1447	588	3
1447	590	3
1447	593	3
1447	595	3
1447	605	4
1447	608	5
1447	671	4
1447	720	5
1447	736	2
1447	743	1
1447	780	3
1447	782	3
1447	783	5
1447	785	3
1447	798	4
1447	799	3
1447	830	3
1447	832	2
1447	833	2
1447	842	1
1447	849	2
1447	858	5
1447	861	4
1447	891	2
1447	903	3
1447	908	4
1447	909	4
1447	910	4
1447	914	4
1447	922	4
1447	924	4
1447	933	4
1447	953	5
1447	968	5
1447	1015	3
1447	1020	3
1447	1025	4
1447	1028	5
1447	1029	5
1447	1030	3
1447	1032	5
1447	1034	4
1447	1059	5
1447	1064	2
1447	1078	5
1447	1079	2
1447	1084	4
1447	1088	3
1447	1092	2
1447	1094	5
1447	1104	4
1447	1130	2
1447	1136	3
1447	1183	2
1447	1193	5
1447	1198	5
1447	1199	5
1447	1200	5
1447	1204	4
1447	1206	3
1447	1213	4
1447	1214	5
1447	1215	4
1447	1220	2
1447	1222	3
1447	1223	4
1447	1225	3
1447	1228	5
1447	1230	3
1447	1237	4
1447	1241	4
1447	1242	3
1447	1246	3
1447	1252	3
1447	1257	4
1447	1258	3
1447	1261	5
1447	1265	5
1447	1272	4
1447	1275	2
1447	1276	3
1447	1277	5
1447	1278	3
1447	1283	4
1447	1287	5
1447	1288	4
1447	1293	3
1447	1297	3
1447	1333	3
1447	1339	4
1447	1347	4
1447	1357	4
1447	1363	3
1447	1366	5
1447	1367	2
1447	1382	2
1447	1387	5
1447	1388	3
1447	1391	2
1447	1393	3
1447	1394	5
1447	1396	4
1447	1407	3
1447	1408	4
1447	1411	3
1447	1438	3
1447	1441	4
1447	1449	4
1447	1464	4
1447	1466	5
1447	1485	2
1447	1499	4
1447	1513	3
1447	1562	1
1447	1566	1
1447	1569	2
1447	1573	2
1447	1580	4
1447	1590	4
1447	1606	2
1447	1610	5
1447	1615	3
1447	1617	4
1447	1639	3
1447	1641	3
1447	1646	1
1447	1647	3
1447	1673	4
1447	1680	4
1447	1687	2
1447	1688	2
1447	1689	2
1447	1690	4
1447	1703	2
1447	1704	4
1447	1721	4
1447	1722	4
1447	1727	1
1447	1729	4
1447	1747	4
1447	1753	4
1447	1772	2
1447	1779	3
1447	1784	4
1447	1792	3
1447	1833	3
1447	1835	2
1447	1862	1
1447	1869	1
1447	1882	1
1447	1892	4
1447	1912	4
1447	1917	2
1447	1918	3
1447	1923	5
1447	1924	4
1447	1927	4
1447	1953	3
1447	1954	4
1447	1957	5
1447	1967	4
1447	1972	1
1447	1974	3
1447	1975	2
1447	1979	1
1447	1982	3
1447	1992	2
1447	1993	1
1447	1994	4
1447	1995	2
1447	1997	3
1447	2001	3
1447	2010	5
1447	2011	4
1447	2012	2
1447	2018	3
1447	2023	4
1447	2027	3
1447	2036	1
1447	2045	3
1447	2046	3
1447	2053	3
1447	2058	4
1447	2060	3
1447	2072	4
1447	2081	4
1447	2083	4
1447	2093	4
1447	2100	4
1447	2105	2
1447	2107	3
1447	2118	4
1447	2120	2
1447	2121	3
1447	2125	4
1447	2143	3
1447	2153	3
1447	2159	5
1447	2161	5
1447	2183	3
1447	2193	3
1447	2195	4
1447	2232	3
1447	2247	4
1447	2248	4
1447	2249	4
1447	2252	3
1447	2261	3
1447	2265	2
1447	2278	3
1447	2282	3
1447	2287	4
1447	2289	5
1447	2302	4
1447	2311	2
1447	2329	4
1447	2336	4
1447	2353	4
1447	2380	1
1447	2382	1
1447	2389	1
1447	2391	4
1447	2395	5
1447	2396	5
1447	2399	2
1447	2405	2
1447	2407	3
1447	2424	4
1447	2429	3
1447	2459	5
1447	2461	3
1447	2462	2
1447	2501	2
1447	2529	2
1447	2539	3
1447	2540	2
1447	2548	1
1447	2560	5
1447	2574	3
1447	2580	3
1447	2606	3
1447	2617	2
1447	2640	4
1447	2642	2
1447	2649	4
1447	2664	4
1447	2690	4
1447	2692	3
1447	2701	1
1447	2709	3
1447	2712	5
1447	2716	5
1447	2719	3
1447	2722	4
1447	2726	4
1447	2729	3
1447	2735	2
1447	2739	4
1447	2746	5
1447	2747	4
1447	2748	1
1447	2761	5
1447	2763	2
1447	2770	4
1447	2781	3
1447	2788	3
1447	2794	3
1447	2795	4
1447	2796	4
1447	2804	5
1447	2822	1
1447	2826	3
1447	2829	4
1447	2871	4
1447	2890	4
1447	2908	4
1447	2916	4
1447	2917	4
1447	2952	4
1447	2953	3
1447	2976	4
1447	2986	1
1447	2990	4
1447	2993	2
1447	2995	2
1447	2997	4
1447	3006	5
1447	3020	4
1447	3021	5
1447	3028	3
1447	3031	1
1447	3033	4
1447	3034	3
1447	3039	3
1447	3044	4
1447	3053	3
1447	3062	4
1447	3072	5
1447	3075	4
1447	3088	3
1447	3107	4
1447	3114	4
1447	3125	5
1447	3146	2
1447	3148	4
1447	3159	5
1447	3175	4
1447	3176	4
1447	3178	4
1447	3203	4
1447	3213	5
1447	3243	3
1447	3247	3
1447	3252	3
1447	3253	5
1447	3255	4
1447	3256	3
1447	3263	2
1447	3267	3
1447	3269	3
1447	3274	2
1447	3300	4
1447	3317	4
1447	3340	3
1447	3354	1
1447	3385	3
1447	3398	4
1447	3421	3
1447	3432	1
1447	3438	3
1447	3466	3
1447	3471	4
1447	3477	1
1447	3489	4
1447	3499	3
1447	3508	3
1447	3513	3
1447	3527	4
1447	3546	4
1447	3551	4
1447	3552	2
1447	3555	2
1447	3578	3
1447	3608	4
1447	3615	1
1447	3616	3
1447	3635	5
1447	3638	2
1447	3668	3
1447	3669	3
1447	3671	4
1447	3697	3
1447	3698	1
1447	3702	2
1447	3703	4
1447	3704	2
1447	3712	4
1447	3723	3
1447	3738	4
1447	3740	4
1447	3744	2
1447	3745	4
1447	3753	1
1447	3758	1
1447	3766	1
1447	3768	1
1447	3786	3
1447	3793	3
1447	3812	3
1447	3823	4
1447	3830	1
1447	3844	4
1447	3869	3
1447	3877	1
1447	3932	3
1447	3940	4
1447	3942	2
1447	3952	3
1452	197	4
1452	371	5
1452	527	3
1452	1252	5
1452	1394	5
1452	1949	5
1452	2012	3
1452	3551	4
1452	3893	4
1452	3912	2
1463	17	4
1463	173	3
1463	329	3
1463	339	4
1463	357	4
1463	494	4
1463	587	4
1463	780	3
1463	788	3
1463	924	5
1463	1183	4
1463	1193	4
1463	1214	4
1463	1265	4
1463	1372	3
1463	1374	3
1463	1393	4
1463	1408	4
1463	1569	4
1463	1580	4
1463	1639	4
1463	1690	3
1463	1835	4
1463	1888	4
1463	2009	4
1463	2011	4
1463	2012	4
1463	2316	4
1463	2346	3
1463	2396	4
1463	2408	3
1463	2424	4
1463	2533	3
1463	2640	5
1463	2642	4
1463	2701	2
1463	2770	3
1463	2822	4
1463	2986	3
1463	3175	3
1463	3185	4
1463	3354	3
1463	3390	4
1463	3471	5
1463	3527	3
1463	3697	3
1463	3698	4
1463	3745	3
1464	10	3
1464	110	4
1464	161	4
1464	480	5
1464	527	4
1464	593	5
1464	608	3
1464	780	4
1464	969	4
1464	1079	3
1464	1198	5
1464	1201	3
1464	1220	3
1464	1234	4
1464	1275	4
1464	1387	4
1464	1391	2
1464	1393	4
1464	1394	2
1464	1488	3
1464	1610	5
1464	1617	4
1464	1704	4
1464	1721	4
1464	1912	3
1464	1967	4
1464	2021	3
1464	2105	4
1464	2353	4
1464	2457	4
1464	2529	4
1464	2815	2
1464	2816	1
1464	2819	4
1464	2890	3
1464	2916	4
1464	2951	4
1464	3107	4
1464	3256	4
1464	3527	4
1464	3635	4
1464	3654	3
1464	3836	4
1465	10	3
1465	17	3
1465	24	2
1465	34	2
1465	79	4
1465	105	4
1465	151	4
1465	161	4
1465	173	1
1465	222	3
1465	282	4
1465	296	5
1465	300	3
1465	318	4
1465	329	4
1465	357	3
1465	381	3
1465	411	1
1465	427	1
1465	432	3
1465	454	4
1465	457	4
1465	477	4
1465	500	3
1465	515	3
1465	527	5
1465	529	3
1465	590	5
1465	593	5
1465	780	3
1465	782	4
1465	805	3
1465	849	2
1465	858	5
1465	903	5
1465	908	5
1465	909	4
1465	910	4
1465	911	4
1465	914	4
1465	915	4
1465	924	5
1465	932	4
1465	938	4
1465	948	4
1465	952	5
1465	953	5
1465	969	5
1465	971	4
1465	982	4
1465	1008	4
1465	1014	3
1465	1017	4
1465	1019	5
1465	1020	1
1465	1028	4
1465	1029	4
1465	1041	3
1465	1076	4
1465	1079	3
1465	1083	4
1465	1084	5
1465	1086	4
1465	1088	4
1465	1091	2
1465	1096	4
1465	1104	4
1465	1130	4
1465	1135	3
1465	1136	4
1465	1183	4
1465	1198	5
1465	1204	4
1465	1206	4
1465	1213	4
1465	1214	4
1465	1220	4
1465	1222	4
1465	1225	4
1465	1227	3
1465	1228	4
1465	1230	4
1465	1234	4
1465	1242	5
1465	1246	5
1465	1252	4
1465	1258	5
1465	1265	3
1465	1271	5
1465	1272	5
1465	1276	4
1465	1286	3
1465	1287	5
1465	1288	4
1465	1293	5
1465	1333	5
1465	1339	4
1465	1346	3
1465	1357	4
1465	1372	4
1465	1373	5
1465	1374	5
1465	1387	5
1465	1388	3
1465	1394	3
1465	1449	3
1465	1480	5
1465	1485	3
1465	1487	2
1465	1580	2
1465	1598	4
1465	1610	5
1465	1617	4
1465	1633	4
1465	1674	4
1465	1704	5
1465	1721	5
1465	1727	4
1465	1747	5
1465	1779	4
1465	1804	3
1465	1867	2
1465	1883	3
1465	1917	3
1465	1927	4
1465	1928	4
1465	1931	5
1465	1935	4
1465	1947	5
1465	1949	4
1465	1950	4
1465	1953	4
1465	1955	4
1465	1957	4
1465	1962	5
1465	1964	4
1465	1974	2
1465	1975	3
1465	1994	4
1465	1995	2
1465	1997	5
1465	1998	2
1465	2001	4
1465	2009	4
1465	2018	5
1465	2021	4
1465	2022	3
1465	2023	3
1465	2044	3
1465	2072	2
1465	2080	4
1465	2102	5
1465	2105	3
1465	2110	2
1465	2121	3
1465	2122	2
1465	2130	4
1465	2132	4
1465	2146	4
1465	2147	3
1465	2183	4
1465	2202	4
1465	2266	3
1465	2278	3
1465	2287	4
1465	2313	3
1465	2316	2
1465	2346	3
1465	2353	4
1465	2359	3
1465	2369	3
1465	2373	3
1465	2396	5
1465	2401	4
1465	2407	4
1465	2410	3
1465	2471	3
1465	2474	4
1465	2490	4
1465	2501	3
1465	2520	3
1465	2526	3
1465	2529	3
1465	2535	3
1465	2589	4
1465	2598	3
1465	2617	3
1465	2640	3
1465	2651	4
1465	2652	4
1465	2670	5
1465	2701	2
1465	2712	2
1465	2716	3
1465	2729	4
1465	2739	4
1465	2745	4
1465	2746	4
1465	2752	3
1465	2764	4
1465	2815	4
1465	2816	2
1465	2819	4
1465	2862	2
1465	2866	3
1465	2870	4
1465	2871	5
1465	2874	3
1465	2889	3
1465	2908	3
1465	2915	3
1465	2916	4
1465	2917	4
1465	2921	4
1465	2950	3
1465	2953	1
1465	2971	4
1465	2983	4
1465	2993	4
1465	3005	4
1465	3006	4
1465	3019	3
1465	3036	3
1465	3037	3
1465	3040	3
1465	3061	4
1465	3062	4
1465	3100	5
1465	3141	5
1465	3145	4
1465	3148	5
1465	3158	4
1465	3169	4
1465	3178	5
1465	3196	4
1465	3198	4
1465	3203	4
1465	3219	4
1465	3244	4
1465	3247	3
1465	3251	4
1465	3255	3
1465	3263	3
1465	3267	3
1465	3274	4
1465	3308	3
1465	3330	4
1465	3334	5
1465	3372	4
1465	3379	5
1465	3388	2
1465	3418	4
1465	3421	5
1465	3445	4
1465	3461	4
1465	3467	4
1465	3468	4
1465	3471	4
1465	3475	4
1465	3476	3
1465	3478	4
1465	3506	3
1465	3508	3
1465	3524	4
1465	3527	4
1465	3545	4
1465	3546	4
1465	3551	4
1465	3552	4
1465	3633	4
1465	3634	4
1465	3638	4
1465	3643	4
1465	3654	4
1465	3671	5
1465	3675	5
1465	3681	4
1465	3685	4
1465	3697	3
1465	3702	4
1465	3704	3
1465	3707	4
1465	3729	3
1465	3733	4
1465	3737	4
1465	3782	2
1465	3789	4
1465	3791	3
1465	3811	4
1465	3812	3
1465	3844	4
1465	3873	4
1465	3927	4
1468	5	2
1468	6	3
1468	10	4
1468	44	1
1468	95	4
1468	110	3
1468	145	4
1468	376	3
1468	457	5
1468	494	3
1468	533	2
1468	736	3
1468	780	4
1468	786	4
1468	798	2
1468	858	5
1468	1198	5
1468	1200	3
1468	1214	2
1468	1220	4
1468	1387	5
1468	1432	3
1468	1438	2
1468	1488	2
1468	1573	5
1468	1580	4
1468	1616	3
1468	1690	1
1468	1722	4
1468	1769	2
1468	1792	3
1468	1912	3
1468	1917	1
1468	1918	2
1468	1954	5
1468	2001	3
1468	2023	4
1468	2058	4
1468	2152	1
1468	2278	4
1468	2353	5
1468	2529	5
1468	2540	2
1468	2617	4
1468	2722	3
1468	2881	2
1468	2916	4
1468	2986	3
1468	3020	4
1468	3104	4
1468	3178	2
1468	3256	3
1468	3489	3
1468	3578	5
1468	3753	4
1468	3793	4
1472	17	3
1472	42	2
1472	44	3
1472	70	3
1472	71	2
1472	89	3
1472	95	3
1472	173	4
1472	303	3
1472	307	3
1472	329	3
1472	376	3
1472	457	5
1472	480	4
1472	493	4
1472	494	4
1472	527	5
1472	533	3
1472	548	3
1472	588	4
1472	595	5
1472	610	3
1472	653	3
1472	736	4
1472	780	5
1472	798	2
1472	858	5
1472	908	5
1472	914	5
1472	1019	4
1472	1066	5
1472	1083	4
1472	1198	5
1472	1200	5
1472	1201	3
1472	1213	4
1472	1214	5
1472	1222	3
1472	1225	5
1472	1242	5
1472	1265	3
1472	1272	5
1472	1275	5
1472	1287	5
1472	1372	3
1472	1373	3
1472	1374	5
1472	1378	3
1472	1387	4
1472	1391	2
1472	1408	3
1472	1488	1
1472	1562	3
1472	1573	3
1472	1580	3
1472	1610	5
1472	1616	4
1472	1674	5
1472	1690	1
1472	1722	3
1472	1769	3
1472	1912	3
1472	1917	3
1472	1918	3
1472	1947	4
1472	1954	5
1472	2001	4
1472	2015	4
1472	2022	3
1472	2023	3
1472	2081	5
1472	2100	4
1472	2105	4
1472	2161	3
1472	2193	1
1472	2278	3
1472	2353	3
1472	2396	5
1472	2405	3
1472	2529	3
1472	2640	3
1472	2735	4
1472	2990	2
1472	2993	3
1472	3020	4
1472	3061	4
1472	3062	4
1472	3256	5
1472	3267	4
1472	3274	3
1472	3300	4
1472	3372	4
1472	3404	5
1472	3444	3
1472	3452	4
1472	3479	4
1472	3527	4
1472	3555	2
1472	3578	3
1472	3635	3
1472	3638	3
1472	3654	5
1472	3675	4
1472	3697	3
1472	3703	4
1472	3704	4
1472	3793	3
1472	3807	4
1472	3926	3
1472	3927	4
1472	3932	3
1472	3952	3
1474	36	4
1474	235	4
1474	242	4
1474	293	5
1474	296	3
1474	299	4
1474	300	3
1474	318	5
1474	527	3
1474	593	2
1474	924	5
1474	968	4
1474	1028	2
1474	1050	4
1474	1175	4
1474	1199	5
1474	1200	5
1474	1206	5
1474	1214	5
1474	1215	3
1474	1288	5
1474	1293	5
1474	1374	5
1474	1411	1
1474	1580	2
1474	1639	4
1474	1794	5
1474	1947	2
1474	1997	5
1474	2010	5
1474	2046	3
1474	2105	3
1474	2282	4
1474	2336	2
1474	2390	3
1474	2437	4
1474	2609	5
1474	2640	4
1474	2692	5
1474	2712	5
1474	2716	5
1474	2772	4
1474	2839	5
1474	2862	2
1474	2908	3
1474	2997	5
1474	3077	3
1474	3148	5
1474	3159	3
1474	3241	4
1474	3527	3
1474	3698	4
1474	3702	4
1474	3723	2
1474	3747	4
1474	3793	4
1474	3951	5
1477	335	4
1477	903	5
1477	924	5
1477	1193	5
1477	1252	5
1477	1617	5
1477	3478	3
1477	3902	4
1477	3922	3
1477	3924	3
1477	3926	3
1477	3927	4
1477	3928	4
1477	3929	5
1477	3932	4
1477	3952	4
1483	6	3
1483	10	3
1483	36	4
1483	110	3
1483	111	3
1483	153	1
1483	170	2
1483	296	4
1483	318	5
1483	329	5
1483	457	2
1483	466	1
1483	480	2
1483	527	5
1483	590	2
1483	593	3
1483	671	4
1483	720	5
1483	741	5
1483	780	1
1483	903	5
1483	908	5
1483	922	5
1483	924	5
1483	968	1
1483	1193	4
1483	1198	5
1483	1199	5
1483	1206	3
1483	1215	4
1483	1220	3
1483	1222	4
1483	1223	5
1483	1237	5
1483	1246	4
1483	1258	1
1483	1278	5
1483	1333	4
1483	1339	5
1483	1347	1
1483	1356	3
1483	1372	4
1483	1374	2
1483	1387	1
1483	1391	4
1483	1396	4
1483	1408	3
1483	1562	1
1483	1580	3
1483	1601	1
1483	1609	1
1483	1610	4
1483	1617	4
1483	1639	3
1483	1722	3
1483	1912	3
1483	1918	1
1483	1954	2
1483	1967	5
1483	1994	1
1483	1997	1
1483	2001	1
1483	2010	5
1483	2021	4
1483	2046	2
1483	2100	3
1483	2105	4
1483	2138	5
1483	2161	3
1483	2189	5
1483	2193	4
1483	2471	1
1483	2490	3
1483	2617	3
1483	2640	1
1483	2692	5
1483	2716	1
1483	2747	2
1483	2763	2
1483	2764	2
1483	2826	1
1483	2890	4
1483	2916	3
1483	3020	3
1483	3033	4
1483	3107	2
1483	3175	3
1483	3185	5
1483	3252	5
1483	3267	5
1483	3269	2
1483	3274	3
1483	3334	3
1483	3438	2
1483	3479	5
1483	3489	1
1483	3499	2
1483	3521	4
1483	3527	4
1483	3555	3
1483	3578	3
1483	3635	3
1483	3638	3
1483	3654	3
1483	3693	1
1483	3697	4
1483	3698	2
1483	3702	3
1483	3703	3
1483	3704	2
1483	3719	4
1483	3744	1
1483	3783	4
1483	3793	3
1487	300	3
1487	905	4
1487	938	4
1487	945	4
1487	1288	4
1487	2971	5
1487	3300	3
1487	3354	1
1487	3409	3
1487	3510	5
1487	3545	3
1487	3578	5
1487	3646	2
1487	3798	3
1487	3893	2
1487	3952	4
1488	173	1
1488	593	5
1488	608	5
1488	780	3
1488	858	4
1488	1094	5
1488	1198	4
1488	2019	5
1488	2313	5
1488	3836	3
1489	34	2
1489	41	2
1489	52	1
1489	70	2
1489	105	2
1489	121	3
1489	181	1
1489	235	2
1489	296	3
1489	318	3
1489	329	4
1489	348	1
1489	357	1
1489	425	3
1489	457	2
1489	480	2
1489	529	4
1489	549	4
1489	587	2
1489	588	3
1489	590	2
1489	593	3
1489	595	3
1489	608	4
1489	631	1
1489	702	2
1489	736	1
1489	751	2
1489	837	1
1489	903	3
1489	907	4
1489	910	5
1489	911	4
1489	914	4
1489	918	3
1489	922	5
1489	924	3
1489	933	3
1489	945	4
1489	947	2
1489	952	3
1489	968	1
1489	969	4
1489	971	4
1489	974	4
1489	1028	4
1489	1029	4
1489	1031	2
1489	1066	4
1489	1079	2
1489	1086	3
1489	1088	1
1489	1092	2
1489	1116	3
1489	1136	4
1489	1150	3
1489	1162	3
1489	1163	3
1489	1176	3
1489	1193	4
1489	1198	4
1489	1199	5
1489	1200	3
1489	1211	4
1489	1213	3
1489	1214	4
1489	1220	4
1489	1222	3
1489	1225	5
1489	1228	3
1489	1230	4
1489	1234	4
1489	1252	4
1489	1258	3
1489	1265	2
1489	1278	4
1489	1287	2
1489	1288	4
1489	1292	3
1489	1333	3
1489	1372	2
1489	1374	5
1489	1387	3
1489	1396	2
1489	1438	1
1489	1513	2
1489	1569	2
1489	1610	3
1489	1617	3
1489	1640	2
1489	1641	2
1489	1670	3
1489	1673	3
1489	1680	3
1489	1729	5
1489	1734	3
1489	1747	2
1489	1914	2
1489	1923	1
1489	1935	2
1489	1947	4
1489	1967	2
1489	2001	2
1489	2018	3
1489	2021	2
1489	2032	1
1489	2081	4
1489	2105	2
1489	2123	1
1489	2146	1
1489	2193	3
1489	2212	3
1489	2238	2
1489	2336	3
1489	2349	3
1489	2369	2
1489	2389	3
1489	2391	2
1489	2395	1
1489	2396	3
1489	2407	2
1489	2410	1
1489	2424	2
1489	2429	1
1489	2490	1
1489	2511	2
1489	2529	3
1489	2568	1
1489	2574	1
1489	2581	1
1489	2598	1
1489	2632	2
1489	2640	2
1489	2664	3
1489	2672	1
1489	2692	4
1489	2701	1
1489	2712	2
1489	2716	3
1489	2722	1
1489	2746	3
1489	2763	1
1489	2767	1
1489	2770	1
1489	2788	5
1489	2804	5
1489	2826	2
1489	2840	1
1489	2881	2
1489	2905	2
1489	2908	3
1489	2915	2
1489	2916	3
1489	2917	3
1489	2919	4
1489	2935	2
1489	2937	2
1489	2950	1
1489	2971	4
1489	2978	2
1489	2986	2
1489	2997	3
1489	3005	1
1489	3037	3
1489	3039	2
1489	3051	2
1489	3053	2
1489	3088	5
1489	3094	3
1489	3114	2
1489	3115	1
1489	3133	4
1489	3157	2
1489	3159	3
1489	3175	1
1489	3176	2
1489	3185	1
1489	3219	1
1489	3238	2
1489	3253	5
1489	3274	2
1489	3304	3
1489	3325	1
1489	3334	5
1489	3354	1
1489	3359	2
1489	3362	3
1489	3409	1
1489	3418	2
1489	3421	3
1489	3424	2
1489	3426	1
1489	3445	2
1489	3471	3
1489	3476	4
1489	3510	1
1489	3521	2
1489	3524	2
1489	3527	4
1489	3551	3
1489	3552	2
1489	3579	1
1489	3598	1
1489	3608	5
1489	3615	1
1489	3638	1
1489	3668	3
1489	3671	5
1489	3675	5
1489	3684	3
1489	3745	1
1489	3746	3
1489	3753	1
1489	3754	1
1489	3793	2
1489	3819	5
1489	3824	1
1489	3855	1
1489	3864	1
1489	3873	1
1489	3879	1
1489	3882	1
1489	3883	2
1489	3884	1
1489	3893	2
1489	3894	3
1489	3896	1
1489	3898	1
1489	3900	1
1489	3906	2
1489	3910	3
1489	3929	3
1489	3935	2
1489	3943	1
1489	3945	1
1489	3952	2
1498	36	3
1498	110	5
1498	161	5
1498	180	2
1498	246	4
1498	293	4
1498	296	4
1498	318	5
1498	457	5
1498	527	5
1498	593	4
1498	628	3
1498	741	4
1498	858	4
1498	1136	4
1498	1178	5
1498	1198	4
1498	1200	5
1498	1201	4
1498	1204	5
1498	1213	4
1498	1234	4
1498	1242	5
1498	1246	5
1498	1265	3
1498	1276	4
1498	1287	4
1498	1293	4
1498	1387	3
1498	1388	2
1498	1393	2
1498	1408	4
1498	1411	3
1498	1617	4
1498	1673	4
1498	1674	3
1498	1704	4
1498	1721	3
1498	1797	4
1498	1927	4
1498	2171	4
1498	2329	4
1498	2396	4
1498	2401	4
1498	2490	3
1498	2640	4
1498	2745	4
1498	2822	2
1498	2916	4
1498	3421	4
1498	3444	4
1498	3471	3
1498	3527	4
1498	3578	5
1498	3654	4
1498	3697	2
1498	3703	4
1498	3793	4
1504	6	4
1504	296	5
1504	441	3
1504	457	2
1504	861	3
1504	1200	5
1504	1215	3
1504	1261	4
1504	1265	3
1504	1573	5
1504	1784	5
1504	1845	4
1504	1912	2
1504	1923	4
1504	2395	3
1504	2772	3
1504	2916	4
1504	3020	3
1504	3578	5
1504	3702	3
1504	3703	3
1504	3740	4
1504	3793	4
1509	10	4
1509	24	2
1509	52	4
1509	70	3
1509	71	3
1509	76	4
1509	110	3
1509	170	2
1509	173	4
1509	180	4
1509	198	2
1509	256	2
1509	277	2
1509	329	4
1509	379	3
1509	410	1
1509	457	4
1509	480	5
1509	512	4
1509	514	4
1509	527	4
1509	546	3
1509	558	2
1509	588	4
1509	593	3
1509	595	3
1509	606	2
1509	608	3
1509	780	3
1509	782	2
1509	783	2
1509	788	4
1509	798	3
1509	799	5
1509	849	3
1509	1003	3
1509	1042	3
1509	1094	3
1509	1222	4
1509	1242	4
1509	1265	4
1509	1352	3
1509	1356	3
1509	1391	2
1509	1407	4
1509	1499	1
1509	1565	4
1509	1573	1
1509	1580	3
1509	1590	1
1509	1598	2
1509	1617	5
1509	1661	4
1509	1673	4
1509	1689	3
1509	1690	2
1509	1722	1
1509	1744	2
1509	1747	4
1509	1753	2
1509	1762	3
1509	1783	3
1509	1792	3
1509	1806	2
1509	1845	4
1509	1875	2
1509	1882	2
1509	1883	2
1509	1887	3
1509	1892	2
1509	1917	1
1509	1920	2
1509	1923	4
1509	1973	2
1509	2012	3
1509	2024	4
1509	2046	3
1509	2053	2
1509	2058	3
1509	2278	4
1509	2302	5
1509	2315	2
1509	2322	2
1509	2346	4
1509	2353	3
1509	2389	3
1509	2391	3
1509	2395	2
1509	2396	3
1509	2399	1
1509	2490	2
1509	2529	4
1509	2617	2
1509	2640	4
1509	2672	3
1509	2701	1
1509	2716	4
1509	2719	2
1509	2722	3
1509	2761	4
1509	2807	2
1509	2819	4
1509	2871	3
1509	2883	4
1509	2890	3
1509	2916	4
1509	2986	2
1509	2997	4
1509	3033	3
1509	3159	4
1509	3175	4
1509	3176	3
1509	3253	4
1509	3300	3
1509	3326	3
1509	3354	3
1509	3409	3
1509	3450	3
1509	3471	3
1509	3510	2
1509	3527	3
1509	3555	3
1509	3596	4
1509	3618	3
1509	3646	2
1509	3698	4
1509	3744	1
1509	3753	2
1509	3793	5
1509	3797	1
1509	3798	3
1509	3820	1
1514	111	5
1514	235	4
1514	296	5
1514	318	5
1514	457	5
1514	480	4
1514	527	3
1514	593	4
1514	780	2
1514	785	4
1514	858	5
1514	1136	5
1514	1198	5
1514	1199	5
1514	1200	3
1514	1206	5
1514	1213	5
1514	1214	2
1514	1215	4
1514	1217	4
1514	1228	5
1514	1230	3
1514	1265	5
1514	1276	4
1514	1278	5
1514	1391	3
1514	1394	5
1514	1407	2
1514	1449	4
1514	1573	4
1514	1580	5
1514	1617	4
1514	1690	2
1514	1923	5
1514	1963	5
1514	2012	3
1514	2019	5
1514	2289	4
1514	2769	3
1514	2771	1
1514	2804	3
1514	2916	5
1514	2997	4
1514	3002	5
1514	3175	5
1514	3317	5
1514	3477	1
1514	3510	4
1514	3555	2
1514	3616	2
1514	3718	4
1514	3719	3
1514	3720	3
1514	3747	4
1514	3793	4
1514	3821	2
1514	3851	4
1514	3882	2
1514	3893	3
1514	3896	4
1514	3898	2
1514	3943	3
1514	3952	4
1521	6	3
1521	36	4
1521	113	3
1521	247	4
1521	293	2
1521	296	4
1521	307	5
1521	318	5
1521	348	4
1521	457	4
1521	527	3
1521	593	4
1521	608	4
1521	668	5
1521	669	5
1521	858	3
1521	1041	5
1521	1092	2
1521	1213	3
1521	1407	2
1521	1465	4
1521	1610	5
1521	1617	4
1521	1689	1
1521	1699	4
1521	1721	1
1521	1783	1
1521	1892	2
1521	2336	4
1521	2583	3
1521	3869	2
1521	3893	3
1521	3898	3
1522	198	2
1522	480	3
1522	610	3
1522	924	5
1522	1013	4
1522	1175	3
1522	1200	4
1522	1206	5
1522	1214	4
1522	1306	2
1522	1374	3
1522	1396	4
1522	1580	4
1522	2009	4
1522	2010	5
1522	2011	3
1522	2021	3
1522	2143	2
1522	2173	4
1522	2193	3
1522	2346	3
1522	2529	4
1522	2533	4
1522	2594	3
1522	2640	3
1522	2916	3
1522	3175	4
1522	3372	3
1522	3471	5
1522	3527	4
1522	3700	5
1522	3702	3
1522	3703	4
1522	3704	4
1522	3927	5
1526	916	4
1526	1041	5
1526	1066	5
1526	1183	5
1526	1230	4
1526	1265	4
1526	1925	4
1526	1957	4
1526	2171	4
1526	2248	4
1526	2501	3
1526	2883	4
1526	2919	5
1526	3214	3
1526	3678	5
1531	70	3
1531	144	2
1531	480	4
1531	908	5
1531	1171	3
1531	1970	3
1531	2053	3
1531	2204	4
1531	3409	1
1531	3450	4
1531	3515	3
1531	3926	4
1531	3929	4
1531	3932	3
1538	10	4
1538	329	4
1538	342	5
1538	500	4
1538	550	4
1538	588	4
1538	608	5
1538	783	5
1538	1333	4
1538	1356	4
1538	1372	4
1538	1373	4
1538	1374	4
1538	1513	5
1538	1580	5
1538	1704	5
1538	1875	4
1538	1923	5
1538	1943	4
1538	2123	3
1538	2142	3
1538	2282	4
1538	2302	4
1538	2567	4
1538	2580	5
1538	2607	5
1538	2716	4
1538	2804	5
1538	3033	5
1538	3175	4
1538	3608	4
1538	3646	3
1538	3671	5
1538	3708	3
1548	299	5
1548	480	4
1548	527	5
1548	785	1
1548	2188	3
1548	2336	5
1548	2396	5
1548	2580	3
1548	2607	5
1548	2670	4
1548	2690	4
1548	2701	1
1548	2716	4
1548	2890	4
1548	2908	5
1548	3175	4
1548	3176	5
1548	3409	3
1548	3510	3
1548	3786	4
1548	3793	4
1551	36	5
1551	70	4
1551	111	4
1551	247	4
1551	296	5
1551	357	3
1551	527	5
1551	538	4
1551	593	4
1551	668	5
1551	759	4
1551	858	5
1551	903	5
1551	908	5
1551	909	5
1551	922	5
1551	931	3
1551	1079	4
1551	1086	4
1551	1183	4
1551	1189	5
1551	1193	5
1551	1198	5
1551	1204	5
1551	1206	4
1551	1213	4
1551	1222	5
1551	1225	5
1551	1230	5
1551	1251	5
1551	1252	5
1551	1276	5
1551	1278	3
1551	1393	4
1551	1394	4
1551	1466	3
1551	1569	1
1551	1617	5
1551	1673	4
1551	1721	2
1551	1797	4
1551	1827	5
1551	1834	3
1551	1942	2
1551	1947	5
1551	1950	4
1551	1953	4
1551	1954	5
1551	1957	5
1551	2132	5
1551	2183	4
1551	2208	4
1551	2248	5
1551	2278	2
1551	2329	4
1551	2579	4
1551	2594	4
1551	2819	2
1551	2889	2
1551	2890	4
1551	2908	5
1551	2912	3
1551	2993	3
1551	2997	5
1551	3176	2
1551	3178	2
1551	3317	4
1551	3362	3
1551	3424	5
1551	3538	2
1551	3551	3
1551	3578	2
1551	3618	4
1551	3793	3
1551	3943	5
1562	299	3
1562	532	4
1562	606	2
1562	799	1
1562	891	2
1562	1339	3
1562	1342	4
1562	1407	4
1562	1690	3
1562	1704	4
1562	1973	4
1562	1993	2
1562	2004	2
1562	2107	3
1562	2120	3
1562	2719	1
1562	3325	3
1562	3476	2
1562	3499	5
1562	3709	2
1569	111	5
1569	296	5
1569	318	5
1569	527	5
1569	608	5
1569	858	5
1569	926	5
1569	948	4
1569	1084	5
1569	1131	5
1569	1132	5
1569	1178	5
1569	1183	5
1569	1193	5
1569	1217	5
1569	1228	4
1569	1411	5
1569	1423	5
1569	1704	4
1569	1949	5
1569	1957	5
1569	1964	5
1569	2132	5
1569	2302	2
1569	2612	4
1569	2731	5
1569	2732	5
1569	2919	5
1569	2920	5
1569	3090	5
1569	3093	4
1569	3217	5
1569	3222	4
1569	3538	4
1569	3594	4
1575	110	2
1575	457	3
1575	858	5
1575	969	4
1575	1019	4
1575	1198	4
1575	1201	4
1575	1214	4
1575	1220	3
1575	1222	5
1575	1242	4
1575	1277	4
1575	1387	4
1575	1953	5
1575	1954	4
1575	2019	5
1575	2173	5
1575	2529	3
1575	2692	3
1575	2912	3
1575	2951	4
1575	3578	3
1575	3702	5
1575	3703	4
1585	6	3
1585	17	4
1585	34	4
1585	110	4
1585	163	2
1585	235	1
1585	296	3
1585	318	5
1585	342	4
1585	457	3
1585	593	5
1585	608	5
1585	707	4
1585	728	3
1585	780	4
1585	1094	5
1585	1198	4
1585	1213	4
1585	1220	4
1585	1265	2
1585	1357	5
1585	1393	3
1585	1394	2
1585	1488	4
1585	1580	3
1585	1610	4
1585	1617	5
1585	1641	5
1585	1680	4
1585	1683	4
1585	1721	4
1585	1729	5
1585	1784	5
1585	1883	4
1585	1912	5
1585	2001	4
1585	2058	3
1585	2278	5
1585	2289	2
1585	2302	4
1585	2359	4
1585	2395	1
1585	2396	4
1585	2471	3
1585	2716	2
1585	2890	5
1585	2912	3
1585	2916	2
1585	3039	4
1585	3072	3
1585	3252	4
1585	3256	4
1585	3418	3
1587	22	3
1587	24	1
1587	34	5
1587	63	2
1587	65	3
1587	110	4
1587	111	4
1587	122	2
1587	140	2
1587	144	3
1587	147	3
1587	180	4
1587	203	4
1587	216	2
1587	222	4
1587	231	3
1587	236	3
1587	247	4
1587	276	1
1587	296	4
1587	342	3
1587	352	4
1587	357	4
1587	372	4
1587	386	2
1587	413	2
1587	419	1
1587	424	3
1587	429	4
1587	432	2
1587	441	4
1587	444	1
1587	447	1
1587	480	4
1587	493	4
1587	500	3
1587	514	2
1587	538	4
1587	550	3
1587	555	4
1587	574	2
1587	587	3
1587	588	4
1587	590	3
1587	595	5
1587	605	2
1587	608	5
1587	628	3
1587	779	1
1587	780	2
1587	783	2
1587	784	3
1587	788	3
1587	805	3
1587	830	2
1587	832	3
1587	838	4
1587	880	3
1587	901	3
1587	909	5
1587	910	4
1587	914	5
1587	915	4
1587	916	5
1587	918	4
1587	924	1
1587	932	3
1587	938	5
1587	953	3
1587	998	4
1587	1003	4
1587	1013	4
1587	1020	4
1587	1028	4
1587	1032	4
1587	1041	1
1587	1042	3
1587	1051	4
1587	1059	3
1587	1060	4
1587	1079	4
1587	1084	4
1587	1088	5
1587	1094	4
1587	1096	5
1587	1135	3
1587	1136	5
1587	1167	2
1587	1183	4
1587	1193	4
1587	1213	5
1587	1215	4
1587	1222	5
1587	1225	5
1587	1230	2
1587	1242	5
1587	1257	5
1587	1258	4
1587	1265	5
1587	1271	2
1587	1278	4
1587	1290	4
1587	1292	4
1587	1293	2
1587	1297	3
1587	1330	2
1587	1333	4
1587	1347	3
1587	1387	3
1587	1391	3
1587	1393	4
1587	1394	5
1587	1407	4
1587	1449	4
1587	1457	2
1587	1477	3
1587	1498	4
1587	1513	3
1587	1569	4
1587	1580	4
1587	1598	4
1587	1639	4
1587	1665	1
1587	1683	3
1587	1704	4
1587	1721	3
1587	1729	3
1587	1747	4
1587	1760	2
1587	1779	1
1587	1784	1
1587	1817	3
1587	1834	5
1587	1875	4
1587	1883	2
1587	1895	4
1587	1914	5
1587	1923	4
1587	1943	5
1587	1947	5
1587	1950	3
1587	1954	4
1587	1955	4
1587	1957	2
1587	1974	3
1587	1982	4
1587	1994	4
1587	1997	4
1587	2004	3
1587	2009	4
1587	2016	1
1587	2027	3
1587	2029	3
1587	2036	3
1587	2038	1
1587	2059	3
1587	2072	1
1587	2080	4
1587	2081	5
1587	2100	3
1587	2118	5
1587	2125	3
1587	2132	4
1587	2143	3
1587	2146	3
1587	2195	3
1587	2245	4
1587	2247	4
1587	2248	4
1587	2249	4
1587	2252	2
1587	2261	3
1587	2280	3
1587	2289	4
1587	2292	2
1587	2312	3
1587	2313	5
1587	2316	2
1587	2336	5
1587	2346	4
1587	2369	2
1587	2374	3
1587	2389	2
1587	2395	4
1587	2396	5
1587	2405	2
1587	2407	4
1587	2416	3
1587	2424	3
1587	2469	4
1587	2500	1
1587	2529	5
1587	2539	3
1587	2551	1
1587	2581	1
1587	2598	3
1587	2639	3
1587	2640	4
1587	2664	4
1587	2692	5
1587	2716	2
1587	2739	4
1587	2746	4
1587	2770	4
1587	2794	2
1587	2804	5
1587	2917	4
1587	2950	1
1587	2953	2
1587	2967	3
1587	2997	5
1587	3006	3
1587	3019	4
1587	3020	4
1587	3033	4
1587	3040	4
1587	3044	4
1587	3072	3
1587	3100	3
1587	3104	4
1587	3148	4
1587	3175	4
1587	3176	4
1587	3178	2
1587	3244	4
1587	3247	2
1587	3252	2
1587	3253	4
1587	3269	3
1587	3308	3
1587	3330	5
1587	3359	4
1587	3388	4
1587	3418	4
1587	3421	4
1587	3424	3
1587	3426	3
1587	3461	5
1587	3468	4
1587	3471	3
1587	3477	3
1587	3510	4
1587	3524	1
1587	3527	4
1587	3668	5
1587	3671	3
1587	3698	3
1587	3712	2
1587	3723	3
1587	3729	4
1587	3733	3
1587	3747	3
1587	3791	2
1587	3844	3
1587	3873	2
1587	3910	1
1594	34	5
1594	441	3
1594	497	4
1594	514	3
1594	588	4
1594	595	5
1594	671	2
1594	707	2
1594	905	4
1594	909	4
1594	910	4
1594	916	4
1594	922	5
1594	933	5
1594	945	3
1594	1028	4
1594	1032	4
1594	1079	5
1594	1136	5
1594	1171	4
1594	1198	5
1594	1220	3
1594	1230	5
1594	1238	5
1594	1252	4
1594	1265	4
1594	1278	4
1594	1288	5
1594	1292	3
1594	1394	4
1594	1617	5
1594	1641	5
1594	1923	4
1594	2018	4
1594	2081	4
1594	2208	4
1594	2248	3
1594	2289	4
1594	2349	2
1594	2395	5
1594	2716	3
1594	2761	2
1594	2788	3
1594	2915	5
1594	2997	3
1594	3061	4
1594	3072	4
1594	3104	3
1594	3253	3
1594	3300	4
1594	3362	4
1594	3421	5
1594	3521	2
1594	3555	3
1594	3578	4
1594	3671	3
1594	3685	5
1594	3793	4
1594	3893	4
1596	527	4
1596	2709	3
1596	2712	5
1596	2716	3
1596	2763	5
1596	2853	5
1596	2995	2
1596	3176	3
1597	6	2
1597	70	4
1597	110	5
1597	203	1
1597	246	5
1597	296	5
1597	441	3
1597	457	5
1597	480	2
1597	587	2
1597	593	4
1597	595	4
1597	741	5
1597	766	4
1597	785	1
1597	851	3
1597	858	5
1597	903	4
1597	908	4
1597	924	4
1597	1046	3
1597	1059	4
1597	1092	4
1597	1136	5
1597	1147	5
1597	1171	4
1597	1190	3
1597	1206	5
1597	1222	5
1597	1225	5
1597	1230	4
1597	1278	5
1597	1292	5
1597	1293	4
1597	1388	2
1597	1393	3
1597	1449	4
1597	1466	3
1597	1513	1
1597	1580	3
1597	1660	5
1597	1673	5
1597	1729	4
1597	1785	3
1597	1834	3
1597	1875	3
1597	1954	4
1597	1955	4
1597	1970	3
1597	1997	3
1597	2010	4
1597	2011	3
1597	2023	2
1597	2081	4
1597	2146	2
1597	2245	2
1597	2248	2
1597	2336	4
1597	2365	3
1597	2395	3
1597	2396	3
1597	2410	4
1597	2411	1
1597	2579	5
1597	2600	5
1597	2617	2
1597	2639	3
1597	2640	4
1597	2642	2
1597	2712	4
1597	2761	4
1597	2770	3
1597	2810	3
1597	2890	5
1597	2908	5
1597	2916	5
1597	2952	3
1597	2976	5
1597	3039	4
1597	3114	5
1597	3175	2
1597	3176	5
1597	3223	4
1597	3253	3
1597	3317	5
1597	3354	1
1597	3418	2
1597	3424	5
1597	3471	3
1597	3506	3
1597	3527	3
1597	3551	4
1597	3578	2
1597	3615	3
1597	3745	1
1597	3747	4
1597	3791	3
1597	3793	5
1597	3858	2
1597	3893	5
1597	3910	3
1597	3928	4
1597	3943	4
1597	3952	5
1600	5	3
1600	10	4
1600	34	5
1600	95	3
1600	161	4
1600	282	3
1600	307	3
1600	317	4
1600	329	3
1600	376	4
1600	419	1
1600	427	2
1600	432	3
1600	457	4
1600	459	2
1600	466	3
1600	467	4
1600	480	4
1600	500	4
1600	537	4
1600	548	3
1600	550	3
1600	588	4
1600	707	3
1600	736	4
1600	780	4
1600	858	5
1600	901	4
1600	910	4
1600	924	4
1600	953	4
1600	969	5
1600	1017	4
1600	1028	4
1600	1042	4
1600	1078	4
1600	1079	5
1600	1084	4
1600	1088	4
1600	1091	2
1600	1135	3
1600	1136	4
1600	1183	4
1600	1198	5
1600	1206	3
1600	1213	3
1600	1214	4
1600	1220	4
1600	1228	3
1600	1230	4
1600	1234	5
1600	1246	3
1600	1252	5
1600	1258	3
1600	1265	5
1600	1278	5
1600	1286	4
1600	1288	5
1600	1292	4
1600	1295	3
1600	1297	4
1600	1346	3
1600	1356	5
1600	1372	3
1600	1373	2
1600	1374	4
1600	1387	5
1600	1388	2
1600	1499	1
1600	1562	2
1600	1580	4
1600	1610	4
1600	1613	4
1600	1641	4
1600	1673	4
1600	1674	3
1600	1702	1
1600	1721	4
1600	1722	3
1600	1731	1
1600	1772	3
1600	1792	4
1600	1816	3
1600	1835	3
1600	1863	2
1600	1883	4
1600	1923	3
1600	1947	5
1600	1953	4
1600	1954	3
1600	1963	5
1600	2011	4
1600	2012	4
1600	2015	3
1600	2018	5
1600	2023	4
1600	2060	2
1600	2100	3
1600	2105	2
1600	2111	4
1600	2262	2
1600	2278	4
1600	2302	4
1600	2311	3
1600	2336	4
1600	2353	5
1600	2369	3
1600	2390	4
1600	2405	3
1600	2407	3
1600	2416	2
1600	2471	3
1600	2501	5
1600	2529	3
1600	2532	2
1600	2533	2
1600	2617	4
1600	2640	3
1600	2642	3
1600	2701	1
1600	2712	2
1600	2716	5
1600	2746	3
1600	2752	4
1600	2763	3
1600	2794	3
1600	2795	3
1600	2804	5
1600	2815	4
1600	2819	5
1600	2862	1
1600	2877	2
1600	2889	4
1600	2890	3
1600	2915	3
1600	2916	4
1600	2917	3
1600	2950	1
1600	3033	4
1600	3036	3
1600	3039	5
1600	3102	2
1600	3104	4
1600	3145	3
1600	3159	3
1600	3175	4
1600	3198	4
1600	3247	3
1600	3388	3
1600	3421	3
1600	3430	3
1600	3471	5
1600	3489	4
1600	3524	4
1600	3545	4
1600	3551	4
1600	3552	4
1600	3577	1
1600	3584	1
1600	3638	1
1600	3649	3
1600	3668	4
1600	3671	5
1600	3698	3
1600	3702	2
1600	3703	3
1600	3704	3
1600	3707	2
1600	3712	3
1600	3740	4
1600	3812	4
1601	6	5
1601	10	5
1601	34	5
1601	44	2
1601	70	5
1601	110	5
1601	153	3
1601	163	5
1601	170	2
1601	173	4
1601	296	5
1601	303	4
1601	318	4
1601	376	5
1601	379	3
1601	434	4
1601	457	4
1601	480	3
1601	493	4
1601	527	5
1601	533	2
1601	538	5
1601	555	5
1601	653	3
1601	736	4
1601	780	4
1601	785	4
1601	798	3
1601	836	3
1601	1034	4
1601	1183	5
1601	1200	5
1601	1213	5
1601	1215	5
1601	1265	5
1601	1277	5
1601	1356	4
1601	1379	4
1601	1391	3
1601	1396	4
1601	1438	3
1601	1499	4
1601	1562	3
1601	1573	3
1601	1580	4
1601	1606	2
1601	1610	5
1601	1615	5
1601	1616	4
1601	1617	5
1601	1687	3
1601	1690	5
1601	1722	5
1601	1769	3
1601	1887	3
1601	1912	4
1601	1917	5
1601	1918	4
1601	2058	2
1601	2232	5
1601	2278	3
1601	2353	4
1601	2391	5
1601	2396	4
1601	2424	3
1601	2490	3
1601	2567	3
1601	2580	5
1601	2600	4
1601	2692	5
1601	2722	5
1601	2822	1
1601	2826	4
1601	2912	3
1601	2916	5
1601	2997	5
1601	3020	4
1601	3104	3
1601	3107	4
1601	3114	5
1601	3175	5
1601	3252	3
1601	3253	4
1601	3256	5
1601	3300	4
1601	3317	4
1601	3354	1
1601	3418	4
1601	3513	2
1601	3527	5
1601	3555	5
1601	3578	5
1601	3697	4
1601	3703	1
1601	3744	4
1601	3753	3
1601	3793	4
1601	3893	3
1601	3952	3
1602	24	3
1602	110	5
1602	296	4
1602	299	5
1602	318	5
1602	448	4
1602	527	5
1602	593	5
1602	608	5
1602	968	4
1602	1079	5
1602	1198	5
1602	1200	4
1602	1213	5
1602	1225	5
1602	1242	5
1602	1246	5
1602	1258	4
1602	1394	4
1602	1513	3
1602	1617	5
1602	1639	4
1602	1674	3
1602	1704	4
1602	2188	4
1602	2248	4
1602	2336	5
1602	2395	5
1602	2396	5
1602	2433	4
1602	2485	3
1602	2492	4
1602	2580	5
1602	2581	4
1602	2598	4
1602	2690	5
1602	2692	5
1602	2701	3
1602	2716	5
1602	2761	5
1602	2770	4
1602	2804	3
1602	2881	4
1602	2908	5
1602	2976	3
1602	2997	5
1602	3176	4
1602	3405	4
1602	3578	5
1602	3793	4
1609	6	4
1609	34	3
1609	52	3
1609	68	4
1609	105	3
1609	153	2
1609	186	3
1609	231	3
1609	236	3
1609	256	2
1609	296	5
1609	318	5
1609	339	4
1609	357	4
1609	360	2
1609	376	3
1609	457	4
1609	480	2
1609	489	2
1609	500	4
1609	527	5
1609	537	3
1609	587	4
1609	588	3
1609	590	4
1609	595	3
1609	605	3
1609	608	4
1609	697	3
1609	736	2
1609	780	3
1609	783	3
1609	786	3
1609	810	2
1609	830	3
1609	837	2
1609	858	5
1609	866	3
1609	908	5
1609	969	4
1609	1042	4
1609	1083	3
1609	1088	4
1609	1092	3
1609	1094	4
1609	1096	5
1609	1131	5
1609	1132	5
1609	1183	3
1609	1184	4
1609	1193	5
1609	1198	5
1609	1220	3
1609	1223	5
1609	1225	4
1609	1230	3
1609	1234	4
1609	1242	4
1609	1246	3
1609	1258	4
1609	1264	4
1609	1265	4
1609	1278	5
1609	1292	4
1609	1333	3
1609	1357	4
1609	1367	2
1609	1387	4
1609	1390	1
1609	1391	1
1609	1393	4
1609	1408	4
1609	1441	3
1609	1485	4
1609	1488	3
1609	1499	2
1609	1513	2
1609	1569	4
1609	1573	3
1609	1580	4
1609	1592	3
1609	1617	5
1609	1641	4
1609	1665	2
1609	1673	4
1609	1674	4
1609	1680	4
1609	1721	4
1609	1722	3
1609	1747	3
1609	1784	4
1609	1792	3
1609	1835	4
1609	1883	4
1609	1892	3
1609	1917	3
1609	1923	3
1609	1947	4
1609	1957	4
1609	1962	4
1609	1997	3
1609	2012	3
1609	2058	3
1609	2078	4
1609	2081	3
1609	2125	4
1609	2152	2
1609	2245	3
1609	2278	3
1609	2289	4
1609	2295	3
1609	2302	4
1609	2359	2
1609	2374	2
1609	2390	2
1609	2395	2
1609	2396	4
1609	2424	4
1609	2539	4
1609	2567	4
1609	2574	2
1609	2617	4
1609	2701	2
1609	2716	3
1609	2734	3
1609	2746	3
1609	2747	3
1609	2749	3
1609	2752	3
1609	2761	3
1609	2763	4
1609	2770	3
1609	2794	2
1609	2829	1
1609	2881	4
1609	2890	4
1609	2953	3
1609	2997	5
1609	3020	2
1609	3037	5
1609	3061	4
1609	3068	3
1609	3072	5
1609	3107	3
1609	3114	5
1609	3176	4
1609	3178	4
1609	3211	3
1609	3247	3
1609	3255	3
1609	3256	4
1609	3263	3
1609	3317	4
1609	3359	4
1609	3418	4
1609	3421	4
1609	3436	2
1609	3450	3
1609	3499	4
1609	3510	3
1609	3545	4
1609	3555	1
1609	3578	4
1609	3671	5
1609	3675	4
1609	3685	4
1609	3707	4
1609	3712	3
1609	3784	3
1609	3811	4
1609	3869	3
1609	3893	4
1610	6	5
1610	111	3
1610	457	5
1610	593	5
1610	608	3
1610	1214	4
1610	1610	3
1610	1617	4
1610	1661	3
1610	2871	3
1610	3409	5
1610	3527	4
1615	908	5
1615	2158	3
1615	2769	3
1615	3893	4
1615	3896	2
1615	3910	2
1615	3951	3
1615	3952	3
1617	6	2
1617	36	2
1617	70	1
1617	110	5
1617	173	2
1617	198	5
1617	296	1
1617	318	5
1617	329	3
1617	379	4
1617	457	5
1617	480	5
1617	527	5
1617	593	4
1617	608	5
1617	610	3
1617	671	4
1617	780	4
1617	785	1
1617	849	3
1617	924	1
1617	1060	2
1617	1199	2
1617	1200	5
1617	1214	5
1617	1215	3
1617	1261	1
1617	1265	5
1617	1356	5
1617	1372	5
1617	1373	3
1617	1391	2
1617	1393	1
1617	1396	5
1617	1408	2
1617	1411	5
1617	1573	1
1617	1580	5
1617	1610	4
1617	1617	4
1617	1639	4
1617	1673	3
1617	1690	4
1617	1704	4
1617	1784	3
1617	1862	2
1617	1882	1
1617	1912	5
1617	1917	1
1617	1923	1
1617	1973	3
1617	2011	4
1617	2012	5
1617	2021	2
1617	2046	3
1617	2093	1
1617	2105	3
1617	2188	1
1617	2289	3
1617	2329	5
1617	2396	4
1617	2399	1
1617	2407	3
1617	2490	3
1617	2580	3
1617	2598	3
1617	2640	3
1617	2701	2
1617	2712	2
1617	2716	5
1617	2722	3
1617	2763	3
1617	2881	3
1617	2916	4
1617	2986	3
1617	2996	1
1617	2997	3
1617	3005	4
1617	3006	4
1617	3033	3
1617	3114	5
1617	3159	1
1617	3175	4
1617	3219	3
1617	3238	1
1617	3253	3
1617	3300	4
1617	3409	4
1617	3450	3
1617	3471	2
1617	3510	4
1617	3513	3
1617	3527	3
1617	3555	4
1617	3578	4
1617	3598	1
1617	3697	4
1617	3698	4
1617	3744	3
1617	3745	3
1617	3753	4
1617	3754	1
1617	3793	5
1617	3864	1
1617	3927	3
1617	3943	1
1617	3945	1
1621	1193	2
1621	1393	4
1621	1704	3
1621	1917	3
1621	3409	4
1621	3452	3
1621	3510	3
1621	3513	4
1621	3555	3
1621	3578	4
1621	3615	3
1621	3744	3
1621	3798	4
1622	157	2
1622	466	3
1622	527	5
1622	780	3
1622	908	4
1622	1094	4
1622	1183	3
1622	1222	5
1622	1391	4
1622	2395	3
1622	2890	5
1624	6	3
1624	10	4
1624	70	5
1624	89	1
1624	95	4
1624	144	5
1624	145	4
1624	163	4
1624	173	2
1624	180	5
1624	303	4
1624	329	1
1624	379	1
1624	434	4
1624	457	1
1624	466	4
1624	480	2
1624	533	3
1624	610	5
1624	635	5
1624	653	2
1624	741	5
1624	780	1
1624	786	3
1624	849	2
1624	875	2
1624	880	1
1624	908	5
1624	924	5
1624	968	1
1624	1019	3
1624	1042	2
1624	1198	5
1624	1200	5
1624	1201	4
1624	1206	5
1624	1214	4
1624	1215	5
1624	1220	5
1624	1222	5
1624	1251	4
1624	1258	4
1624	1261	4
1624	1265	5
1624	1275	5
1624	1356	1
1624	1372	1
1624	1373	1
1624	1374	2
1624	1378	1
1624	1379	1
1624	1387	3
1624	1391	3
1624	1396	5
1624	1449	4
1624	1477	4
1624	1480	5
1624	1488	2
1624	1573	5
1624	1580	2
1624	1610	5
1624	1616	1
1624	1639	5
1624	1673	5
1624	1690	4
1624	1722	2
1624	1769	5
1624	1792	1
1624	1833	3
1624	1912	5
1624	1918	3
1624	1923	4
1624	1954	3
1624	1982	4
1624	2001	3
1624	2010	4
1624	2011	1
1624	2012	1
1624	2019	4
1624	2021	1
1624	2041	3
1624	2046	3
1624	2058	3
1624	2097	3
1624	2105	5
1624	2149	3
1624	2193	4
1624	2248	4
1624	2278	4
1624	2322	2
1624	2346	1
1624	2353	3
1624	2365	1
1624	2399	1
1624	2405	1
1624	2407	1
1624	2456	1
1624	2457	4
1624	2490	5
1624	2529	3
1624	2549	1
1624	2617	4
1624	2639	1
1624	2640	1
1624	2642	1
1624	2672	3
1624	2701	1
1624	2722	1
1624	2735	3
1624	2763	1
1624	2788	5
1624	2807	1
1624	2826	3
1624	2912	3
1624	2916	3
1624	2990	3
1624	2993	5
1624	3020	4
1624	3029	2
1624	3033	4
1624	3104	2
1624	3107	5
1624	3175	5
1624	3256	3
1624	3267	5
1624	3354	1
1624	3398	4
1624	3418	1
1624	3438	4
1624	3444	2
1624	3450	3
1624	3471	2
1624	3510	4
1624	3527	3
1624	3555	5
1624	3633	2
1624	3635	4
1624	3638	4
1624	3654	4
1624	3697	3
1624	3698	2
1624	3702	1
1624	3703	1
1624	3704	2
1624	3710	2
1624	3740	5
1624	3744	2
1624	3793	5
1624	3812	5
1624	3926	4
1624	3927	3
1624	3937	1
1624	3939	1
1626	34	5
1626	41	4
1626	70	5
1626	110	4
1626	113	2
1626	147	4
1626	151	4
1626	215	5
1626	235	4
1626	247	5
1626	293	5
1626	296	5
1626	299	4
1626	318	4
1626	527	5
1626	529	3
1626	535	3
1626	574	4
1626	593	4
1626	608	5
1626	610	1
1626	735	4
1626	788	4
1626	805	4
1626	866	5
1626	1050	4
1626	1051	4
1626	1059	3
1626	1060	4
1626	1183	2
1626	1213	5
1626	1214	4
1626	1215	5
1626	1258	4
1626	1261	5
1626	1278	5
1626	1333	4
1626	1339	5
1626	1342	3
1626	1347	3
1626	1357	4
1626	1387	4
1626	1392	4
1626	1393	4
1626	1407	4
1626	1411	4
1626	1466	4
1626	1487	2
1626	1594	5
1626	1639	5
1626	1648	4
1626	1660	3
1626	1670	2
1626	1673	4
1626	1690	5
1626	1699	5
1626	1704	4
1626	1729	4
1626	1734	4
1626	1747	4
1626	1784	5
1626	1834	5
1626	1840	4
1626	1895	3
1626	1912	5
1626	1914	2
1626	1916	5
1626	1924	1
1626	1974	3
1626	1982	3
1626	1992	1
1626	1994	4
1626	1995	2
1626	1997	3
1626	2004	2
1626	2097	2
1626	2107	2
1626	2120	3
1626	2149	1
1626	2272	4
1626	2282	3
1626	2307	1
1626	2336	4
1626	2389	4
1626	2442	3
1626	2606	4
1626	2617	4
1626	2626	1
1626	2712	4
1626	2716	3
1626	2719	2
1626	2746	4
1626	2826	2
1626	2890	5
1626	2908	2
1626	2976	4
1626	3006	4
1626	3013	3
1626	3145	3
1626	3148	4
1626	3176	4
1626	3178	3
1626	3263	2
1626	3300	4
1626	3317	5
1626	3354	1
1626	3409	5
1626	3476	3
1626	3499	4
1626	3510	2
1626	3555	3
1626	3578	4
1626	3598	5
1626	3692	3
1626	3693	3
1626	3709	2
1626	3745	4
1626	3786	3
1626	3793	5
1626	3838	3
1626	3882	1
1626	3893	5
1626	3910	5
1626	3952	1
1632	10	3
1632	17	3
1632	34	2
1632	36	3
1632	41	4
1632	52	3
1632	80	3
1632	95	1
1632	110	3
1632	111	4
1632	145	2
1632	151	3
1632	157	3
1632	235	4
1632	246	4
1632	296	3
1632	300	3
1632	307	4
1632	308	4
1632	318	4
1632	329	3
1632	342	3
1632	348	4
1632	357	3
1632	379	1
1632	434	1
1632	441	3
1632	457	3
1632	476	2
1632	480	3
1632	493	2
1632	497	3
1632	515	3
1632	527	4
1632	529	3
1632	535	3
1632	538	4
1632	555	3
1632	581	3
1632	588	3
1632	590	3
1632	593	3
1632	595	1
1632	608	4
1632	610	4
1632	647	2
1632	671	4
1632	709	1
1632	720	4
1632	728	2
1632	736	3
1632	741	5
1632	766	2
1632	780	1
1632	786	2
1632	858	4
1632	861	3
1632	901	1
1632	903	4
1632	905	3
1632	908	4
1632	909	3
1632	910	2
1632	911	1
1632	914	1
1632	916	2
1632	918	3
1632	924	5
1632	926	2
1632	933	3
1632	934	2
1632	947	3
1632	948	3
1632	952	2
1632	953	4
1632	956	3
1632	968	1
1632	969	3
1632	971	3
1632	1013	1
1632	1014	1
1632	1019	2
1632	1024	1
1632	1025	1
1632	1028	2
1632	1029	4
1632	1032	2
1632	1041	3
1632	1060	2
1632	1078	4
1632	1079	3
1632	1084	3
1632	1086	3
1632	1094	3
1632	1096	3
1632	1104	3
1632	1131	3
1632	1132	3
1632	1136	5
1632	1147	4
1632	1161	3
1632	1175	3
1632	1183	3
1632	1189	3
1632	1193	3
1632	1198	4
1632	1199	5
1632	1200	3
1632	1204	4
1632	1206	5
1632	1211	5
1632	1213	5
1632	1214	3
1632	1217	4
1632	1220	4
1632	1222	5
1632	1223	4
1632	1225	4
1632	1226	2
1632	1227	2
1632	1228	5
1632	1230	4
1632	1234	2
1632	1237	5
1632	1238	3
1632	1241	1
1632	1242	4
1632	1246	3
1632	1251	3
1632	1252	4
1632	1261	1
1632	1264	2
1632	1265	4
1632	1272	3
1632	1275	3
1632	1276	3
1632	1278	3
1632	1286	2
1632	1287	3
1632	1288	4
1632	1292	4
1632	1293	5
1632	1295	5
1632	1306	5
1632	1356	3
1632	1373	3
1632	1374	3
1632	1378	1
1632	1387	3
1632	1391	3
1632	1394	5
1632	1396	3
1632	1408	3
1632	1411	5
1632	1466	4
1632	1573	1
1632	1580	2
1632	1594	3
1632	1610	2
1632	1617	4
1632	1639	3
1632	1674	3
1632	1690	2
1632	1721	3
1632	1734	2
1632	1856	1
1632	1883	2
1632	1912	2
1632	1917	2
1632	1918	1
1632	1923	2
1632	1931	3
1632	1935	3
1632	1942	3
1632	1943	1
1632	1947	2
1632	1950	2
1632	1953	3
1632	1954	3
1632	1955	3
1632	1957	4
1632	1962	3
1632	1964	1
1632	1967	2
1632	2001	1
1632	2009	3
1632	2010	3
1632	2011	2
1632	2012	1
1632	2018	3
1632	2019	5
1632	2021	3
1632	2022	3
1632	2046	3
1632	2075	1
1632	2077	2
1632	2078	2
1632	2080	3
1632	2081	2
1632	2100	3
1632	2105	4
1632	2130	2
1632	2132	3
1632	2138	4
1632	2146	1
1632	2147	1
1632	2161	2
1632	2193	1
1632	2208	3
1632	2245	1
1632	2248	3
1632	2262	1
1632	2264	1
1632	2289	5
1632	2302	3
1632	2311	3
1632	2312	2
1632	2313	3
1632	2336	2
1632	2346	2
1632	2347	3
1632	2362	1
1632	2365	3
1632	2370	3
1632	2374	1
1632	2395	4
1632	2396	3
1632	2405	1
1632	2407	3
1632	2410	1
1632	2411	1
1632	2442	3
1632	2474	2
1632	2520	1
1632	2521	1
1632	2523	1
1632	2529	1
1632	2530	1
1632	2531	1
1632	2532	1
1632	2533	1
1632	2554	1
1632	2600	4
1632	2632	3
1632	2639	1
1632	2640	3
1632	2664	3
1632	2690	2
1632	2716	3
1632	2729	4
1632	2734	3
1632	2739	3
1632	2743	3
1632	2745	3
1632	2747	2
1632	2749	2
1632	2788	5
1632	2804	4
1632	2862	1
1632	2866	3
1632	2871	3
1632	2877	1
1632	2883	3
1632	2890	4
1632	2899	3
1632	2912	5
1632	2915	2
1632	2916	2
1632	2917	2
1632	2919	3
1632	2928	3
1632	2950	1
1632	2951	2
1632	2993	4
1632	2997	4
1632	3006	5
1632	3019	2
1632	3020	3
1632	3022	4
1632	3029	2
1632	3033	2
1632	3034	1
1632	3036	3
1632	3039	2
1632	3061	1
1632	3062	4
1632	3068	2
1632	3072	3
1632	3075	3
1632	3090	2
1632	3100	2
1632	3104	2
1632	3110	3
1632	3114	3
1632	3128	2
1632	3135	2
1632	3142	1
1632	3169	2
1632	3198	3
1632	3211	2
1632	3214	3
1632	3222	2
1632	3251	2
1632	3253	2
1632	3256	2
1632	3267	3
1632	3274	2
1632	3308	2
1632	3330	3
1632	3331	1
1632	3334	3
1632	3359	3
1632	3362	3
1632	3402	2
1632	3418	3
1632	3420	3
1632	3421	3
1632	3424	3
1632	3426	1
1632	3429	3
1632	3430	1
1632	3432	1
1632	3467	2
1632	3471	4
1632	3475	2
1632	3478	2
1632	3501	1
1632	3506	2
1632	3545	2
1632	3546	2
1632	3551	3
1632	3552	3
1632	3578	2
1632	3584	3
1632	3608	3
1632	3618	3
1632	3633	3
1632	3635	3
1632	3638	3
1632	3649	1
1632	3654	3
1632	3668	1
1632	3671	4
1632	3676	5
1632	3678	4
1632	3684	1
1632	3685	3
1632	3697	2
1632	3698	1
1632	3700	2
1632	3702	3
1632	3703	4
1632	3704	3
1632	3707	1
1632	3714	2
1632	3720	4
1632	3723	2
1632	3733	3
1632	3734	2
1632	3740	1
1632	3758	1
1632	3791	1
1632	3811	4
1632	3816	3
1632	3819	3
1632	3834	1
1632	3844	1
1632	3872	2
1632	3927	3
1632	3952	4
1639	6	4
1639	22	4
1639	34	4
1639	36	4
1639	70	4
1639	95	3
1639	110	5
1639	111	4
1639	147	3
1639	161	3
1639	163	3
1639	180	3
1639	216	1
1639	231	1
1639	293	5
1639	296	5
1639	300	4
1639	318	5
1639	330	3
1639	333	1
1639	339	2
1639	342	4
1639	357	3
1639	372	4
1639	373	4
1639	427	3
1639	434	4
1639	441	4
1639	448	3
1639	454	4
1639	479	4
1639	480	5
1639	494	4
1639	500	4
1639	514	4
1639	555	5
1639	588	4
1639	593	4
1639	608	5
1639	610	4
1639	628	5
1639	662	3
1639	736	4
1639	780	4
1639	785	3
1639	832	5
1639	841	2
1639	866	5
1639	968	5
1639	1034	5
1639	1042	5
1639	1051	4
1639	1057	3
1639	1079	4
1639	1092	4
1639	1130	3
1639	1183	4
1639	1193	5
1639	1198	4
1639	1200	4
1639	1206	3
1639	1213	4
1639	1214	5
1639	1220	4
1639	1222	4
1639	1230	3
1639	1258	3
1639	1261	4
1639	1265	4
1639	1271	2
1639	1278	4
1639	1283	4
1639	1288	3
1639	1333	3
1639	1346	5
1639	1347	3
1639	1387	4
1639	1388	3
1639	1393	5
1639	1407	4
1639	1408	3
1639	1441	5
1639	1466	4
1639	1485	4
1639	1499	2
1639	1513	4
1639	1569	5
1639	1573	4
1639	1580	2
1639	1594	4
1639	1615	4
1639	1617	4
1639	1639	5
1639	1641	4
1639	1648	4
1639	1660	4
1639	1673	4
1639	1680	4
1639	1683	4
1639	1704	5
1639	1729	3
1639	1734	4
1639	1747	2
1639	1784	4
1639	1794	4
1639	1856	4
1639	1859	3
1639	1883	1
1639	1888	4
1639	1892	3
1639	1912	4
1639	1916	4
1639	1917	4
1639	1923	5
1639	1954	5
1639	1955	4
1639	1970	4
1639	1974	4
1639	1975	3
1639	1982	5
1639	1984	1
1639	1994	3
1639	1997	4
1639	2001	4
1639	2011	4
1639	2012	4
1639	2058	5
1639	2100	4
1639	2111	2
1639	2118	3
1639	2125	3
1639	2159	5
1639	2171	2
1639	2248	4
1639	2262	3
1639	2272	4
1639	2287	4
1639	2298	1
1639	2302	4
1639	2313	5
1639	2318	5
1639	2329	4
1639	2336	4
1639	2353	3
1639	2391	4
1639	2395	3
1639	2396	2
1639	2407	4
1639	2410	4
1639	2411	4
1639	2416	2
1639	2424	4
1639	2433	2
1639	2440	4
1639	2442	4
1639	2456	3
1639	2459	5
1639	2490	4
1639	2506	5
1639	2521	3
1639	2523	2
1639	2531	1
1639	2535	3
1639	2551	5
1639	2560	5
1639	2580	4
1639	2581	4
1639	2583	1
1639	2590	4
1639	2598	1
1639	2600	5
1639	2659	3
1639	2692	5
1639	2712	4
1639	2716	2
1639	2731	4
1639	2732	4
1639	2735	3
1639	2761	2
1639	2770	2
1639	2772	4
1639	2793	2
1639	2844	5
1639	2866	5
1639	2871	4
1639	2890	3
1639	2908	5
1639	2912	4
1639	2915	5
1639	2916	4
1639	2917	4
1639	2921	4
1639	2952	2
1639	2976	3
1639	2997	4
1639	3006	4
1639	3015	3
1639	3020	5
1639	3029	4
1639	3040	4
1639	3053	4
1639	3063	4
1639	3072	2
1639	3104	4
1639	3114	5
1639	3125	3
1639	3148	4
1639	3169	4
1639	3176	4
1639	3178	4
1639	3203	4
1639	3219	4
1639	3247	2
1639	3252	4
1639	3253	4
1639	3255	4
1639	3263	3
1639	3267	4
1639	3274	4
1639	3300	4
1639	3317	5
1639	3362	4
1639	3409	4
1639	3418	5
1639	3420	4
1639	3421	4
1639	3430	4
1639	3444	3
1639	3445	3
1639	3476	4
1639	3477	3
1639	3499	4
1639	3510	4
1639	3527	4
1639	3552	5
1639	3555	4
1639	3578	4
1639	3618	2
1639	3635	4
1639	3637	4
1639	3638	2
1639	3671	4
1639	3684	4
1639	3702	4
1639	3708	3
1639	3710	1
1639	3728	4
1639	3753	4
1639	3784	3
1639	3786	2
1639	3798	1
1639	3893	5
1639	3896	3
1651	161	4
1651	593	4
1651	780	4
1651	969	2
1651	1200	4
1651	1222	2
1651	1356	4
1651	2890	2
1651	3062	5
1651	3196	3
1651	3300	4
1651	3354	3
1651	3409	3
1651	3510	4
1651	3753	3
1654	110	1
1654	111	5
1654	246	5
1654	296	3
1654	608	5
1654	908	4
1654	1183	5
1654	1193	4
1654	1198	3
1654	1204	5
1654	1228	5
1654	1251	5
1654	1264	5
1654	1446	5
1654	1674	5
1654	2019	5
1654	2908	4
1654	2919	5
1654	2920	5
1654	3077	5
1654	3185	2
1654	3362	3
1654	3418	5
1654	3429	5
1654	3578	3
1654	3671	5
1654	3783	5
1665	24	1
1665	198	3
1665	780	5
1665	924	4
1665	968	4
1665	1175	1
1665	1199	1
1665	1200	5
1665	1206	3
1665	1214	5
1665	1356	4
1665	1374	4
1665	1396	3
1665	1573	2
1665	1580	5
1665	2010	2
1665	2015	5
1665	2021	3
1665	2038	2
1665	2046	2
1665	2159	4
1665	2529	4
1665	2533	3
1665	2640	5
1665	2664	3
1665	2916	3
1665	3175	5
1665	3379	4
1665	3471	4
1665	3527	5
1665	3602	3
1665	3702	2
1665	3703	3
1665	3793	4
1665	3932	4
1666	5	4
1666	6	4
1666	10	3
1666	20	3
1666	36	3
1666	70	4
1666	110	4
1666	144	3
1666	147	4
1666	151	3
1666	161	3
1666	163	3
1666	170	2
1666	198	3
1666	216	4
1666	231	4
1666	246	3
1666	293	3
1666	295	4
1666	296	5
1666	300	4
1666	318	5
1666	333	4
1666	340	3
1666	354	4
1666	357	4
1666	372	3
1666	427	3
1666	432	3
1666	441	3
1666	454	4
1666	457	4
1666	480	4
1666	515	4
1666	527	5
1666	590	5
1666	593	5
1666	595	3
1666	608	4
1666	647	3
1666	707	4
1666	736	3
1666	780	3
1666	782	3
1666	785	4
1666	788	3
1666	832	4
1666	858	5
1666	1006	3
1666	1051	3
1666	1054	2
1666	1060	5
1666	1092	4
1666	1094	2
1666	1167	3
1666	1183	4
1666	1198	4
1666	1201	4
1666	1213	5
1666	1222	4
1666	1242	2
1666	1265	4
1666	1275	2
1666	1339	4
1666	1352	3
1666	1363	3
1666	1379	2
1666	1387	5
1666	1391	2
1666	1393	4
1666	1407	5
1666	1408	4
1666	1431	2
1666	1457	3
1666	1466	3
1666	1488	3
1666	1499	3
1666	1513	2
1666	1569	3
1666	1573	4
1666	1580	3
1666	1610	3
1666	1611	3
1666	1615	4
1666	1616	3
1666	1617	4
1666	1639	4
1666	1641	4
1666	1673	3
1666	1704	4
1666	1721	4
1666	1722	3
1666	1729	4
1666	1747	4
1666	1779	2
1666	1783	3
1666	1784	4
1666	1785	3
1666	1804	4
1666	1833	2
1666	1834	4
1666	1835	3
1666	1862	3
1666	1883	3
1666	1888	2
1666	1892	4
1666	1912	3
1666	1917	4
1666	1918	3
1666	1920	3
1666	1923	4
1666	1954	5
1666	2058	4
1666	2107	3
1666	2125	3
1666	2153	3
1666	2158	3
1666	2232	3
1666	2272	3
1666	2278	3
1666	2280	4
1666	2320	3
1666	2329	4
1666	2336	3
1666	2389	2
1666	2391	3
1666	2395	3
1666	2424	2
1666	2474	4
1666	2490	4
1666	2501	4
1666	2529	3
1666	2546	2
1666	2558	3
1666	2560	4
1666	2567	3
1666	2580	3
1666	2617	3
1666	2712	2
1666	2770	3
1666	2771	3
1666	2772	2
1666	2793	4
1666	2798	3
1666	2881	3
1666	2889	2
1666	2890	4
1666	2915	3
1666	2916	3
1666	2951	4
1666	2953	3
1666	2976	2
1666	2993	3
1666	2994	3
1666	2995	3
1666	2997	3
1666	3006	4
1666	3020	4
1666	3053	3
1666	3100	5
1666	3104	4
1666	3107	3
1666	3114	3
1666	3125	2
1666	3145	3
1666	3148	4
1666	3176	3
1666	3178	2
1666	3185	3
1666	3219	4
1666	3252	4
1666	3255	3
1666	3274	3
1666	3275	4
1666	3450	4
1666	3468	5
1666	3499	4
1666	3500	3
1666	3510	3
1666	3527	4
1666	3555	4
1666	3578	4
1666	3697	3
1666	3702	3
1666	3753	3
1667	6	3
1667	10	4
1667	20	3
1667	22	4
1667	70	3
1667	89	4
1667	95	4
1667	110	4
1667	151	4
1667	153	2
1667	157	3
1667	161	4
1667	163	3
1667	170	4
1667	173	3
1667	210	2
1667	296	4
1667	303	4
1667	329	3
1667	360	3
1667	376	4
1667	416	2
1667	432	3
1667	434	4
1667	457	4
1667	458	3
1667	459	4
1667	465	3
1667	466	3
1667	480	5
1667	487	3
1667	493	1
1667	494	4
1667	527	4
1667	532	2
1667	533	3
1667	537	2
1667	590	5
1667	608	5
1667	647	4
1667	653	3
1667	707	3
1667	736	4
1667	760	4
1667	780	4
1667	798	3
1667	799	3
1667	836	3
1667	849	3
1667	858	5
1667	861	4
1667	910	4
1667	940	4
1667	942	3
1667	960	3
1667	969	4
1667	1008	3
1667	1078	4
1667	1084	5
1667	1094	4
1667	1178	5
1667	1183	3
1667	1198	5
1667	1200	3
1667	1201	4
1667	1204	5
1667	1213	4
1667	1214	4
1667	1217	3
1667	1222	5
1667	1227	3
1667	1234	4
1667	1242	4
1667	1272	5
1667	1275	2
1667	1276	5
1667	1283	5
1667	1287	5
1667	1289	3
1667	1339	3
1667	1356	3
1667	1372	3
1667	1373	3
1667	1374	4
1667	1378	4
1667	1379	3
1667	1382	3
1667	1387	5
1667	1388	3
1667	1391	3
1667	1396	4
1667	1408	4
1667	1432	3
1667	1438	3
1667	1445	1
1667	1466	3
1667	1488	3
1667	1499	2
1667	1562	3
1667	1573	4
1667	1580	5
1667	1590	2
1667	1598	3
1667	1610	5
1667	1616	4
1667	1617	5
1667	1687	4
1667	1690	3
1667	1722	4
1667	1729	3
1667	1762	3
1667	1791	4
1667	1792	4
1667	1804	4
1667	1833	4
1667	1882	4
1667	1917	4
1667	1918	4
1667	1925	3
1667	1927	5
1667	1928	4
1667	1936	3
1667	1953	5
1667	1954	4
1667	2001	4
1667	2012	3
1667	2016	1
1667	2019	5
1667	2023	3
1667	2058	4
1667	2105	3
1667	2110	3
1667	2130	3
1667	2202	4
1667	2278	4
1667	2287	3
1667	2307	4
1667	2316	2
1667	2322	4
1667	2365	2
1667	2370	4
1667	2373	2
1667	2389	3
1667	2391	5
1667	2401	4
1667	2405	3
1667	2410	3
1667	2457	3
1667	2490	4
1667	2529	4
1667	2530	3
1667	2531	3
1667	2532	3
1667	2533	3
1667	2560	3
1667	2568	1
1667	2617	3
1667	2640	3
1667	2642	2
1667	2670	4
1667	2701	3
1667	2719	2
1667	2737	2
1667	2748	1
1667	2763	4
1667	2764	4
1667	2816	2
1667	2817	1
1667	2881	4
1667	2890	4
1667	2896	3
1667	2912	3
1667	2916	4
1667	2921	4
1667	2922	4
1667	2951	4
1667	2976	4
1667	2986	2
1667	2990	4
1667	2993	4
1667	2995	3
1667	3020	4
1667	3029	4
1667	3037	4
1667	3062	4
1667	3093	3
1667	3104	4
1667	3107	4
1667	3122	3
1667	3139	3
1667	3178	4
1667	3196	4
1667	3247	3
1667	3256	4
1667	3274	4
1667	3300	4
1667	3334	4
1667	3339	3
1667	3362	3
1667	3365	4
1667	3367	3
1667	3372	3
1667	3405	5
1667	3406	4
1667	3418	4
1667	3430	4
1667	3432	2
1667	3467	5
1667	3487	3
1667	3499	4
1667	3508	4
1667	3527	4
1667	3545	3
1667	3555	4
1667	3578	5
1667	3633	3
1667	3635	3
1667	3642	3
1667	3643	3
1667	3654	4
1667	3671	5
1667	3681	4
1667	3697	3
1667	3698	3
1667	3702	4
1667	3704	4
1667	3710	2
1667	3714	2
1667	3716	2
1667	3729	3
1667	3737	4
1667	3740	3
1667	3744	3
1667	3753	4
1667	3766	3
1667	3768	2
1667	3782	2
1667	3792	3
1667	3793	3
1667	3806	3
1667	3811	4
1667	3836	3
1667	3841	2
1667	3864	3
1667	3873	3
1667	3877	2
1667	3893	4
1667	3926	2
1667	3927	2
1667	3952	4
1673	216	5
1673	340	4
1673	480	5
1673	536	4
1673	546	4
1673	595	4
1673	780	5
1673	788	3
1673	1020	5
1673	1198	5
1673	1356	5
1673	1373	4
1673	1374	4
1673	1391	5
1673	1580	5
1673	1646	5
1673	1665	5
1673	1721	4
1673	1727	2
1673	1920	5
1673	2012	4
1673	2021	5
1673	2046	4
1673	2053	3
1673	2105	5
1673	2311	5
1673	2407	4
1673	2642	5
1673	2747	5
1673	2770	5
1673	3033	5
1673	3114	5
1673	3175	5
1673	3354	5
1673	3489	5
1673	3555	5
1673	3745	4
1673	3877	2
1673	3945	3
1680	5	3
1680	6	1
1680	10	3
1680	17	3
1680	19	3
1680	22	5
1680	34	3
1680	35	2
1680	36	5
1680	41	3
1680	42	3
1680	44	2
1680	49	5
1680	52	5
1680	61	3
1680	68	4
1680	70	2
1680	71	2
1680	76	4
1680	78	4
1680	89	3
1680	95	3
1680	99	4
1680	105	4
1680	110	1
1680	111	3
1680	113	4
1680	116	5
1680	121	4
1680	122	4
1680	137	1
1680	145	2
1680	147	2
1680	151	5
1680	153	3
1680	157	3
1680	158	3
1680	161	4
1680	170	4
1680	173	4
1680	174	1
1680	180	4
1680	181	1
1680	186	3
1680	189	4
1680	198	4
1680	203	4
1680	205	3
1680	211	3
1680	216	1
1680	222	4
1680	229	5
1680	231	5
1680	235	5
1680	236	3
1680	244	3
1680	247	5
1680	250	1
1680	256	4
1680	271	5
1680	277	3
1680	282	4
1680	295	4
1680	296	5
1680	299	5
1680	303	3
1680	312	5
1680	317	3
1680	324	3
1680	325	3
1680	326	5
1680	329	3
1680	330	4
1680	333	3
1680	335	3
1680	339	4
1680	342	5
1680	348	4
1680	351	2
1680	352	3
1680	355	4
1680	357	3
1680	360	1
1680	362	3
1680	365	3
1680	371	3
1680	372	4
1680	373	5
1680	376	4
1680	378	1
1680	379	4
1680	381	4
1680	392	2
1680	410	5
1680	413	4
1680	415	3
1680	416	5
1680	419	2
1680	422	5
1680	425	4
1680	427	2
1680	429	3
1680	432	3
1680	434	4
1680	441	3
1680	443	2
1680	444	2
1680	446	4
1680	447	4
1680	448	4
1680	454	4
1680	457	4
1680	465	3
1680	472	3
1680	477	4
1680	480	5
1680	488	3
1680	489	3
1680	493	1
1680	497	3
1680	500	5
1680	501	5
1680	505	3
1680	506	3
1680	512	3
1680	513	4
1680	514	5
1680	518	2
1680	527	4
1680	529	5
1680	532	5
1680	533	4
1680	535	4
1680	536	1
1680	537	4
1680	538	5
1680	548	2
1680	550	5
1680	555	5
1680	558	4
1680	561	3
1680	565	4
1680	567	5
1680	571	4
1680	574	3
1680	577	1
1680	580	4
1680	581	5
1680	587	1
1680	588	4
1680	590	2
1680	593	5
1680	595	4
1680	606	4
1680	608	5
1680	610	4
1680	621	5
1680	628	5
1680	631	2
1680	653	4
1680	662	1
1680	671	4
1680	697	2
1680	705	2
1680	707	5
1680	709	3
1680	720	4
1680	728	5
1680	735	4
1680	736	5
1680	741	4
1680	743	3
1680	754	4
1680	766	5
1680	779	3
1680	780	2
1680	782	4
1680	783	3
1680	784	3
1680	785	4
1680	786	4
1680	788	4
1680	798	4
1680	799	4
1680	810	1
1680	830	4
1680	836	2
1680	838	3
1680	840	4
1680	841	4
1680	842	3
1680	849	5
1680	851	3
1680	858	2
1680	861	3
1680	864	3
1680	866	5
1680	875	4
1680	880	4
1680	888	3
1680	891	3
1680	896	4
1680	901	4
1680	903	5
1680	905	4
1680	908	5
1680	910	5
1680	914	3
1680	922	5
1680	924	3
1680	926	5
1680	931	4
1680	934	4
1680	942	4
1680	953	5
1680	968	5
1680	971	3
1680	997	2
1680	998	3
1680	1003	4
1680	1013	3
1680	1014	3
1680	1015	3
1680	1017	4
1680	1019	4
1680	1020	3
1680	1024	4
1680	1025	4
1680	1028	4
1680	1029	5
1680	1030	4
1680	1031	5
1680	1032	4
1680	1034	5
1680	1041	3
1680	1046	4
1680	1051	3
1680	1055	1
1680	1057	4
1680	1060	3
1680	1063	4
1680	1064	2
1680	1078	3
1680	1079	5
1680	1084	3
1680	1086	5
1680	1088	2
1680	1091	4
1680	1092	5
1680	1094	5
1680	1096	5
1680	1104	4
1680	1126	3
1680	1130	5
1680	1135	5
1680	1136	4
1680	1161	4
1680	1171	4
1680	1175	5
1680	1183	3
1680	1189	4
1680	1190	4
1680	1193	5
1680	1198	5
1680	1199	4
1680	1200	4
1680	1206	4
1680	1211	3
1680	1213	3
1680	1214	5
1680	1215	3
1680	1220	4
1680	1222	4
1680	1223	4
1680	1225	3
1680	1228	5
1680	1230	5
1680	1234	5
1680	1236	5
1680	1237	4
1680	1238	3
1680	1246	3
1680	1251	4
1680	1252	5
1680	1257	3
1680	1258	5
1680	1261	4
1680	1264	4
1680	1271	5
1680	1272	4
1680	1275	1
1680	1278	5
1680	1286	4
1680	1288	4
1680	1289	4
1680	1290	4
1680	1292	5
1680	1293	4
1680	1295	1
1680	1297	4
1680	1306	3
1680	1322	3
1680	1329	3
1680	1330	4
1680	1331	3
1680	1333	5
1680	1335	4
1680	1339	3
1680	1341	5
1680	1342	5
1680	1347	4
1680	1349	4
1680	1352	3
1680	1355	1
1680	1356	4
1680	1357	3
1680	1366	4
1680	1367	3
1680	1372	4
1680	1373	3
1680	1374	5
1680	1378	1
1680	1379	1
1680	1387	5
1680	1388	4
1680	1390	4
1680	1391	4
1680	1392	5
1680	1394	4
1680	1396	4
1680	1407	4
1680	1408	3
1680	1411	4
1680	1414	4
1680	1415	4
1680	1419	4
1680	1425	3
1680	1438	1
1680	1445	1
1680	1458	3
1680	1460	4
1680	1464	5
1680	1465	4
1680	1466	4
1680	1480	5
1680	1485	2
1680	1487	3
1680	1488	2
1680	1493	4
1680	1498	3
1680	1499	2
1680	1513	5
1680	1516	5
1680	1529	4
1680	1531	5
1680	1535	4
1680	1549	2
1680	1562	3
1680	1566	3
1680	1569	5
1680	1573	4
1680	1580	4
1680	1583	1
1680	1590	5
1680	1592	1
1680	1595	1
1680	1598	3
1680	1605	1
1680	1606	3
1680	1610	4
1680	1611	4
1680	1612	4
1680	1615	5
1680	1616	3
1680	1617	5
1680	1633	3
1680	1639	5
1680	1640	1
1680	1641	5
1680	1648	4
1680	1649	5
1680	1655	5
1680	1657	3
1680	1661	3
1680	1673	4
1680	1674	4
1680	1688	4
1680	1690	4
1680	1696	2
1680	1699	3
1680	1702	2
1680	1703	3
1680	1704	2
1680	1715	3
1680	1721	4
1680	1722	4
1680	1728	4
1680	1729	3
1680	1731	1
1680	1746	1
1680	1747	3
1680	1753	3
1680	1762	3
1680	1772	3
1680	1779	4
1680	1783	1
1680	1784	4
1680	1791	4
1680	1794	3
1680	1812	3
1680	1816	3
1680	1833	4
1680	1834	2
1680	1837	2
1680	1845	4
1680	1856	2
1680	1863	1
1680	1875	5
1680	1882	2
1680	1883	4
1680	1888	3
1680	1892	3
1680	1895	2
1680	1912	5
1680	1914	4
1680	1916	2
1680	1917	1
1680	1918	3
1680	1920	5
1680	1923	4
1680	1924	3
1680	1947	4
1680	1953	4
1680	1954	4
1680	1957	1
1680	1962	4
1680	1963	4
1680	1967	3
1680	1970	3
1680	1972	4
1680	1973	2
1680	1974	4
1680	1975	3
1680	1979	3
1680	1982	5
1680	1984	4
1680	1986	4
1680	1988	3
1680	1989	2
1680	1993	3
1680	1994	5
1680	1995	3
1680	1997	4
1680	1998	4
1680	2001	2
1680	2004	3
1680	2009	4
1680	2011	3
1680	2012	3
1680	2015	4
1680	2016	3
1680	2018	5
1680	2019	4
1680	2021	3
1680	2023	3
1680	2024	5
1680	2027	2
1680	2029	4
1680	2037	4
1680	2038	4
1680	2041	4
1680	2044	2
1680	2047	4
1680	2050	4
1680	2053	3
1680	2055	4
1680	2059	1
1680	2060	4
1680	2071	1
1680	2072	3
1680	2077	4
1680	2078	3
1680	2080	4
1680	2081	5
1680	2083	4
1680	2093	5
1680	2095	4
1680	2097	4
1680	2100	4
1680	2104	3
1680	2105	4
1680	2107	5
1680	2110	4
1680	2111	5
1680	2118	4
1680	2120	4
1680	2121	4
1680	2122	4
1680	2123	4
1680	2125	4
1680	2130	5
1680	2132	5
1680	2138	5
1680	2142	4
1680	2143	4
1680	2146	4
1680	2149	1
1680	2151	2
1680	2152	1
1680	2153	1
1680	2159	2
1680	2161	4
1680	2177	5
1680	2178	2
1680	2181	3
1680	2184	4
1680	2188	3
1680	2189	4
1680	2193	4
1680	2195	2
1680	2203	5
1680	2232	5
1680	2241	3
1680	2245	5
1680	2247	4
1680	2248	4
1680	2249	4
1680	2252	2
1680	2257	4
1680	2261	4
1680	2262	4
1680	2266	4
1680	2267	5
1680	2272	4
1680	2282	3
1680	2287	4
1680	2289	4
1680	2295	4
1680	2302	4
1680	2313	5
1680	2315	5
1680	2316	4
1680	2318	5
1680	2320	3
1680	2322	2
1680	2336	3
1680	2346	5
1680	2347	4
1680	2349	5
1680	2351	3
1680	2353	4
1680	2359	3
1680	2362	2
1680	2365	5
1680	2368	3
1680	2369	4
1680	2370	2
1680	2373	3
1680	2374	4
1680	2377	3
1680	2380	1
1680	2382	1
1680	2385	3
1680	2389	2
1680	2390	3
1680	2391	3
1680	2395	4
1680	2396	3
1680	2397	4
1680	2405	4
1680	2407	3
1680	2408	3
1680	2410	2
1680	2411	1
1680	2415	4
1680	2416	3
1680	2424	4
1680	2429	2
1680	2430	4
1680	2440	4
1680	2442	5
1680	2446	1
1680	2456	1
1680	2457	3
1680	2458	3
1680	2459	5
1680	2462	1
1680	2468	5
1680	2469	5
1680	2471	1
1680	2479	2
1680	2483	5
1680	2500	1
1680	2520	3
1680	2521	4
1680	2523	3
1680	2529	4
1680	2530	4
1680	2531	4
1680	2532	4
1680	2533	4
1680	2535	5
1680	2539	4
1680	2545	5
1680	2548	2
1680	2551	4
1680	2560	5
1680	2567	4
1680	2574	4
1680	2577	3
1680	2580	4
1680	2583	4
1680	2594	5
1680	2597	2
1680	2600	5
1680	2606	5
1680	2607	3
1680	2612	5
1680	2617	4
1680	2626	4
1680	2639	4
1680	2640	4
1680	2642	2
1680	2655	3
1680	2659	4
1680	2664	5
1680	2672	1
1680	2690	3
1680	2692	5
1680	2693	5
1680	2701	1
1680	2712	5
1680	2715	4
1680	2716	3
1680	2719	3
1680	2722	3
1680	2733	4
1680	2734	4
1680	2735	4
1680	2739	5
1680	2745	3
1680	2746	5
1680	2747	2
1680	2748	2
1680	2749	4
1680	2752	5
1680	2761	4
1680	2767	2
1680	2772	4
1680	2781	3
1680	2788	4
1680	2793	1
1680	2794	4
1680	2795	5
1680	2796	4
1680	2798	1
1680	2804	3
1680	2826	1
1680	2829	2
1680	2840	1
1680	2844	2
1680	2853	4
1680	2860	4
1680	2862	4
1680	2866	4
1680	2868	2
1680	2870	4
1680	2871	4
1680	2876	2
1680	2877	3
1680	2881	3
1680	2890	4
1680	2899	4
1680	2903	1
1680	2908	5
1680	2912	5
1680	2915	4
1680	2916	2
1680	2917	4
1680	2919	5
1680	2928	4
1680	2945	5
1680	2950	3
1680	2952	3
1680	2953	1
1680	2967	3
1680	2971	5
1680	2976	5
1680	2982	5
1680	2986	2
1680	2990	2
1680	2992	4
1680	2995	3
1680	2997	4
1680	3005	4
1680	3006	2
1680	3013	3
1680	3015	5
1680	3019	4
1680	3020	3
1680	3021	5
1680	3028	4
1680	3029	4
1680	3033	4
1680	3034	4
1680	3036	5
1680	3039	5
1680	3040	4
1680	3044	4
1680	3051	3
1680	3063	4
1680	3068	5
1680	3072	5
1680	3075	3
1680	3086	4
1680	3094	3
1680	3102	5
1680	3107	2
1680	3112	5
1680	3115	5
1680	3125	5
1680	3128	3
1680	3135	5
1680	3141	4
1680	3145	4
1680	3146	1
1680	3157	3
1680	3169	4
1680	3175	5
1680	3176	2
1680	3178	3
1680	3185	3
1680	3198	5
1680	3203	4
1680	3211	4
1680	3213	5
1680	3223	3
1680	3239	4
1680	3243	4
1680	3244	5
1680	3247	4
1680	3251	4
1680	3252	4
1680	3253	3
1680	3255	3
1680	3256	4
1680	3263	3
1680	3269	3
1680	3272	5
1680	3274	5
1680	3281	5
1680	3304	4
1680	3325	4
1680	3331	4
1680	3339	3
1680	3359	5
1680	3362	4
1680	3388	3
1680	3391	5
1680	3398	3
1680	3402	4
1680	3404	3
1680	3409	4
1680	3418	5
1680	3420	5
1680	3421	4
1680	3424	3
1680	3429	4
1680	3430	4
1680	3436	2
1680	3438	2
1680	3442	3
1680	3445	3
1680	3450	4
1680	3461	4
1680	3466	4
1680	3471	5
1680	3476	5
1680	3478	1
1680	3479	2
1680	3489	2
1680	3490	5
1680	3495	4
1680	3499	5
1680	3500	2
1680	3501	4
1680	3505	4
1680	3506	4
1680	3508	4
1680	3510	4
1680	3521	4
1680	3524	5
1680	3527	4
1680	3544	3
1680	3545	5
1680	3546	5
1680	3547	5
1680	3551	3
1680	3552	4
1680	3577	4
1680	3584	4
1680	3587	4
1680	3590	4
1680	3608	5
1680	3633	4
1680	3635	5
1680	3638	5
1680	3649	4
1680	3661	3
1680	3663	3
1680	3664	3
1680	3671	5
1680	3672	5
1680	3676	4
1680	3679	5
1680	3680	3
1680	3684	4
1680	3685	5
1680	3692	4
1680	3693	4
1680	3695	3
1680	3697	2
1680	3698	3
1680	3702	3
1680	3703	2
1680	3704	2
1680	3707	4
1680	3708	4
1680	3709	4
1680	3712	5
1680	3714	2
1680	3715	4
1680	3716	4
1680	3723	4
1680	3727	4
1680	3728	5
1680	3729	4
1680	3732	3
1680	3733	4
1680	3734	5
1680	3738	5
1680	3740	3
1680	3745	4
1680	3753	1
1680	3754	2
1680	3758	4
1680	3760	5
1680	3777	1
1680	3786	3
1680	3791	4
1680	3798	4
1680	3804	5
1680	3807	5
1680	3811	4
1680	3812	4
1680	3820	1
1680	3834	3
1680	3838	2
1680	3840	5
1680	3841	5
1680	3844	4
1680	3851	5
1680	3857	1
1680	3869	4
1680	3877	2
1680	3927	4
1680	3928	4
1680	3932	3
1680	3937	2
1680	3939	3
1680	3940	3
1680	3942	3
1686	111	3
1686	144	2
1686	480	3
1686	1580	2
1686	1923	3
1686	2399	4
1686	3247	4
1686	3409	4
1686	3515	2
1686	3555	4
1686	3594	5
1686	3927	4
1689	158	3
1689	317	4
1689	329	3
1689	454	4
1689	480	5
1689	587	4
1689	590	3
1689	593	5
1689	610	4
1689	653	3
1689	788	3
1689	832	4
1689	1126	3
1689	1198	4
1689	1214	3
1689	1241	2
1689	1258	3
1689	1261	3
1689	1275	4
1689	1372	3
1689	1374	4
1689	1387	4
1689	1573	4
1689	1580	5
1689	1610	5
1689	1920	3
1689	1967	3
1689	1997	3
1689	2021	5
1689	2058	4
1689	2093	2
1689	2097	4
1689	2100	3
1689	2105	4
1689	2112	2
1689	2143	2
1689	2161	4
1689	2193	5
1689	2278	3
1689	2405	3
1689	2617	4
1689	2716	3
1689	2735	3
1689	2822	4
1689	2916	4
1689	3175	4
1689	3256	4
1689	3269	3
1689	3300	4
1689	3354	2
1689	3438	4
1689	3452	5
1689	3479	4
1689	3489	5
1689	3793	4
1693	17	4
1693	24	1
1693	28	4
1693	34	4
1693	41	3
1693	111	3
1693	229	2
1693	262	3
1693	293	5
1693	296	5
1693	318	4
1693	342	4
1693	457	4
1693	480	3
1693	497	4
1693	515	3
1693	527	4
1693	529	4
1693	535	2
1693	588	3
1693	608	5
1693	858	5
1693	903	5
1693	905	4
1693	908	4
1693	909	4
1693	910	5
1693	911	3
1693	914	3
1693	916	4
1693	926	4
1693	929	3
1693	942	4
1693	953	5
1693	969	4
1693	1028	5
1693	1029	4
1693	1059	1
1693	1060	3
1693	1079	4
1693	1084	4
1693	1086	3
1693	1094	3
1693	1136	5
1693	1183	3
1693	1200	3
1693	1201	5
1693	1204	5
1693	1214	4
1693	1222	4
1693	1230	3
1693	1234	5
1693	1237	3
1693	1242	4
1693	1246	3
1693	1251	3
1693	1252	5
1693	1258	4
1693	1265	4
1693	1272	5
1693	1276	5
1693	1277	3
1693	1278	3
1693	1287	5
1693	1292	3
1693	1293	5
1693	1333	5
1693	1357	4
1693	1387	5
1693	1393	4
1693	1394	5
1693	1594	3
1693	1610	4
1693	1617	3
1693	1641	4
1693	1704	4
1693	1729	5
1693	1834	3
1693	1912	4
1693	1923	4
1693	1927	5
1693	1931	4
1693	1947	4
1693	1950	4
1693	1953	4
1693	1954	4
1693	1957	4
1693	1962	4
1693	1994	3
1693	1997	4
1693	2010	4
1693	2019	5
1693	2097	3
1693	2147	2
1693	2183	2
1693	2203	4
1693	2210	3
1693	2248	4
1693	2289	4
1693	2359	3
1693	2369	3
1693	2391	4
1693	2395	5
1693	2396	5
1693	2433	2
1693	2640	3
1693	2664	4
1693	2670	4
1693	2716	5
1693	2719	2
1693	2731	5
1693	2734	3
1693	2745	4
1693	2804	4
1693	2819	3
1693	2853	2
1693	2866	3
1693	2890	3
1693	2915	4
1693	2916	2
1693	2935	4
1693	2951	5
1693	2993	4
1693	2997	3
1693	3037	5
1693	3072	4
1693	3088	5
1693	3100	4
1693	3104	5
1693	3110	2
1693	3114	4
1693	3175	4
1693	3176	2
1693	3196	4
1693	3219	1
1693	3253	4
1693	3267	4
1693	3334	4
1693	3359	4
1693	3365	4
1693	3421	4
1693	3424	3
1693	3426	3
1693	3468	5
1693	3471	5
1693	3499	4
1693	3551	4
1693	3552	5
1693	3578	3
1693	3671	4
1693	3753	3
1693	3793	3
1693	3893	2
1699	36	4
1699	52	4
1699	111	5
1699	235	4
1699	246	5
1699	247	5
1699	296	5
1699	307	2
1699	308	4
1699	348	3
1699	372	3
1699	441	3
1699	448	4
1699	457	4
1699	515	4
1699	527	3
1699	549	5
1699	593	4
1699	608	5
1699	858	5
1699	905	5
1699	908	4
1699	910	5
1699	911	5
1699	914	5
1699	916	5
1699	922	5
1699	924	5
1699	926	5
1699	933	5
1699	938	4
1699	942	5
1699	947	5
1699	959	5
1699	969	5
1699	971	5
1699	1028	4
1699	1032	5
1699	1041	4
1699	1066	5
1699	1079	4
1699	1086	5
1699	1088	3
1699	1094	4
1699	1104	5
1699	1131	4
1699	1132	4
1699	1136	5
1699	1171	4
1699	1176	2
1699	1183	5
1699	1189	5
1699	1199	5
1699	1200	5
1699	1201	4
1699	1204	5
1699	1206	5
1699	1211	5
1699	1213	5
1699	1214	5
1699	1217	5
1699	1220	4
1699	1230	5
1699	1234	4
1699	1236	5
1699	1238	5
1699	1242	4
1699	1251	5
1699	1252	5
1699	1264	4
1699	1265	5
1699	1272	5
1699	1278	5
1699	1283	4
1699	1288	5
1699	1292	5
1699	1295	3
1699	1387	4
1699	1394	4
1699	1446	5
1699	1449	5
1699	1571	5
1699	1617	4
1699	1641	5
1699	1674	4
1699	1704	5
1699	1734	5
1699	1923	2
1699	1938	4
1699	1947	5
1699	1950	5
1699	1953	5
1699	1963	5
1699	1964	5
1699	1997	5
1699	2010	5
1699	2075	5
1699	2078	5
1699	2080	5
1699	2132	5
1699	2202	5
1699	2208	5
1699	2248	4
1699	2289	5
1699	2312	5
1699	2313	4
1699	2349	4
1699	2351	5
1699	2612	4
1699	2664	5
1699	2692	5
1699	2716	5
1699	2726	4
1699	2731	5
1699	2746	4
1699	2788	4
1699	2804	5
1699	2871	4
1699	2874	4
1699	2897	4
1699	2908	5
1699	2912	5
1699	2920	4
1699	2932	4
1699	2970	5
1699	2971	4
1699	2997	5
1699	3019	5
1699	3037	4
1699	3044	3
1699	3061	4
1699	3068	4
1699	3072	4
1699	3088	4
1699	3125	4
1699	3142	3
1699	3239	3
1699	3253	4
1699	3334	5
1699	3365	5
1699	3398	4
1699	3418	4
1699	3421	4
1699	3424	5
1699	3468	5
1699	3475	5
1699	3521	5
1699	3532	4
1699	3545	4
1699	3547	4
1699	3552	3
1699	3608	5
1699	3668	4
1699	3671	3
1699	3676	3
1699	3679	5
1699	3685	4
1699	3712	3
1699	3811	4
1699	3812	4
1699	3819	4
1699	3893	4
1699	3910	5
1707	17	5
1707	34	4
1707	36	5
1707	110	4
1707	144	4
1707	235	5
1707	247	5
1707	296	5
1707	300	5
1707	318	5
1707	527	5
1707	593	4
1707	608	5
1707	908	5
1707	922	5
1707	1041	3
1707	1094	5
1707	1162	5
1707	1171	4
1707	1183	5
1707	1213	4
1707	1230	5
1707	1580	4
1707	1617	4
1707	1673	2
1707	1704	5
1707	1845	4
1707	1914	5
1707	2289	4
1707	2336	4
1707	2391	3
1707	2396	5
1707	2501	5
1707	2609	4
1707	2610	5
1707	2890	5
1707	2908	5
1707	3100	5
1707	3267	3
1707	3450	2
1707	3819	5
1708	593	5
1708	1252	5
1708	1617	5
1708	2617	4
1708	2716	4
1708	2770	3
1708	2826	3
1708	2976	4
1708	2997	5
1708	3635	4
1710	153	3
1710	180	3
1710	362	3
1710	538	5
1710	555	5
1710	588	5
1710	741	4
1710	785	3
1710	1064	3
1710	1562	1
1710	1566	5
1710	1639	5
1710	1688	3
1710	1914	4
1710	2396	3
1710	2490	3
1710	2594	4
1710	2624	5
1710	2716	5
1710	2761	3
1710	2770	3
1710	2840	3
1710	2908	4
1710	2976	5
1710	3159	4
1710	3176	5
1710	3213	4
1710	3578	2
1710	3793	4
1713	36	3
1713	2981	2
1713	3300	5
1713	3354	4
1713	3409	4
1713	3510	3
1713	3513	3
1713	3555	4
1713	3753	4
1714	34	4
1714	110	3
1714	144	4
1714	173	2
1714	198	4
1714	231	3
1714	232	5
1714	235	3
1714	243	3
1714	317	3
1714	329	3
1714	357	4
1714	372	3
1714	379	3
1714	441	4
1714	514	3
1714	518	3
1714	537	4
1714	546	2
1714	550	4
1714	574	4
1714	587	3
1714	610	4
1714	741	4
1714	780	1
1714	784	3
1714	785	4
1714	788	3
1714	838	4
1714	849	2
1714	924	4
1714	1079	3
1714	1088	3
1714	1091	2
1714	1092	3
1714	1126	4
1714	1198	4
1714	1199	4
1714	1206	4
1714	1215	3
1714	1220	4
1714	1223	5
1714	1246	5
1714	1265	5
1714	1275	5
1714	1288	4
1714	1295	4
1714	1297	5
1714	1356	3
1714	1372	3
1714	1373	1
1714	1374	4
1714	1378	3
1714	1394	4
1714	1396	3
1714	1441	3
1714	1513	2
1714	1580	3
1714	1617	4
1714	1641	5
1714	1674	4
1714	1747	4
1714	1784	4
1714	1923	4
1714	1924	2
1714	1962	3
1714	1967	4
1714	2001	3
1714	2011	3
1714	2021	4
1714	2081	3
1714	2105	5
1714	2143	4
1714	2146	4
1714	2151	3
1714	2161	4
1714	2193	3
1714	2195	3
1714	2302	5
1714	2311	3
1714	2312	4
1714	2349	4
1714	2359	5
1714	2373	3
1714	2395	3
1714	2396	3
1714	2401	4
1714	2405	3
1714	2416	4
1714	2474	4
1714	2716	4
1714	2735	4
1714	2737	4
1714	2810	4
1714	2889	3
1714	2915	4
1714	2916	3
1714	2990	3
1714	2997	5
1714	3033	4
1714	3044	3
1714	3114	5
1714	3175	4
1714	3178	4
1714	3253	3
1714	3255	3
1714	3438	3
1714	3444	3
1714	3450	4
1714	3479	5
1714	3505	4
1714	3527	3
1714	3552	4
1714	3638	4
1714	3685	3
1714	3703	3
1714	3704	3
1714	3707	3
1714	3740	4
1714	3745	4
1714	3791	3
1714	3844	3
1714	3864	4
1717	34	5
1717	41	4
1717	52	4
1717	76	2
1717	95	1
1717	99	4
1717	110	1
1717	161	3
1717	173	2
1717	198	2
1717	232	5
1717	235	4
1717	242	4
1717	296	5
1717	300	3
1717	307	5
1717	308	5
1717	329	3
1717	334	3
1717	365	4
1717	372	3
1717	410	4
1717	480	3
1717	506	5
1717	515	5
1717	527	5
1717	537	2
1717	538	4
1717	546	4
1717	549	5
1717	555	5
1717	565	4
1717	593	1
1717	608	4
1717	671	5
1717	766	1
1717	780	3
1717	783	1
1717	788	2
1717	849	2
1717	851	3
1717	858	5
1717	903	4
1717	905	5
1717	908	5
1717	910	4
1717	924	5
1717	968	5
1717	969	5
1717	971	4
1717	999	3
1717	1019	3
1717	1034	5
1717	1041	3
1717	1066	5
1717	1084	4
1717	1094	4
1717	1104	4
1717	1135	2
1717	1136	5
1717	1176	4
1717	1189	5
1717	1193	4
1717	1198	5
1717	1199	5
1717	1200	3
1717	1204	2
1717	1206	5
1717	1211	5
1717	1213	5
1717	1214	5
1717	1217	5
1717	1222	5
1717	1225	5
1717	1230	5
1717	1237	4
1717	1251	5
1717	1252	5
1717	1258	5
1717	1265	5
1717	1275	4
1717	1287	3
1717	1288	4
1717	1293	4
1717	1297	4
1717	1306	5
1717	1340	5
1717	1352	3
1717	1356	4
1717	1372	1
1717	1374	4
1717	1387	4
1717	1391	4
1717	1392	3
1717	1393	1
1717	1394	5
1717	1449	3
1717	1453	1
1717	1464	4
1717	1466	4
1717	1513	4
1717	1571	4
1717	1573	4
1717	1580	5
1717	1590	1
1717	1617	4
1717	1633	4
1717	1641	3
1717	1673	4
1717	1680	5
1717	1690	2
1717	1704	4
1717	1721	4
1717	1729	3
1717	1747	4
1717	1779	1
1717	1882	1
1717	1917	1
1717	1947	5
1717	1950	4
1717	2009	3
1717	2010	5
1717	2011	5
1717	2012	4
1717	2019	5
1717	2021	5
1717	2024	4
1717	2075	5
1717	2105	3
1717	2130	4
1717	2202	5
1717	2232	5
1717	2287	3
1717	2322	1
1717	2336	5
1717	2353	3
1717	2365	5
1717	2388	2
1717	2395	2
1717	2396	2
1717	2433	3
1717	2529	4
1717	2594	5
1717	2598	2
1717	2600	5
1717	2640	3
1717	2659	4
1717	2664	5
1717	2672	5
1717	2692	5
1717	2693	4
1717	2712	5
1717	2716	5
1717	2731	5
1717	2735	1
1717	2745	4
1717	2763	2
1717	2819	5
1717	2915	5
1717	2916	5
1717	2938	5
1717	2971	5
1717	2997	5
1717	3005	1
1717	3053	4
1717	3068	3
1717	3175	3
1717	3243	1
1717	3253	5
1717	3354	3
1717	3359	4
1717	3418	4
1717	3421	5
1717	3471	5
1717	3476	5
1717	3499	1
1717	3521	5
1717	3527	3
1717	3552	5
1717	3555	5
1717	3608	5
1717	3646	1
1717	3679	5
1717	3685	5
1717	3697	2
1717	3702	4
1717	3704	3
1717	3783	5
1717	3811	3
1717	3819	5
1717	3926	3
1717	3927	3
1717	3929	4
1717	3932	4
1717	3937	3
1717	3952	5
1720	70	2
1720	110	5
1720	111	4
1720	908	4
1720	1193	5
1720	1206	5
1720	1387	5
1720	1466	4
1720	1580	3
1720	1673	5
1720	1972	2
1720	1997	4
1720	3354	3
1720	3404	4
1720	3409	4
1720	3471	4
1720	3510	5
1720	3671	4
1720	3753	4
1720	3893	4
1720	3952	4
1727	22	3
1727	44	3
1727	70	4
1727	95	3
1727	110	4
1727	144	4
1727	153	2
1727	158	4
1727	170	4
1727	174	3
1727	198	4
1727	216	3
1727	235	4
1727	236	4
1727	246	5
1727	296	5
1727	312	4
1727	339	4
1727	355	3
1727	357	4
1727	371	4
1727	372	3
1727	379	4
1727	411	3
1727	429	3
1727	434	4
1727	441	5
1727	457	4
1727	467	4
1727	480	4
1727	493	4
1727	500	4
1727	533	4
1727	537	4
1727	550	4
1727	555	4
1727	581	4
1727	587	4
1727	588	4
1727	590	4
1727	610	4
1727	780	4
1727	785	4
1727	858	5
1727	866	4
1727	905	4
1727	910	4
1727	940	5
1727	952	4
1727	968	5
1727	969	5
1727	1019	5
1727	1029	5
1727	1030	4
1727	1031	4
1727	1060	4
1727	1078	4
1727	1079	4
1727	1083	4
1727	1135	3
1727	1136	5
1727	1147	5
1727	1162	4
1727	1198	5
1727	1200	4
1727	1201	5
1727	1204	5
1727	1213	5
1727	1214	4
1727	1215	5
1727	1220	5
1727	1222	4
1727	1227	5
1727	1230	5
1727	1234	5
1727	1238	4
1727	1242	5
1727	1264	4
1727	1265	5
1727	1276	5
1727	1278	5
1727	1287	4
1727	1288	5
1727	1289	5
1727	1292	5
1727	1372	4
1727	1373	3
1727	1374	5
1727	1378	4
1727	1387	5
1727	1388	3
1727	1394	4
1727	1396	4
1727	1449	4
1727	1466	4
1727	1485	4
1727	1513	4
1727	1562	2
1727	1573	4
1727	1580	4
1727	1610	5
1727	1617	5
1727	1722	4
1727	1729	4
1727	1769	4
1727	1784	4
1727	1797	4
1727	1816	3
1727	1825	4
1727	1882	3
1727	1883	4
1727	1912	4
1727	1914	4
1727	1917	5
1727	1923	4
1727	1953	5
1727	1954	5
1727	1967	4
1727	2001	4
1727	2011	5
1727	2012	5
1727	2015	4
1727	2018	4
1727	2019	5
1727	2032	4
1727	2044	3
1727	2078	4
1727	2080	4
1727	2100	3
1727	2105	5
1727	2110	4
1727	2111	3
1727	2130	4
1727	2245	3
1727	2247	4
1727	2262	4
1727	2278	4
1727	2302	4
1727	2347	4
1727	2369	3
1727	2370	4
1727	2391	4
1727	2405	4
1727	2407	4
1727	2410	4
1727	2411	2
1727	2416	4
1727	2457	3
1727	2469	4
1727	2490	4
1727	2529	5
1727	2530	4
1727	2531	3
1727	2532	4
1727	2533	4
1727	2535	3
1727	2580	4
1727	2581	3
1727	2617	4
1727	2640	5
1727	2642	3
1727	2659	4
1727	2716	4
1727	2722	4
1727	2734	3
1727	2746	4
1727	2747	4
1727	2752	3
1727	2770	5
1727	2788	4
1727	2795	4
1727	2796	3
1727	2804	5
1727	2871	5
1727	2915	4
1727	2916	5
1727	2917	4
1727	2935	4
1727	2950	2
1727	2951	5
1727	2952	4
1727	2986	3
1727	2990	4
1727	3019	4
1727	3022	5
1727	3029	5
1727	3033	3
1727	3036	4
1727	3037	4
1727	3039	4
1727	3040	4
1727	3062	5
1727	3072	4
1727	3104	4
1727	3142	4
1727	3175	4
1727	3244	4
1727	3253	4
1727	3255	4
1727	3263	4
1727	3267	4
1727	3272	4
1727	3308	4
1727	3334	5
1727	3362	5
1727	3398	3
1727	3405	4
1727	3406	4
1727	3418	4
1727	3421	4
1727	3424	5
1727	3430	4
1727	3527	4
1727	3544	4
1727	3552	4
1727	3590	4
1727	3608	4
1727	3635	4
1727	3638	3
1727	3654	5
1727	3685	4
1727	3693	3
1727	3698	4
1727	3702	4
1727	3703	4
1727	3704	4
1727	3712	4
1727	3740	4
1727	3760	5
1727	3812	4
1727	3836	4
1727	3869	3
1727	3873	5
1727	3926	4
1727	3927	4
1727	3929	5
1728	588	5
1728	595	4
1728	709	4
1728	1032	5
1728	1198	5
1728	1201	5
1728	1214	3
1728	1230	4
1728	1333	4
1728	1387	4
1728	1566	5
1728	2018	3
1728	2078	3
1728	2080	4
1728	2081	2
1728	2102	5
1728	2716	5
1728	2761	3
1728	2993	4
1728	3114	5
1731	70	2
1731	144	3
1731	246	5
1731	247	5
1731	593	3
1731	908	3
1731	1183	5
1731	1230	5
1731	1288	5
1731	1580	4
1731	1673	5
1731	1721	3
1731	1729	3
1731	1917	2
1731	1970	4
1731	2971	3
1731	2997	5
1731	3300	4
1731	3326	3
1731	3404	3
1731	3562	4
1731	3618	4
1731	3718	1
1731	3747	3
1731	3753	1
1731	3786	4
1731	3823	2
1731	3854	5
1731	3858	3
1731	3882	2
1731	3885	4
1731	3893	2
1731	3900	3
1734	36	4
1734	296	5
1734	300	4
1734	318	5
1734	527	5
1734	608	5
1734	971	4
1734	1084	5
1734	1094	5
1734	1096	5
1734	1131	4
1734	1132	4
1734	1213	5
1734	1225	5
1734	1228	5
1734	1265	4
1734	1276	5
1734	1293	5
1734	1394	3
1734	1962	5
1734	1964	4
1734	2023	4
1734	2289	4
1734	2411	3
1734	2804	3
1734	2919	5
1734	2921	4
1734	3006	5
1734	3068	4
1734	3090	4
1734	3093	5
1734	3141	3
1734	3196	4
1734	3359	4
1734	3424	4
1734	3468	4
1734	3471	4
1734	3789	4
1734	3811	4
1737	5	3
1737	10	4
1737	17	3
1737	19	3
1737	20	4
1737	22	4
1737	24	4
1737	34	3
1737	44	4
1737	70	4
1737	76	4
1737	89	4
1737	95	5
1737	110	4
1737	122	3
1737	145	3
1737	153	4
1737	158	3
1737	170	3
1737	173	3
1737	180	4
1737	181	3
1737	198	4
1737	216	3
1737	231	5
1737	256	3
1737	276	3
1737	277	3
1737	293	4
1737	296	3
1737	303	3
1737	317	3
1737	325	2
1737	329	4
1737	330	3
1737	333	4
1737	339	3
1737	355	3
1737	357	3
1737	371	3
1737	372	3
1737	376	4
1737	379	4
1737	410	3
1737	413	3
1737	419	2
1737	427	1
1737	434	4
1737	441	3
1737	454	4
1737	457	5
1737	466	4
1737	480	5
1737	489	3
1737	494	5
1737	500	4
1737	512	4
1737	527	4
1737	548	4
1737	574	3
1737	587	4
1737	588	4
1737	590	2
1737	593	4
1737	595	4
1737	606	1
1737	608	4
1737	610	5
1737	653	5
1737	662	4
1737	671	5
1737	736	4
1737	741	5
1737	743	3
1737	747	2
1737	780	5
1737	784	1
1737	785	4
1737	786	4
1737	799	5
1737	805	4
1737	810	1
1737	832	4
1737	836	4
1737	840	3
1737	842	3
1737	849	3
1737	880	2
1737	886	4
1737	891	1
1737	1042	4
1737	1088	4
1737	1091	3
1737	1092	3
1737	1094	3
1737	1113	3
1737	1126	2
1737	1130	3
1737	1135	3
1737	1183	1
1737	1198	5
1737	1200	5
1737	1213	4
1737	1215	4
1737	1220	5
1737	1258	4
1737	1261	3
1737	1265	4
1737	1275	4
1737	1286	3
1737	1288	3
1737	1342	2
1737	1347	4
1737	1356	5
1737	1363	3
1737	1372	4
1737	1373	2
1737	1374	5
1737	1378	3
1737	1379	3
1737	1390	3
1737	1391	5
1737	1393	4
1737	1396	4
1737	1407	4
1737	1408	4
1737	1438	4
1737	1445	3
1737	1485	4
1737	1499	3
1737	1513	4
1737	1569	3
1737	1573	5
1737	1580	4
1737	1590	1
1737	1592	3
1737	1595	2
1737	1598	4
1737	1605	3
1737	1610	5
1737	1616	4
1737	1617	2
1737	1639	4
1737	1647	3
1737	1665	1
1737	1673	4
1737	1674	3
1737	1690	4
1737	1704	4
1737	1721	4
1737	1722	4
1737	1729	3
1737	1731	2
1737	1744	4
1737	1753	3
1737	1760	2
1737	1762	4
1737	1769	4
1737	1772	3
1737	1779	2
1737	1784	4
1737	1792	4
1737	1806	2
1737	1833	4
1737	1862	3
1737	1869	4
1737	1882	4
1737	1883	3
1737	1888	3
1737	1892	4
1737	1895	4
1737	1912	3
1737	1917	5
1737	1918	4
1737	1920	5
1737	1923	5
1737	1970	3
1737	1972	3
1737	1973	2
1737	1975	3
1737	1979	2
1737	1984	3
1737	1993	3
1737	1994	4
1737	1995	3
1737	2001	4
1737	2004	2
1737	2011	5
1737	2021	4
1737	2024	4
1737	2041	1
1737	2046	3
1737	2053	3
1737	2058	4
1737	2059	4
1737	2060	5
1737	2097	3
1737	2100	3
1737	2105	5
1737	2107	3
1737	2118	3
1737	2121	3
1737	2122	3
1737	2125	4
1737	2149	3
1737	2152	2
1737	2153	2
1737	2193	4
1737	2196	3
1737	2241	3
1737	2248	3
1737	2278	4
1737	2302	4
1737	2315	2
1737	2322	4
1737	2353	4
1737	2373	3
1737	2374	4
1737	2377	4
1737	2380	2
1737	2382	2
1737	2395	3
1737	2399	3
1737	2405	4
1737	2407	4
1737	2408	3
1737	2410	4
1737	2411	3
1737	2416	4
1737	2424	4
1737	2429	4
1737	2433	4
1737	2456	3
1737	2457	3
1737	2458	2
1737	2468	3
1737	2471	3
1737	2474	4
1737	2477	3
1737	2485	4
1737	2490	5
1737	2539	3
1737	2540	4
1737	2548	2
1737	2567	4
1737	2580	4
1737	2581	3
1737	2598	3
1737	2606	4
1737	2617	5
1737	2642	3
1737	2655	1
1737	2693	3
1737	2709	2
1737	2712	1
1737	2716	4
1737	2719	3
1737	2722	4
1737	2734	4
1737	2735	4
1737	2748	3
1737	2749	3
1737	2761	5
1737	2763	3
1737	2770	3
1737	2772	4
1737	2793	3
1737	2794	3
1737	2796	4
1737	2798	1
1737	2804	3
1737	2807	2
1737	2817	3
1737	2822	4
1737	2826	4
1737	2840	4
1737	2860	3
1737	2868	2
1737	2881	4
1737	2883	3
1737	2889	4
1737	2890	3
1737	2903	2
1737	2916	5
1737	2917	4
1737	2950	3
1737	2953	2
1737	2976	2
1737	2978	4
1737	2986	4
1737	2990	4
1737	2997	2
1737	3005	4
1737	3006	3
1737	3017	3
1737	3020	4
1737	3029	3
1737	3033	5
1737	3039	4
1737	3043	1
1737	3044	3
1737	3051	3
1737	3100	4
1737	3107	5
1737	3114	5
1737	3146	4
1737	3169	3
1737	3175	5
1737	3176	3
1737	3178	4
1737	3203	3
1737	3219	4
1737	3238	1
1737	3243	4
1737	3247	3
1737	3252	3
1737	3253	4
1737	3255	3
1737	3256	4
1737	3263	2
1737	3269	4
1737	3274	4
1737	3388	3
1737	3409	4
1737	3418	3
1737	3442	4
1737	3450	4
1737	3479	3
1737	3489	3
1737	3499	3
1737	3510	5
1737	3513	4
1737	3524	4
1737	3527	5
1737	3552	4
1737	3555	4
1737	3661	2
1737	3663	1
1737	3669	3
1737	3692	3
1737	3697	4
1737	3698	5
1737	3703	3
1737	3704	3
1737	3708	3
1737	3709	3
1737	3710	3
1737	3712	3
1737	3716	3
1737	3740	4
1737	3766	3
1737	3791	4
1737	3838	2
1737	3841	3
1737	3864	4
1737	3869	3
1737	3877	3
1737	3937	4
1737	3952	4
1742	110	5
1742	457	4
1742	480	4
1742	527	5
1742	788	3
1742	858	3
1742	1193	5
1742	1258	4
1742	1347	4
1742	1610	3
1742	1617	4
1742	1912	4
1742	1994	4
1742	2097	4
1742	2138	5
1742	2692	4
1742	2716	5
1742	2916	4
1742	3438	2
1742	3471	5
1742	3733	4
1744	34	4
1744	36	3
1744	111	5
1744	144	3
1744	161	4
1744	247	3
1744	262	4
1744	296	5
1744	300	3
1744	318	5
1744	357	5
1744	381	2
1744	527	5
1744	593	5
1744	608	5
1744	858	5
1744	908	4
1744	1042	4
1744	1079	5
1744	1136	5
1744	1193	5
1744	1213	4
1744	1220	4
1744	1225	4
1744	1234	5
1744	1242	4
1744	1246	3
1744	1271	3
1744	1272	5
1744	1276	5
1744	1278	5
1744	1287	5
1744	1393	4
1744	1485	4
1744	1615	4
1744	1674	4
1744	1704	4
1744	1721	5
1744	1747	2
1744	1950	4
1744	1953	4
1744	1957	4
1744	1962	3
1744	2001	4
1744	2078	5
1744	2100	4
1744	2245	4
1744	2248	4
1744	2396	3
1744	2407	4
1744	2482	3
1744	2739	4
1744	2804	5
1744	2866	4
1744	2915	5
1744	3033	3
1744	3039	4
1744	3072	4
1744	3100	5
1744	3114	4
1744	3196	4
1744	3198	3
1744	3253	4
1744	3362	4
1744	3418	3
1744	3421	5
1744	3424	3
1744	3468	4
1744	3471	5
1744	3685	4
1744	3760	4
1744	3952	4
1748	6	3
1748	10	3
1748	17	4
1748	22	4
1748	36	3
1748	71	3
1748	110	5
1748	145	2
1748	151	4
1748	157	3
1748	161	4
1748	198	3
1748	293	4
1748	296	2
1748	318	3
1748	329	2
1748	336	2
1748	339	3
1748	373	3
1748	376	3
1748	425	3
1748	457	4
1748	480	4
1748	527	4
1748	548	3
1748	587	3
1748	588	3
1748	590	4
1748	593	3
1748	595	4
1748	608	4
1748	628	3
1748	635	3
1748	647	4
1748	760	3
1748	780	3
1748	798	3
1748	832	3
1748	836	3
1748	858	4
1748	903	5
1748	905	3
1748	908	5
1748	910	4
1748	911	4
1748	914	5
1748	922	4
1748	924	4
1748	926	4
1748	929	4
1748	931	4
1748	933	3
1748	940	4
1748	942	4
1748	947	4
1748	968	2
1748	969	5
1748	982	2
1748	999	3
1748	1003	3
1748	1008	3
1748	1028	3
1748	1029	3
1748	1041	3
1748	1055	3
1748	1078	4
1748	1084	3
1748	1086	4
1748	1092	3
1748	1094	4
1748	1130	3
1748	1136	4
1748	1147	2
1748	1171	3
1748	1178	5
1748	1183	3
1748	1193	3
1748	1198	5
1748	1199	3
1748	1200	5
1748	1204	4
1748	1214	3
1748	1220	3
1748	1222	4
1748	1225	3
1748	1230	4
1748	1242	5
1748	1252	5
1748	1258	2
1748	1264	4
1748	1265	4
1748	1272	4
1748	1276	4
1748	1283	4
1748	1287	4
1748	1292	3
1748	1293	5
1748	1333	5
1748	1355	3
1748	1356	3
1748	1372	3
1748	1373	3
1748	1374	4
1748	1387	5
1748	1393	3
1748	1401	4
1748	1408	3
1748	1419	3
1748	1432	3
1748	1480	3
1748	1485	3
1748	1488	3
1748	1580	3
1748	1610	4
1748	1616	4
1748	1617	4
1748	1661	3
1748	1673	3
1748	1674	4
1748	1690	2
1748	1704	4
1748	1721	3
1748	1722	3
1748	1769	3
1748	1788	3
1748	1791	3
1748	1827	3
1748	1834	3
1748	1845	4
1748	1863	2
1748	1912	3
1748	1927	4
1748	1942	3
1748	1947	3
1748	1950	4
1748	1953	4
1748	1954	4
1748	1964	4
1748	1994	3
1748	1997	3
1748	2001	4
1748	2019	5
1748	2023	2
1748	2058	3
1748	2075	3
1748	2080	4
1748	2110	3
1748	2118	4
1748	2130	3
1748	2178	4
1748	2179	3
1748	2181	3
1748	2183	4
1748	2184	3
1748	2202	4
1748	2203	3
1748	2204	4
1748	2208	5
1748	2238	5
1748	2245	3
1748	2278	4
1748	2287	4
1748	2311	4
1748	2312	4
1748	2322	3
1748	2336	3
1748	2349	4
1748	2353	4
1748	2396	4
1748	2410	4
1748	2411	2
1748	2424	3
1748	2433	4
1748	2457	3
1748	2511	4
1748	2529	4
1748	2530	3
1748	2531	2
1748	2532	3
1748	2533	2
1748	2583	2
1748	2617	3
1748	2640	4
1748	2664	4
1748	2670	4
1748	2716	3
1748	2734	3
1748	2743	3
1748	2745	4
1748	2763	3
1748	2788	5
1748	2795	4
1748	2819	5
1748	2826	3
1748	2871	4
1748	2890	4
1748	2916	4
1748	2917	4
1748	2935	3
1748	2950	1
1748	2951	3
1748	2967	3
1748	2981	3
1748	2983	4
1748	2993	3
1748	2997	2
1748	3005	3
1748	3022	5
1748	3029	4
1748	3044	3
1748	3062	4
1748	3068	4
1748	3088	5
1748	3090	5
1748	3093	3
1748	3104	4
1748	3107	3
1748	3110	3
1748	3145	5
1748	3175	3
1748	3176	4
1748	3178	4
1748	3196	4
1748	3198	3
1748	3203	4
1748	3219	3
1748	3241	3
1748	3244	4
1748	3255	3
1748	3256	4
1748	3304	5
1748	3317	3
1748	3339	3
1748	3359	4
1748	3365	3
1748	3372	3
1748	3404	3
1748	3405	4
1748	3406	4
1748	3424	3
1748	3447	3
1748	3468	3
1748	3471	4
1748	3505	4
1748	3510	4
1748	3527	3
1748	3545	3
1748	3551	4
1748	3555	3
1748	3578	4
1748	3633	4
1748	3634	5
1748	3635	4
1748	3643	3
1748	3654	4
1748	3671	4
1748	3685	2
1748	3700	3
1748	3702	3
1748	3703	3
1748	3736	3
1748	3753	3
1748	3811	4
1748	3816	3
1748	3836	2
1748	3849	4
1748	3883	3
1748	3906	3
1748	3927	4
1748	3928	4
1748	3929	4
1748	3952	3
1749	6	3
1749	34	3
1749	36	2
1749	41	3
1749	52	3
1749	68	2
1749	111	4
1749	144	1
1749	147	2
1749	211	2
1749	231	3
1749	235	4
1749	247	3
1749	296	3
1749	299	3
1749	307	5
1749	308	4
1749	318	1
1749	333	3
1749	342	3
1749	357	3
1749	372	2
1749	410	3
1749	441	3
1749	448	3
1749	501	4
1749	527	1
1749	532	1
1749	574	3
1749	588	1
1749	593	2
1749	595	1
1749	608	4
1749	621	3
1749	702	4
1749	707	2
1749	720	4
1749	728	3
1749	735	3
1749	785	4
1749	841	3
1749	858	2
1749	866	2
1749	896	4
1749	903	5
1749	908	4
1749	909	2
1749	910	3
1749	914	2
1749	916	3
1749	922	4
1749	924	4
1749	933	3
1749	959	3
1749	968	4
1749	969	3
1749	1025	2
1749	1028	2
1749	1029	3
1749	1032	2
1749	1041	4
1749	1060	3
1749	1078	3
1749	1084	3
1749	1096	3
1749	1131	3
1749	1132	3
1749	1136	3
1749	1150	3
1749	1171	2
1749	1176	4
1749	1189	3
1749	1193	2
1749	1198	3
1749	1199	3
1749	1201	4
1749	1202	4
1749	1204	3
1749	1206	4
1749	1211	3
1749	1213	4
1749	1214	4
1749	1217	4
1749	1222	4
1749	1223	3
1749	1225	3
1749	1228	4
1749	1230	4
1749	1234	2
1749	1236	4
1749	1237	4
1749	1242	2
1749	1246	2
1749	1251	5
1749	1252	3
1749	1258	3
1749	1261	3
1749	1264	3
1749	1265	4
1749	1272	2
1749	1276	3
1749	1277	3
1749	1278	3
1749	1283	3
1749	1288	3
1749	1289	3
1749	1292	3
1749	1293	3
1749	1295	3
1749	1329	5
1749	1333	4
1749	1341	1
1749	1387	2
1749	1394	3
1749	1413	4
1749	1414	2
1749	1415	4
1749	1441	2
1749	1449	3
1749	1466	4
1749	1489	1
1749	1513	3
1749	1516	2
1749	1566	1
1749	1569	4
1749	1571	4
1749	1617	3
1749	1648	1
1749	1673	3
1749	1674	3
1749	1699	3
1749	1729	3
1749	1753	3
1749	1783	2
1749	1785	3
1749	1816	3
1749	1845	2
1749	1859	4
1749	1883	3
1749	1912	3
1749	1916	3
1749	1923	3
1749	1942	3
1749	1947	3
1749	1949	3
1749	1953	3
1749	1957	2
1749	1962	1
1749	1963	2
1749	1982	3
1749	1997	3
1749	1998	1
1749	2010	5
1749	2018	3
1749	2019	4
1749	2022	4
1749	2029	1
1749	2075	3
1749	2078	1
1749	2080	2
1749	2104	3
1749	2132	3
1749	2159	4
1749	2171	3
1749	2245	1
1749	2280	2
1749	2289	3
1749	2312	3
1749	2313	3
1749	2318	3
1749	2349	3
1749	2351	4
1749	2391	2
1749	2395	3
1749	2396	2
1749	2459	3
1749	2474	3
1749	2529	3
1749	2551	5
1749	2580	3
1749	2610	1
1749	2624	3
1749	2639	3
1749	2640	2
1749	2690	3
1749	2692	3
1749	2726	3
1749	2729	3
1749	2731	5
1749	2732	5
1749	2734	3
1749	2739	2
1749	2743	2
1749	2745	2
1749	2747	3
1749	2761	3
1749	2772	3
1749	2804	4
1749	2912	4
1749	2917	3
1749	2919	2
1749	2920	5
1749	2921	2
1749	2922	2
1749	2931	4
1749	2932	4
1749	2951	3
1749	2970	4
1749	2997	4
1749	3002	4
1749	3019	4
1749	3022	4
1749	3034	1
1749	3068	2
1749	3075	4
1749	3094	3
1749	3104	3
1749	3114	2
1749	3169	2
1749	3175	2
1749	3217	2
1749	3251	2
1749	3253	3
1749	3317	3
1749	3330	2
1749	3359	2
1749	3362	3
1749	3365	5
1749	3424	4
1749	3429	4
1749	3461	3
1749	3467	3
1749	3468	3
1749	3471	3
1749	3473	4
1749	3510	2
1749	3515	1
1749	3521	3
1749	3538	3
1749	3546	3
1749	3555	2
1749	3608	3
1749	3637	4
1749	3638	1
1749	3645	4
1749	3668	3
1749	3676	3
1749	3679	3
1749	3681	4
1749	3684	2
1749	3685	3
1749	3700	3
1749	3702	3
1749	3703	3
1749	3746	1
1749	3747	4
1749	3793	2
1749	3823	4
1749	3844	1
1749	3873	3
1749	3880	3
1749	3896	2
1749	3910	4
1749	3932	4
1749	3943	4
1751	110	5
1751	329	4
1751	466	5
1751	480	5
1751	783	4
1751	1580	5
1751	1673	1
1751	1721	5
1751	3072	4
1751	3893	4
1751	3927	5
1753	10	3
1753	70	5
1753	95	2
1753	99	5
1753	110	5
1753	111	5
1753	163	3
1753	170	4
1753	173	4
1753	246	5
1753	247	5
1753	296	5
1753	317	3
1753	318	4
1753	434	2
1753	443	3
1753	457	4
1753	480	3
1753	493	3
1753	511	3
1753	527	5
1753	533	2
1753	555	5
1753	593	5
1753	608	5
1753	720	3
1753	736	5
1753	759	5
1753	780	5
1753	786	4
1753	788	2
1753	849	3
1753	858	5
1753	905	3
1753	969	3
1753	1104	5
1753	1131	5
1753	1132	3
1753	1189	3
1753	1193	5
1753	1198	5
1753	1204	4
1753	1214	5
1753	1230	5
1753	1234	5
1753	1238	3
1753	1265	5
1753	1288	5
1753	1289	5
1753	1382	5
1753	1391	4
1753	1394	4
1753	1408	4
1753	1480	5
1753	1497	5
1753	1499	5
1753	1529	5
1753	1562	2
1753	1573	4
1753	1580	5
1753	1590	3
1753	1610	5
1753	1616	5
1753	1617	4
1753	1649	5
1753	1687	2
1753	1722	3
1753	1769	3
1753	1772	3
1753	1797	5
1753	1856	4
1753	1869	5
1753	1912	5
1753	1916	3
1753	1917	4
1753	1918	3
1753	1967	3
1753	2015	5
1753	2021	3
1753	2023	3
1753	2058	2
1753	2100	4
1753	2105	2
1753	2143	3
1753	2161	3
1753	2278	3
1753	2349	4
1753	2353	4
1753	2511	3
1753	2617	5
1753	2624	4
1753	2692	5
1753	2693	5
1753	2722	4
1753	2761	2
1753	2763	4
1753	2769	4
1753	2813	5
1753	2826	5
1753	2866	5
1753	2881	2
1753	2912	5
1753	2986	2
1753	2997	5
1753	3020	5
1753	3107	4
1753	3128	3
1753	3142	4
1753	3169	3
1753	3178	3
1753	3198	5
1753	3256	3
1753	3267	4
1753	3317	3
1753	3418	5
1753	3479	5
1753	3489	1
1753	3562	4
1753	3618	4
1753	3654	5
1753	3679	5
1753	3680	5
1753	3681	4
1753	3697	1
1753	3718	5
1753	3783	5
1753	3819	4
1753	3841	4
1753	3880	5
1753	3882	4
1753	3893	3
1753	3896	3
1753	3900	4
1753	3910	4
1757	6	4
1757	10	4
1757	17	5
1757	22	3
1757	24	4
1757	41	4
1757	70	1
1757	76	3
1757	95	3
1757	110	5
1757	151	4
1757	157	1
1757	161	4
1757	163	3
1757	170	3
1757	173	1
1757	198	4
1757	293	5
1757	329	2
1757	339	4
1757	357	4
1757	373	4
1757	446	5
1757	454	4
1757	457	5
1757	466	2
1757	480	4
1757	494	3
1757	527	5
1757	550	4
1757	555	5
1757	587	3
1757	588	5
1757	593	5
1757	595	3
1757	608	5
1757	610	5
1757	647	3
1757	736	2
1757	741	5
1757	780	4
1757	782	4
1757	783	4
1757	786	2
1757	788	2
1757	810	1
1757	832	4
1757	836	3
1757	838	5
1757	849	2
1757	861	4
1757	866	4
1757	880	2
1757	891	1
1757	1019	5
1757	1025	5
1757	1029	5
1757	1032	5
1757	1059	4
1757	1088	2
1757	1092	5
1757	1094	5
1757	1175	5
1757	1184	5
1757	1199	4
1757	1200	5
1757	1206	5
1757	1214	4
1757	1215	5
1757	1252	5
1757	1265	4
1757	1339	5
1757	1356	2
1757	1372	2
1757	1373	1
1757	1374	4
1757	1391	2
1757	1393	4
1757	1396	4
1757	1407	4
1757	1408	5
1757	1438	2
1757	1441	4
1757	1497	1
1757	1499	1
1757	1542	4
1757	1566	4
1757	1569	4
1757	1573	4
1757	1580	4
1757	1590	1
1757	1610	4
1757	1617	5
1757	1674	4
1757	1683	4
1757	1690	4
1757	1769	3
1757	1779	2
1757	1882	2
1757	1917	2
1757	1967	2
1757	2015	4
1757	2018	5
1757	2021	5
1757	2046	4
1757	2078	5
1757	2080	5
1757	2081	3
1757	2093	4
1757	2100	3
1757	2105	5
1757	2138	5
1757	2143	4
1757	2146	4
1757	2161	5
1757	2193	5
1757	2232	5
1757	2248	4
1757	2266	3
1757	2278	4
1757	2311	5
1757	2320	1
1757	2322	3
1757	2353	4
1757	2369	1
1757	2396	5
1757	2405	4
1757	2407	4
1757	2468	2
1757	2469	4
1757	2490	4
1757	2529	5
1757	2617	4
1757	2640	4
1757	2642	2
1757	2692	5
1757	2763	4
1757	2817	1
1757	2822	3
1757	2826	4
1757	2890	4
1757	2916	5
1757	2986	2
1757	3033	3
1757	3034	5
1757	3053	4
1757	3063	3
1757	3175	4
1757	3176	4
1757	3213	4
1757	3256	4
1757	3269	3
1757	3354	2
1757	3426	4
1757	3438	1
1757	3471	5
1757	3476	4
1757	3527	4
1757	3638	4
1757	3685	4
1757	3697	3
1757	3698	5
1757	3702	5
1757	3703	5
1757	3704	4
1757	3745	4
1757	3793	4
1757	3877	1
1757	3896	4
1767	6	3
1767	17	4
1767	22	2
1767	34	4
1767	36	4
1767	110	4
1767	144	4
1767	153	1
1767	170	1
1767	232	4
1767	235	3
1767	246	5
1767	247	4
1767	270	2
1767	293	4
1767	296	4
1767	307	4
1767	308	4
1767	348	2
1767	352	4
1767	441	4
1767	448	4
1767	457	4
1767	480	4
1767	493	4
1767	501	5
1767	527	5
1767	529	4
1767	535	5
1767	581	4
1767	593	3
1767	858	5
1767	908	4
1767	910	4
1767	916	3
1767	924	4
1767	1060	5
1767	1136	5
1767	1162	3
1767	1171	4
1767	1175	3
1767	1183	2
1767	1199	5
1767	1200	5
1767	1204	5
1767	1206	5
1767	1213	5
1767	1214	5
1767	1222	4
1767	1230	5
1767	1234	5
1767	1236	4
1767	1238	4
1767	1258	3
1767	1261	2
1767	1265	5
1767	1275	4
1767	1277	5
1767	1278	4
1767	1288	5
1767	1292	3
1767	1357	4
1767	1394	4
1767	1396	3
1767	1449	5
1767	1562	1
1767	1580	2
1767	1617	3
1767	1639	4
1767	1673	3
1767	1734	4
1767	1747	2
1767	1785	4
1767	1845	3
1767	1912	4
1767	1914	4
1767	1923	5
1767	1927	4
1767	1953	4
1767	1963	3
1767	2012	2
1767	2024	3
1767	2159	3
1767	2278	3
1767	2280	3
1767	2289	4
1767	2318	3
1767	2329	4
1767	2336	2
1767	2347	3
1767	2349	3
1767	2359	3
1767	2391	2
1767	2395	4
1767	2396	3
1767	2492	3
1767	2501	4
1767	2532	1
1767	2540	3
1767	2580	3
1767	2600	4
1767	2609	4
1767	2640	4
1767	2692	4
1767	2712	4
1767	2726	4
1767	2761	4
1767	2764	3
1767	2826	2
1767	2908	3
1767	2912	4
1767	2952	4
1767	2970	2
1767	2972	4
1767	2986	1
1767	2997	4
1767	3006	4
1767	3019	5
1767	3104	4
1767	3114	5
1767	3157	3
1767	3175	3
1767	3178	4
1767	3185	3
1767	3247	2
1767	3253	3
1767	3272	3
1767	3317	3
1767	3450	4
1767	3510	3
1767	3555	2
1767	3578	4
1767	3596	2
1767	3638	2
1767	3671	4
1767	3698	2
1767	3703	4
1767	3704	2
1767	3729	3
1767	3744	3
1767	3745	3
1767	3753	3
1767	3793	3
1767	3798	4
1767	3811	4
1767	3893	3
1767	3928	1
1767	3952	2
1769	785	3
1769	1230	5
1769	1580	3
1769	2395	4
1769	2396	4
1769	2485	1
1769	2490	4
1769	2580	4
1769	2581	2
1769	2606	1
1769	2629	1
1769	2701	1
1769	2712	3
1769	2716	4
1769	2722	2
1769	2734	3
1769	2763	2
1769	2771	2
1769	2772	1
1769	2826	3
1769	2881	3
1769	2908	4
1769	2976	3
1769	2997	5
1769	3005	3
1769	3053	2
1769	3114	4
1769	3175	3
1769	3176	4
1769	3238	1
1769	3300	2
1769	3438	1
1769	3510	4
1769	3578	3
1769	3698	3
1769	3753	2
1771	924	5
1771	1200	5
1771	1214	5
1771	1580	4
1771	1617	5
1771	2529	4
1771	3471	5
1771	3702	3
1771	3793	5
1773	17	2
1773	34	4
1773	36	5
1773	161	5
1773	296	5
1773	318	5
1773	493	4
1773	527	5
1773	593	4
1773	608	5
1773	1041	3
1773	1060	5
1773	1094	1
1773	1213	5
1773	1265	4
1773	1393	3
1773	1396	5
1773	1411	4
1773	1465	2
1773	1477	1
1773	1617	5
1773	1704	5
1773	1784	5
1773	2336	5
1773	2890	5
1773	2997	4
1773	3006	4
1773	3100	1
1773	3114	2
1773	3148	5
1773	3255	4
1773	3418	2
1773	3499	3
1773	3510	5
1773	3753	5
1778	5	3
1778	10	4
1778	19	4
1778	20	4
1778	24	4
1778	26	4
1778	31	4
1778	34	4
1778	44	3
1778	63	3
1778	65	2
1778	71	3
1778	76	2
1778	79	2
1778	89	4
1778	95	3
1778	122	4
1778	145	4
1778	153	5
1778	161	5
1778	163	4
1778	173	3
1778	174	3
1778	201	3
1778	215	4
1778	216	4
1778	231	5
1778	246	5
1778	256	2
1778	276	4
1778	282	3
1778	293	5
1778	296	5
1778	297	4
1778	300	4
1778	303	3
1778	317	1
1778	318	5
1778	333	2
1778	339	3
1778	355	3
1778	357	4
1778	360	3
1778	371	3
1778	372	3
1778	378	3
1778	379	3
1778	381	4
1778	410	3
1778	413	3
1778	419	2
1778	424	4
1778	429	1
1778	430	2
1778	432	2
1778	434	3
1778	457	5
1778	459	4
1778	466	3
1778	480	5
1778	494	3
1778	500	5
1778	505	3
1778	510	3
1778	511	4
1778	514	3
1778	529	4
1778	532	2
1778	533	3
1778	546	2
1778	548	4
1778	550	2
1778	587	4
1778	588	4
1778	595	4
1778	605	3
1778	606	2
1778	628	5
1778	647	4
1778	656	3
1778	662	3
1778	709	4
1778	736	4
1778	780	5
1778	782	3
1778	784	2
1778	785	3
1778	786	4
1778	788	5
1778	798	3
1778	805	4
1778	810	1
1778	849	3
1778	858	5
1778	886	2
1778	934	4
1778	953	5
1778	998	3
1778	1020	4
1778	1028	4
1778	1042	4
1778	1092	4
1778	1126	3
1778	1171	4
1778	1198	4
1778	1214	4
1778	1225	5
1778	1242	4
1778	1265	4
1778	1293	5
1778	1342	3
1778	1347	4
1778	1357	5
1778	1374	4
1778	1391	4
1778	1393	5
1778	1401	3
1778	1407	4
1778	1411	4
1778	1431	2
1778	1457	3
1778	1466	5
1778	1485	5
1778	1499	3
1778	1513	3
1778	1562	4
1778	1569	4
1778	1573	5
1778	1580	5
1778	1595	1
1778	1601	4
1778	1621	4
1778	1639	4
1778	1640	4
1778	1641	4
1778	1687	3
1778	1689	3
1778	1690	3
1778	1704	4
1778	1721	4
1778	1722	4
1778	1729	4
1778	1739	1
1778	1746	2
1778	1747	4
1778	1760	1
1778	1779	3
1778	1784	5
1778	1792	4
1778	1835	3
1778	1840	4
1778	1862	2
1778	1863	2
1778	1882	2
1778	1892	3
1778	1895	4
1778	1917	4
1778	1918	5
1778	1923	5
1778	1947	4
1778	1954	4
1778	1974	4
1778	1994	4
1778	2001	3
1778	2011	4
1778	2012	3
1778	2036	3
1778	2053	2
1778	2059	3
1778	2081	4
1778	2125	4
1778	2153	3
1778	2161	4
1778	2193	3
1778	2195	3
1778	2252	4
1778	2302	4
1778	2329	5
1778	2353	4
1778	2391	4
1778	2395	3
1778	2396	5
1778	2410	3
1778	2411	3
1778	2424	4
1778	2433	4
1778	2456	3
1778	2485	4
1778	2539	4
1778	2568	3
1778	2580	5
1778	2581	4
1778	2640	4
1778	2642	4
1778	2692	4
1778	2701	3
1778	2716	4
1778	2719	3
1778	2735	4
1778	2745	4
1778	2770	2
1778	2798	3
1778	2840	4
1778	2846	3
1778	2881	4
1778	2890	4
1778	2950	3
1778	2953	3
1778	2986	3
1778	2997	4
1778	3005	3
1778	3006	4
1778	3051	3
1778	3114	5
1778	3148	5
1778	3158	4
1778	3176	5
1778	3178	5
1778	3185	3
1778	3238	3
1778	3243	3
1778	3247	4
1778	3253	4
1778	3255	4
1778	3256	4
1778	3263	4
1778	3269	4
1778	3438	3
1778	3444	4
1778	3452	4
1778	3461	4
1778	3466	5
1778	3510	5
1778	3513	4
1778	3555	4
1778	3578	5
1778	3615	4
1778	3646	3
1778	3668	3
1778	3723	3
1778	3753	4
1778	3793	5
1778	3798	5
1778	3821	5
1778	3869	3
1778	3877	2
1778	3882	4
1778	3952	4
1782	201	4
1782	785	4
1782	858	5
1782	968	4
1782	1513	3
1782	2369	3
1782	2396	4
1782	2580	3
1782	2716	3
1782	2770	4
1782	2794	2
1782	3176	4
1782	3185	4
1782	3928	4
1783	333	4
1783	489	2
1783	1060	4
1783	1393	4
1783	1917	1
1783	1955	5
1783	3317	5
1783	3882	3
1784	110	3
1784	318	5
1784	329	5
1784	480	3
1784	527	5
1784	593	4
1784	608	3
1784	780	3
1784	788	4
1784	880	1
1784	924	5
1784	1198	4
1784	1306	1
1784	1356	4
1784	1372	4
1784	1391	3
1784	1580	3
1784	1590	1
1784	1690	2
1784	1734	3
1784	1779	3
1784	1917	1
1784	2046	4
1784	2053	1
1784	2600	4
1784	2693	4
1784	2916	4
1784	3697	1
1795	354	4
1795	1042	4
1795	1200	5
1795	1265	5
1795	1640	4
1795	1784	5
1795	2053	3
1795	2772	3
1795	2913	4
1795	3253	5
1799	17	4
1799	111	5
1799	246	4
1799	247	4
1799	296	5
1799	342	3
1799	357	4
1799	373	4
1799	441	4
1799	454	2
1799	457	3
1799	480	2
1799	527	5
1799	533	1
1799	535	2
1799	593	3
1799	608	5
1799	1094	4
1799	1213	4
1799	1225	4
1799	1258	3
1799	1265	4
1799	1271	4
1799	1393	2
1799	1408	3
1799	1466	3
1799	1594	4
1799	1617	3
1799	1639	4
1799	1641	3
1799	1747	3
1799	1834	2
1799	1923	4
1799	2161	3
1799	2289	3
1799	2329	4
1799	2336	2
1799	2359	3
1799	2391	4
1799	2997	5
1799	3100	4
1799	3362	5
1799	3476	4
1799	3747	4
1799	3893	1
1799	3951	4
1803	6	4
1803	20	4
1803	44	3
1803	70	4
1803	95	4
1803	110	5
1803	145	3
1803	153	3
1803	163	4
1803	173	4
1803	181	2
1803	235	2
1803	293	4
1803	296	4
1803	300	3
1803	303	4
1803	329	4
1803	379	3
1803	434	4
1803	457	4
1803	479	4
1803	480	5
1803	494	4
1803	500	4
1803	514	3
1803	527	5
1803	533	2
1803	546	2
1803	555	4
1803	587	4
1803	588	4
1803	590	4
1803	593	4
1803	595	4
1803	608	3
1803	653	4
1803	736	4
1803	741	3
1803	780	4
1803	785	4
1803	799	4
1803	836	3
1803	842	2
1803	849	3
1803	886	2
1803	1042	3
1803	1201	4
1803	1213	5
1803	1215	3
1803	1261	4
1803	1265	3
1803	1339	4
1803	1342	2
1803	1356	4
1803	1367	3
1803	1372	4
1803	1379	4
1803	1382	3
1803	1391	3
1803	1407	4
1803	1431	2
1803	1438	3
1803	1441	4
1803	1445	1
1803	1485	4
1803	1499	2
1803	1562	2
1803	1573	4
1803	1580	4
1803	1590	4
1803	1610	4
1803	1616	4
1803	1617	4
1803	1640	2
1803	1641	2
1803	1673	3
1803	1687	3
1803	1690	3
1803	1762	4
1803	1769	4
1803	1784	4
1803	1785	4
1803	1792	3
1803	1845	4
1803	1882	4
1803	1883	2
1803	1888	4
1803	1912	4
1803	1917	4
1803	1918	3
1803	1923	4
1803	1970	2
1803	2004	3
1803	2012	3
1803	2058	4
1803	2107	2
1803	2278	3
1803	2302	3
1803	2322	2
1803	2353	4
1803	2395	2
1803	2424	4
1803	2456	3
1803	2490	5
1803	2539	3
1803	2551	2
1803	2568	3
1803	2617	4
1803	2701	4
1803	2722	3
1803	2761	4
1803	2763	4
1803	2770	4
1803	2826	4
1803	2890	4
1803	2916	4
1803	2976	2
1803	2995	3
1803	3020	3
1803	3107	4
1803	3253	2
1803	3255	4
1803	3256	4
1803	3263	4
1803	3267	3
1803	3274	4
1803	3418	4
1803	3450	4
1803	3476	4
1803	3499	4
1803	3578	5
1803	3697	3
1803	3745	4
1803	3753	5
1803	3793	4
1803	3926	3
1803	3928	2
1803	3937	3
1805	6	5
1805	10	3
1805	70	4
1805	110	4
1805	111	4
1805	293	3
1805	296	5
1805	303	3
1805	317	1
1805	318	5
1805	329	5
1805	441	4
1805	457	3
1805	480	3
1805	493	4
1805	497	5
1805	511	3
1805	532	5
1805	555	4
1805	588	4
1805	593	5
1805	595	3
1805	608	5
1805	671	5
1805	780	3
1805	788	1
1805	810	1
1805	858	5
1805	903	5
1805	910	5
1805	968	4
1805	1028	4
1805	1059	2
1805	1084	5
1805	1126	2
1805	1178	5
1805	1206	5
1805	1213	4
1805	1215	5
1805	1222	5
1805	1234	5
1805	1261	5
1805	1265	5
1805	1288	5
1805	1356	4
1805	1379	3
1805	1393	4
1805	1396	4
1805	1408	3
1805	1573	3
1805	1580	4
1805	1617	5
1805	1639	3
1805	1641	4
1805	1704	5
1805	1729	4
1805	1783	1
1805	1920	1
1805	2011	4
1805	2012	4
1805	2018	4
1805	2161	4
1805	2193	5
1805	2282	5
1805	2391	3
1805	2395	5
1805	2396	4
1805	2399	1
1805	2580	3
1805	2692	5
1805	2716	4
1805	2746	4
1805	2804	5
1805	2916	2
1805	2997	5
1805	3033	5
1805	3034	4
1805	3039	5
1805	3247	2
1805	3424	5
1805	3438	4
1805	3450	5
1805	3489	5
1805	3552	5
1805	3793	5
1807	6	2
1807	10	4
1807	22	2
1807	70	3
1807	110	5
1807	111	4
1807	145	4
1807	153	2
1807	170	3
1807	180	5
1807	293	2
1807	296	5
1807	434	4
1807	441	5
1807	457	4
1807	480	5
1807	493	4
1807	497	1
1807	511	2
1807	514	5
1807	527	5
1807	555	5
1807	574	1
1807	590	4
1807	593	4
1807	628	4
1807	736	3
1807	780	5
1807	788	4
1807	858	5
1807	1060	3
1807	1136	4
1807	1198	4
1807	1213	5
1807	1222	5
1807	1242	5
1807	1257	4
1807	1258	5
1807	1265	4
1807	1276	4
1807	1278	2
1807	1347	4
1807	1387	3
1807	1393	4
1807	1394	5
1807	1396	4
1807	1407	5
1807	1466	4
1807	1573	5
1807	1580	2
1807	1610	5
1807	1641	1
1807	1704	4
1807	1722	2
1807	1729	3
1807	1883	4
1807	1917	5
1807	1923	5
1807	1954	4
1807	1967	4
1807	1974	2
1807	2001	2
1807	2023	5
1807	2071	4
1807	2161	3
1807	2278	3
1807	2280	3
1807	2329	5
1807	2353	5
1807	2395	4
1807	2474	3
1807	2580	5
1807	2617	4
1807	2640	2
1807	2716	3
1807	2735	3
1807	2747	2
1807	2764	2
1807	2795	5
1807	2804	5
1807	2890	4
1807	2916	4
1807	2986	1
1807	3039	4
1807	3072	2
1807	3175	3
1807	3253	4
1807	3255	2
1807	3256	4
1807	3362	4
1807	3421	5
1807	3424	4
1807	3452	4
1807	3499	4
1807	3527	3
1807	3552	4
1807	3555	5
1807	3698	3
1807	3702	4
1807	3740	3
1821	111	5
1821	858	3
1821	929	4
1821	1222	5
1821	2010	4
1821	2203	5
1821	2208	3
1821	2210	5
1821	2211	3
1821	2212	3
1821	2904	4
1821	3447	3
1823	17	5
1823	34	5
1823	317	5
1823	351	5
1823	1136	2
1823	1265	3
1823	1367	3
1823	1684	4
1823	1784	5
1823	1912	3
1823	2359	5
1823	2396	4
1823	2424	5
1823	2770	3
1823	3114	5
1823	3148	4
1825	17	3
1825	34	3
1825	36	5
1825	144	3
1825	216	3
1825	246	4
1825	277	3
1825	299	5
1825	318	4
1825	454	4
1825	457	3
1825	480	3
1825	500	3
1825	527	3
1825	550	4
1825	588	3
1825	590	3
1825	593	5
1825	595	3
1825	780	3
1825	783	2
1825	805	2
1825	838	3
1825	998	5
1825	1042	2
1825	1059	5
1825	1060	4
1825	1094	3
1825	1198	4
1825	1246	5
1825	1258	3
1825	1265	2
1825	1271	3
1825	1393	5
1825	1396	4
1825	1411	5
1825	1487	2
1825	1569	5
1825	1611	4
1825	1617	3
1825	1680	4
1825	1704	5
1825	1721	5
1825	1784	5
1825	1888	5
1825	1912	2
1825	1914	5
1825	1957	2
1825	1962	3
1825	2059	3
1825	2071	3
1825	2112	4
1825	2125	4
1825	2248	3
1825	2329	5
1825	2434	4
1825	2567	4
1825	2804	3
1825	2908	5
1825	2996	2
1825	3100	3
1825	3148	2
1825	3247	2
1825	3252	3
1825	3253	1
1825	3255	3
1825	3256	5
1825	3418	4
1825	3466	4
1825	3552	1
1825	3723	4
1826	458	3
1826	671	2
1826	924	5
1826	1136	4
1826	1200	4
1826	1206	5
1826	1214	3
1826	1238	5
1826	1276	5
1826	1356	5
1826	1374	4
1826	1394	4
1826	1396	5
1826	1580	5
1826	1744	1
1826	2529	3
1826	2664	3
1826	2804	4
1826	2916	5
1826	3114	5
1826	3175	3
1826	3471	4
1826	3700	2
1826	3702	3
1826	3703	3
1828	10	4
1828	34	4
1828	36	5
1828	110	4
1828	161	3
1828	296	4
1828	318	5
1828	441	4
1828	457	3
1828	466	2
1828	500	3
1828	527	5
1828	529	4
1828	588	3
1828	595	3
1828	653	3
1828	785	3
1828	788	3
1828	837	3
1828	1042	3
1828	1059	3
1828	1060	5
1828	1183	4
1828	1193	5
1828	1213	5
1828	1214	3
1828	1258	4
1828	1265	3
1828	1310	3
1828	1407	3
1828	1466	3
1828	1485	3
1828	1513	2
1828	1580	3
1828	1617	4
1828	1673	4
1828	1704	4
1828	1721	3
1828	1722	2
1828	1729	3
1828	1784	4
1828	1883	3
1828	1895	4
1828	2248	4
1828	2318	3
1828	2329	4
1828	2359	2
1828	2391	2
1828	2395	4
1828	2396	3
1828	2433	4
1828	2580	4
1828	2712	4
1828	2716	3
1828	2719	2
1828	2722	2
1828	2763	4
1828	2771	3
1828	2826	1
1828	2842	2
1828	2881	3
1828	2890	4
1828	2916	3
1828	2995	2
1828	2997	4
1828	3114	3
1828	3146	3
1828	3159	4
1828	3178	5
1828	3263	3
1828	3438	2
1828	3513	3
1828	3753	3
1828	3869	3
1829	34	5
1829	111	3
1829	296	5
1829	307	4
1829	410	4
1829	593	4
1829	608	4
1829	924	4
1829	1295	3
1829	1529	4
1829	1617	3
1829	1859	5
1829	1912	2
1829	1994	4
1829	2997	3
1830	457	5
1830	480	3
1830	1220	4
1830	1580	4
1830	2640	3
1830	2916	5
1830	2990	3
1830	3527	5
1830	3698	3
1831	24	2
1831	110	5
1831	296	5
1831	527	5
1831	593	5
1831	608	4
1831	741	4
1831	785	4
1831	1213	5
1831	1513	3
1831	1617	4
1831	1639	5
1831	1704	5
1831	2093	3
1831	2395	4
1831	2396	2
1831	2433	4
1831	2485	4
1831	2490	4
1831	2492	4
1831	2568	2
1831	2580	4
1831	2581	4
1831	2598	3
1831	2600	4
1831	2606	4
1831	2672	1
1831	2692	3
1831	2693	4
1831	2701	2
1831	2709	4
1831	2712	4
1831	2714	4
1831	2716	4
1831	2719	3
1831	2722	2
1831	2761	4
1831	2763	3
1831	2770	3
1831	2771	3
1831	2772	4
1831	2826	2
1831	2840	3
1831	2881	3
1831	2908	5
1831	2995	3
1831	2997	4
1831	3005	3
1831	3107	4
1831	3114	5
1831	3175	4
1831	3176	4
1831	3354	2
1831	3409	4
1831	3466	3
1831	3578	4
1831	3745	4
1831	3753	5
1831	3793	4
1838	1079	4
1838	3185	4
1838	3300	3
1838	3452	3
1838	3510	4
1838	3555	4
1838	3753	3
1838	3952	3
1841	5	3
1841	8	2
1841	22	4
1841	34	3
1841	65	1
1841	153	2
1841	158	1
1841	170	1
1841	180	1
1841	216	1
1841	256	2
1841	276	1
1841	296	5
1841	318	5
1841	333	4
1841	379	1
1841	419	1
1841	424	1
1841	434	4
1841	457	4
1841	480	4
1841	500	3
1841	527	4
1841	529	4
1841	546	1
1841	588	5
1841	593	3
1841	595	4
1841	608	4
1841	628	4
1841	736	2
1841	743	1
1841	784	2
1841	786	2
1841	810	1
1841	828	1
1841	833	1
1841	842	1
1841	1020	4
1841	1059	2
1841	1060	5
1841	1213	4
1841	1215	2
1841	1258	4
1841	1265	3
1841	1339	1
1841	1393	3
1841	1396	3
1841	1411	2
1841	1431	2
1841	1485	3
1841	1562	1
1841	1605	1
1841	1639	4
1841	1673	4
1841	1704	3
1841	1747	4
1841	1753	1
1841	1784	4
1841	1792	2
1841	1797	4
1841	1834	4
1841	1882	1
1841	1887	2
1841	1895	1
1841	1923	2
1841	2027	1
1841	2053	1
1841	2060	1
1841	2278	4
1841	2289	2
1841	2329	4
1841	2353	3
1841	2359	3
1841	2391	4
1841	2395	5
1841	2424	4
1841	2501	3
1841	2567	2
1841	2580	5
1841	2606	1
1841	2770	3
1841	2807	1
1841	2890	5
1841	2908	4
1841	2953	1
1841	2997	5
1841	3006	5
1841	3020	5
1841	3100	3
1841	3114	5
1841	3148	3
1841	3175	1
1841	3176	4
1841	3178	4
1841	3243	2
1841	3253	2
1841	3255	3
1841	3317	3
1841	3354	2
1841	3438	3
1841	3489	1
1841	3499	4
1841	3510	3
1841	3578	3
1841	3753	3
1841	3793	2
1841	3893	3
1849	110	4
1849	457	5
1849	480	3
1849	593	5
1849	1220	2
1849	1580	5
1849	1610	3
1849	2058	3
1849	2353	4
1849	2916	3
1849	3256	4
1849	3418	3
1852	480	3
1852	924	5
1852	968	4
1852	1199	4
1852	1200	4
1852	1206	4
1852	1214	5
1852	1215	2
1852	1306	5
1852	1356	2
1852	1372	1
1852	1374	2
1852	1391	2
1852	1580	3
1852	2010	4
1852	2105	3
1852	2807	1
1852	3175	4
1852	3300	4
1852	3527	3
1852	3702	4
1852	3703	3
1852	3704	4
1852	3793	3
1852	3882	4
1852	3910	5
1858	34	2
1858	110	5
1858	296	5
1858	362	4
1858	480	4
1858	588	5
1858	593	5
1858	595	5
1858	783	3
1858	799	2
1858	953	2
1858	1025	4
1858	1029	3
1858	1032	5
1858	1198	5
1858	1214	3
1858	1215	3
1858	1258	4
1858	1287	3
1858	1347	2
1858	1363	3
1858	1367	3
1858	1387	4
1858	1566	5
1858	1580	4
1858	1688	3
1858	1967	5
1858	1994	4
1858	1997	5
1858	2018	3
1858	2046	4
1858	2059	4
1858	2078	4
1858	2080	3
1858	2081	5
1858	2161	5
1858	2617	2
1858	2716	4
1858	2747	5
1858	2761	3
1858	2804	5
1858	2899	5
1858	2995	4
1858	3114	5
1858	3300	5
1858	3409	3
1858	3450	5
1858	3555	3
1858	3578	5
1858	3753	4
1861	10	4
1861	19	2
1861	34	4
1861	95	3
1861	110	4
1861	151	4
1861	161	4
1861	231	3
1861	235	4
1861	236	4
1861	296	4
1861	317	4
1861	318	4
1861	392	4
1861	454	4
1861	457	4
1861	459	3
1861	466	3
1861	587	4
1861	593	4
1861	608	4
1861	647	3
1861	707	4
1861	736	4
1861	780	3
1861	786	4
1861	788	2
1861	828	3
1861	832	3
1861	858	5
1861	903	4
1861	908	4
1861	909	3
1861	910	4
1861	914	4
1861	916	4
1861	933	4
1861	943	4
1861	947	4
1861	1006	3
1861	1015	3
1861	1028	3
1861	1031	2
1861	1079	3
1861	1092	3
1861	1094	3
1861	1162	4
1861	1183	3
1861	1198	4
1861	1201	4
1861	1204	5
1861	1206	4
1861	1213	4
1861	1214	3
1861	1220	3
1861	1222	3
1861	1225	3
1861	1226	4
1861	1230	3
1861	1234	4
1861	1246	3
1861	1252	5
1861	1258	2
1861	1265	3
1861	1272	5
1861	1276	4
1861	1278	4
1861	1287	4
1861	1292	4
1861	1293	4
1861	1374	4
1861	1388	2
1861	1394	4
1861	1408	3
1861	1438	3
1861	1573	3
1861	1580	4
1861	1610	4
1861	1617	4
1861	1641	4
1861	1673	3
1861	1704	4
1861	1721	3
1861	1722	3
1861	1747	3
1861	1784	3
1861	1792	3
1861	1883	3
1861	1923	4
1861	1953	4
1861	1955	3
1861	1957	4
1861	1997	5
1861	2001	3
1861	2009	4
1861	2011	2
1861	2012	3
1861	2015	4
1861	2021	4
1861	2023	3
1861	2058	4
1861	2100	4
1861	2105	2
1861	2110	3
1861	2130	3
1861	2161	3
1861	2177	3
1861	2245	4
1861	2266	4
1861	2289	3
1861	2302	4
1861	2316	2
1861	2322	4
1861	2353	4
1861	2359	4
1861	2395	4
1861	2396	4
1861	2399	4
1861	2405	3
1861	2407	4
1861	2424	4
1861	2471	2
1861	2474	3
1861	2501	4
1861	2539	3
1861	2567	3
1861	2581	3
1861	2640	3
1861	2642	2
1861	2709	2
1861	2712	2
1861	2716	4
1861	2745	4
1861	2763	3
1861	2764	4
1861	2770	4
1861	2794	2
1861	2795	2
1861	2819	4
1861	2826	2
1861	2829	3
1861	2889	4
1861	2890	2
1861	2899	3
1861	2915	4
1861	2916	4
1861	2919	5
1861	2993	3
1861	2997	4
1861	3033	2
1861	3037	3
1861	3039	4
1861	3040	2
1861	3068	4
1861	3107	3
1861	3114	3
1861	3135	4
1861	3141	3
1861	3148	4
1861	3157	2
1861	3169	4
1861	3178	4
1861	3241	3
1861	3244	3
1861	3247	3
1861	3251	4
1861	3252	3
1861	3255	3
1861	3256	4
1861	3263	3
1861	3362	4
1861	3398	2
1861	3418	3
1861	3421	4
1861	3471	5
1861	3489	2
1861	3506	4
1861	3513	3
1861	3524	4
1861	3545	5
1861	3551	4
1861	3552	2
1861	3555	3
1861	3578	4
1861	3649	3
1861	3654	4
1861	3671	3
1861	3678	3
1861	3684	3
1861	3685	3
1861	3702	4
1861	3753	3
1861	3793	3
1861	3811	4
1861	3812	3
1861	3834	2
1861	3836	3
1861	3893	3
1861	3926	3
1861	3927	3
1861	3932	2
1861	3952	4
1866	110	5
1866	216	2
1866	231	5
1866	318	5
1866	333	4
1866	454	4
1866	457	4
1866	500	4
1866	527	5
1866	587	3
1866	593	5
1866	608	4
1866	908	5
1866	910	4
1866	1020	4
1866	1092	5
1866	1136	3
1866	1198	5
1866	1258	4
1866	1333	4
1866	1391	3
1866	1394	4
1866	1573	4
1866	1580	4
1866	1641	4
1866	1665	4
1866	1704	5
1866	1721	3
1866	1747	4
1866	1784	5
1866	1794	1
1866	1883	3
1866	1923	5
1866	2058	5
1866	2248	4
1866	2302	4
1866	2312	3
1866	2353	4
1866	2407	3
1866	2433	4
1866	2529	5
1866	2617	4
1866	2712	2
1866	2716	4
1866	2770	4
1866	2795	5
1866	2804	4
1866	2840	3
1866	2881	3
1866	2917	5
1866	2997	5
1866	3114	4
1866	3176	5
1866	3203	4
1866	3253	5
1866	3255	5
1866	3418	4
1866	3424	3
1866	3513	3
1866	3538	4
1866	3552	4
1866	3798	4
1866	3869	4
1876	858	5
1876	1198	5
1876	1342	1
1876	1769	3
1876	2433	4
1876	2772	3
1876	2826	4
1876	2881	3
1876	2976	1
1876	2997	4
1876	3005	4
1879	6	5
1879	10	3
1879	22	4
1879	34	5
1879	36	2
1879	63	1
1879	70	4
1879	110	5
1879	111	4
1879	161	5
1879	163	4
1879	173	2
1879	231	4
1879	246	4
1879	296	5
1879	318	5
1879	329	4
1879	339	3
1879	376	2
1879	434	3
1879	441	5
1879	457	5
1879	459	4
1879	480	5
1879	493	5
1879	497	5
1879	511	4
1879	514	2
1879	529	5
1879	555	4
1879	587	4
1879	588	5
1879	590	5
1879	593	4
1879	608	3
1879	628	5
1879	736	4
1879	780	5
1879	798	4
1879	832	5
1879	849	4
1879	858	5
1879	924	4
1879	1020	3
1879	1025	5
1879	1059	3
1879	1079	5
1879	1092	4
1879	1136	3
1879	1147	3
1879	1193	3
1879	1198	5
1879	1200	4
1879	1206	4
1879	1213	5
1879	1222	5
1879	1234	5
1879	1258	5
1879	1265	2
1879	1275	4
1879	1276	5
1879	1288	4
1879	1339	4
1879	1356	5
1879	1379	3
1879	1393	5
1879	1394	5
1879	1396	3
1879	1408	5
1879	1411	5
1879	1465	4
1879	1466	4
1879	1499	1
1879	1573	3
1879	1580	3
1879	1610	5
1879	1617	4
1879	1641	5
1879	1665	2
1879	1673	4
1879	1704	5
1879	1721	5
1879	1722	4
1879	1727	2
1879	1779	3
1879	1784	4
1879	1792	4
1879	1840	4
1879	1863	2
1879	1892	4
1879	1917	5
1879	1923	5
1879	2012	1
1879	2058	4
1879	2073	4
1879	2080	5
1879	2248	3
1879	2302	2
1879	2322	4
1879	2329	5
1879	2353	4
1879	2490	5
1879	2501	5
1879	2712	5
1879	2716	4
1879	2722	3
1879	2763	5
1879	2795	5
1879	2804	5
1879	2822	4
1879	2890	3
1879	2915	4
1879	2916	4
1879	2921	4
1879	3020	3
1879	3034	5
1879	3107	3
1879	3114	3
1879	3198	4
1879	3252	4
1879	3253	2
1879	3255	4
1879	3256	5
1879	3274	4
1879	3300	4
1879	3421	4
1879	3438	2
1879	3551	4
1879	3552	5
1879	3555	3
1879	3578	5
1879	3753	4
1879	3793	4
1882	6	3
1882	17	4
1882	68	3
1882	111	4
1882	231	5
1882	235	4
1882	296	4
1882	318	3
1882	457	5
1882	480	2
1882	590	2
1882	593	4
1882	608	3
1882	718	5
1882	741	2
1882	780	2
1882	785	4
1882	858	5
1882	903	4
1882	924	4
1882	969	4
1882	986	4
1882	1019	4
1882	1032	4
1882	1094	2
1882	1136	5
1882	1147	5
1882	1176	4
1882	1184	4
1882	1189	4
1882	1193	5
1882	1198	5
1882	1199	4
1882	1201	4
1882	1206	5
1882	1220	3
1882	1230	4
1882	1251	3
1882	1252	4
1882	1265	4
1882	1276	4
1882	1278	4
1882	1283	5
1882	1287	4
1882	1288	3
1882	1289	4
1882	1292	2
1882	1340	4
1882	1356	4
1882	1387	4
1882	1391	3
1882	1394	2
1882	1466	4
1882	1513	5
1882	1566	4
1882	1573	4
1882	1580	4
1882	1610	4
1882	1617	4
1882	1729	4
1882	1734	5
1882	1784	4
1882	2009	4
1882	2011	4
1882	2019	4
1882	2081	4
1882	2278	3
1882	2287	4
1882	2396	4
1882	2459	4
1882	2469	4
1882	2529	5
1882	2581	4
1882	2640	4
1882	2651	4
1882	2664	5
1882	2772	3
1882	2784	4
1882	2804	4
1882	2826	4
1882	2871	5
1882	2890	4
1882	2912	5
1882	2916	4
1882	2951	4
1882	2970	4
1882	2997	2
1882	3037	5
1882	3104	4
1882	3114	4
1882	3159	3
1882	3175	4
1882	3317	3
1882	3334	5
1882	3365	5
1882	3421	4
1882	3424	2
1882	3471	4
1882	3555	2
1882	3681	4
1882	3700	4
1882	3745	4
1882	3793	3
1882	3926	4
1885	110	4
1885	111	5
1885	500	4
1885	1029	5
1885	1333	5
1885	1673	4
1885	2018	5
1885	2023	5
1885	2080	5
1885	2081	4
1885	2102	3
1885	2138	4
1885	3114	5
1885	3450	2
1885	3555	3
1885	3927	3
1885	3928	5
1885	3929	5
1885	3932	3
1886	10	4
1886	70	5
1886	110	5
1886	480	4
1886	527	5
1886	891	3
1886	1580	5
1886	1721	4
1886	2298	2
1886	3238	1
1886	3300	5
1886	3409	5
1886	3896	3
1886	3952	4
1887	432	3
1887	454	4
1887	587	5
1887	590	3
1887	593	5
1887	608	4
1887	736	2
1887	832	4
1887	903	4
1887	914	3
1887	924	5
1887	1019	4
1887	1028	3
1887	1083	4
1887	1086	3
1887	1088	5
1887	1130	4
1887	1198	4
1887	1200	2
1887	1201	3
1887	1214	3
1887	1252	4
1887	1258	5
1887	1265	3
1887	1333	5
1887	1387	1
1887	1393	4
1887	1460	2
1887	1590	2
1887	1610	4
1887	1721	4
1887	1797	5
1887	1892	4
1887	1918	3
1887	1947	5
1887	1953	5
1887	1954	2
1887	1997	3
1887	2001	4
1887	2287	3
1887	2311	2
1887	2353	4
1887	2396	4
1887	2529	4
1887	2530	3
1887	2531	3
1887	2532	3
1887	2640	2
1887	2652	1
1887	2663	2
1887	2664	4
1887	2716	3
1887	2916	3
1887	2951	4
1887	2993	3
1887	3176	2
1887	3256	3
1887	3430	4
1887	3445	2
1887	3633	3
1887	3638	2
1887	3675	3
1887	3780	4
1887	3926	3
1890	6	4
1890	17	3
1890	34	1
1890	41	4
1890	110	4
1890	161	4
1890	232	4
1890	246	4
1890	296	3
1890	300	4
1890	318	4
1890	457	4
1890	527	4
1890	587	3
1890	588	2
1890	590	4
1890	595	1
1890	608	5
1890	858	5
1890	908	4
1890	918	3
1890	924	4
1890	940	3
1890	968	3
1890	969	5
1890	1008	2
1890	1017	2
1890	1028	2
1890	1032	4
1890	1041	4
1890	1066	4
1890	1078	3
1890	1084	3
1890	1193	4
1890	1198	4
1890	1200	3
1890	1204	4
1890	1206	4
1890	1213	5
1890	1214	3
1890	1220	4
1890	1230	5
1890	1234	4
1890	1242	4
1890	1252	4
1890	1265	4
1890	1272	4
1890	1277	4
1890	1288	4
1890	1333	4
1890	1387	2
1890	1465	3
1890	1466	3
1890	1617	5
1890	1641	5
1890	1947	5
1890	1950	3
1890	1953	5
1890	1964	3
1890	2010	2
1890	2015	1
1890	2018	2
1890	2019	5
1890	2021	2
1890	2023	5
1890	2080	2
1890	2102	3
1890	2112	4
1890	2289	4
1890	2359	4
1890	2396	4
1890	2501	3
1890	2511	4
1890	2529	3
1890	2640	3
1890	2664	3
1890	2716	3
1890	2746	3
1890	2819	3
1890	2877	3
1890	2890	4
1890	2916	4
1890	2921	4
1890	3037	4
1890	3061	3
1890	3062	3
1890	3104	3
1890	3114	4
1890	3175	5
1890	3247	3
1890	3334	4
1890	3362	3
1890	3418	4
1890	3461	2
1890	3471	4
1890	3578	3
1890	3634	4
1890	3700	4
1890	3702	3
1890	3703	3
1890	3729	4
1890	3893	4
1890	3943	4
1890	3952	5
1892	111	5
1892	506	3
1892	858	4
1892	1176	5
1892	1193	3
1892	1206	5
1892	1214	4
1892	1230	5
1892	1252	4
1892	3002	5
1892	3421	4
1892	3551	4
1892	3685	4
1893	5	2
1893	527	4
1893	942	5
1893	1230	5
1893	2023	2
1893	3317	5
1893	3578	4
1893	3594	3
1893	3618	4
1893	3720	3
1893	3747	3
1893	3753	3
1893	3783	5
1893	3823	4
1893	3952	4
1901	10	3
1901	44	4
1901	110	5
1901	161	5
1901	329	4
1901	432	4
1901	480	5
1901	588	3
1901	590	4
1901	593	5
1901	595	5
1901	608	4
1901	609	4
1901	858	5
1901	914	5
1901	924	3
1901	1006	5
1901	1015	4
1901	1028	3
1901	1064	4
1901	1092	4
1901	1198	5
1901	1201	4
1901	1204	5
1901	1220	4
1901	1234	5
1901	1251	4
1901	1271	5
1901	1272	5
1901	1333	5
1901	1356	4
1901	1372	4
1901	1387	4
1901	1580	3
1901	1610	5
1901	1674	5
1901	1721	5
1901	1722	4
1901	1779	5
1901	1917	4
1901	1949	5
1901	1953	5
1901	1954	5
1901	1955	4
1901	2011	4
1901	2078	4
1901	2105	5
1901	2353	5
1901	2405	4
1901	2533	3
1901	2640	4
1901	2701	2
1901	2819	5
1901	2871	4
1901	2916	4
1901	2921	3
1901	3037	4
1901	3068	5
1901	3093	4
1901	3114	4
1901	3256	5
1901	3421	4
1901	3489	3
1901	3508	4
1901	3545	4
1901	3551	5
1901	3635	4
1901	3702	5
1901	3926	3
1901	3927	3
1902	6	5
1902	20	3
1902	22	4
1902	24	4
1902	42	3
1902	44	3
1902	70	5
1902	95	3
1902	110	4
1902	111	4
1902	145	3
1902	153	4
1902	161	3
1902	163	4
1902	170	3
1902	173	3
1902	198	4
1902	247	5
1902	293	5
1902	360	4
1902	373	4
1902	376	4
1902	379	3
1902	434	4
1902	454	4
1902	457	4
1902	466	3
1902	479	4
1902	480	5
1902	494	4
1902	533	2
1902	546	2
1902	555	5
1902	565	4
1902	574	4
1902	593	5
1902	600	4
1902	608	5
1902	628	4
1902	653	3
1902	662	3
1902	736	4
1902	741	4
1902	780	4
1902	786	3
1902	788	4
1902	799	3
1902	832	4
1902	836	2
1902	849	3
1902	924	4
1902	998	4
1902	1092	4
1902	1215	3
1902	1356	3
1902	1372	3
1902	1379	2
1902	1391	3
1902	1396	4
1902	1407	5
1902	1432	2
1902	1573	5
1902	1580	4
1902	1590	3
1902	1610	4
1902	1617	4
1902	1648	4
1902	1690	4
1902	1762	3
1902	1769	3
1902	1772	1
1902	1779	3
1902	1825	3
1902	1862	2
1902	1882	3
1902	1892	3
1902	1912	5
1902	1917	3
1902	1918	4
1902	2012	4
1902	2023	4
1902	2046	3
1902	2053	3
1902	2058	3
1902	2159	4
1902	2307	2
1902	2315	4
1902	2320	4
1902	2322	3
1902	2391	4
1902	2490	3
1902	2617	4
1902	2692	5
1902	2701	1
1902	2722	4
1902	2881	3
1902	2916	4
1902	2986	3
1902	3005	4
1902	3020	3
1902	3044	4
1902	3107	4
1902	3175	4
1902	3176	4
1902	3219	3
1902	3269	3
1902	3354	3
1902	3409	4
1902	3418	4
1902	3438	3
1902	3476	4
1902	3499	4
1902	3510	4
1902	3555	4
1902	3578	4
1902	3693	1
1902	3697	2
1902	3728	4
1902	3745	3
1902	3793	4
1902	3893	4
1902	3896	5
1904	36	4
1904	95	3
1904	110	5
1904	145	3
1904	153	2
1904	161	4
1904	296	2
1904	381	3
1904	432	4
1904	434	3
1904	454	3
1904	457	4
1904	479	3
1904	480	5
1904	587	3
1904	588	4
1904	590	4
1904	593	4
1904	595	4
1904	628	4
1904	647	3
1904	736	3
1904	780	5
1904	786	3
1904	788	4
1904	832	3
1904	858	5
1904	924	4
1904	953	4
1904	1019	3
1904	1025	4
1904	1028	5
1904	1029	3
1904	1031	3
1904	1032	3
1904	1060	4
1904	1064	2
1904	1079	4
1904	1092	3
1904	1126	1
1904	1136	5
1904	1198	5
1904	1200	3
1904	1201	5
1904	1213	4
1904	1214	4
1904	1222	4
1904	1242	5
1904	1257	3
1904	1258	5
1904	1278	4
1904	1297	3
1904	1342	1
1904	1373	4
1904	1374	3
1904	1378	4
1904	1379	4
1904	1387	5
1904	1388	3
1904	1391	1
1904	1393	2
1904	1394	4
1904	1407	2
1904	1411	4
1904	1466	3
1904	1499	2
1904	1562	2
1904	1573	4
1904	1580	4
1904	1590	2
1904	1610	4
1904	1673	3
1904	1687	3
1904	1702	3
1904	1704	4
1904	1721	4
1904	1779	3
1904	1917	4
1904	1923	4
1904	1954	3
1904	1962	3
1904	1967	3
1904	1994	3
1904	1995	1
1904	2001	4
1904	2011	4
1904	2012	4
1904	2021	5
1904	2080	5
1904	2081	4
1904	2100	3
1904	2105	4
1904	2110	3
1904	2142	2
1904	2143	2
1904	2161	3
1904	2193	3
1904	2302	4
1904	2322	2
1904	2405	3
1904	2407	3
1904	2408	2
1904	2410	3
1904	2456	1
1904	2457	3
1904	2468	3
1904	2471	2
1904	2617	2
1904	2640	5
1904	2642	2
1904	2701	3
1904	2716	4
1904	2719	1
1904	2722	3
1904	2735	3
1904	2739	3
1904	2746	2
1904	2761	3
1904	2770	4
1904	2788	5
1904	2804	4
1904	2815	3
1904	2915	3
1904	2916	3
1904	2922	3
1904	2950	2
1904	3006	4
1904	3033	3
1904	3034	4
1904	3039	3
1904	3100	4
1904	3107	3
1904	3114	4
1904	3176	1
1904	3247	3
1904	3253	3
1904	3255	4
1904	3269	3
1904	3354	3
1904	3418	3
1904	3421	5
1904	3438	2
1904	3444	2
1904	3471	4
1904	3489	3
1904	3499	2
1904	3508	4
1904	3524	5
1904	3527	4
1904	3552	5
1904	3608	3
1904	3638	3
1904	3671	4
1904	3697	2
1904	3698	3
1904	3740	2
1909	6	3
1909	34	4
1909	36	3
1909	293	4
1909	296	5
1909	318	4
1909	527	3
1909	529	4
1909	593	3
1909	608	4
1909	788	4
1909	866	4
1909	1060	4
1909	1193	5
1909	1213	4
1909	1390	3
1909	1411	3
1909	1413	3
1909	1617	5
1909	1722	2
1909	1747	1
1909	1883	5
1909	1912	5
1909	1923	4
1909	2289	4
1909	2329	5
1909	2391	4
1909	2396	3
1909	2580	3
1909	2997	5
1909	3006	4
1914	34	4
1914	1193	5
1914	1265	5
1914	1641	2
1914	2289	2
1914	2395	5
1914	2396	5
1914	2461	1
1914	2997	4
1914	3114	4
1924	5	4
1924	17	4
1924	28	3
1924	34	2
1924	105	4
1924	151	2
1924	222	4
1924	247	1
1924	271	4
1924	293	3
1924	342	3
1924	357	4
1924	378	2
1924	588	5
1924	838	4
1924	866	2
1924	915	4
1924	934	5
1924	1020	3
1924	1059	2
1924	1060	2
1924	1094	2
1924	1183	3
1924	1241	1
1924	1265	4
1924	1271	5
1924	1357	4
1924	1393	4
1924	1408	3
1924	1569	5
1924	1605	3
1924	1641	5
1924	1704	5
1924	1721	3
1924	1722	3
1924	1747	3
1924	1784	4
1924	1835	3
1924	1878	1
1924	1888	3
1924	2171	3
1924	2396	3
1924	2483	1
1924	2506	4
1924	2860	1
1924	3044	1
1924	3114	3
1924	3405	5
1924	3426	2
1924	3594	4
1924	3824	3
1924	3844	5
1926	34	4
1926	36	5
1926	105	4
1926	111	5
1926	151	5
1926	246	5
1926	247	4
1926	282	5
1926	296	5
1926	300	4
1926	307	5
1926	318	4
1926	329	4
1926	357	4
1926	365	4
1926	425	4
1926	429	2
1926	432	3
1926	500	4
1926	506	5
1926	527	5
1926	587	4
1926	588	4
1926	590	5
1926	593	5
1926	595	5
1926	608	5
1926	668	5
1926	669	5
1926	780	4
1926	783	5
1926	830	4
1926	837	4
1926	838	5
1926	851	4
1926	858	5
1926	866	5
1926	901	4
1926	905	4
1926	908	5
1926	910	4
1926	916	4
1926	922	5
1926	924	5
1926	926	5
1926	933	4
1926	942	5
1926	945	4
1926	948	4
1926	953	4
1926	968	1
1926	970	4
1926	971	4
1926	982	4
1926	1014	4
1926	1019	4
1926	1025	4
1926	1028	4
1926	1029	4
1926	1041	4
1926	1059	3
1926	1079	5
1926	1084	5
1926	1096	5
1926	1104	4
1926	1135	4
1926	1150	4
1926	1162	3
1926	1167	2
1926	1178	5
1926	1183	5
1926	1193	4
1926	1198	4
1926	1199	5
1926	1200	4
1926	1206	5
1926	1214	5
1926	1220	2
1926	1222	5
1926	1225	5
1926	1227	4
1926	1228	5
1926	1230	4
1926	1234	4
1926	1237	5
1926	1242	4
1926	1246	4
1926	1252	5
1926	1258	5
1926	1264	5
1926	1265	4
1926	1271	4
1926	1272	4
1926	1276	4
1926	1278	4
1926	1286	5
1926	1287	5
1926	1289	5
1926	1292	5
1926	1339	4
1926	1347	2
1926	1357	4
1926	1387	5
1926	1411	5
1926	1566	5
1926	1573	2
1926	1580	3
1926	1590	1
1926	1617	5
1926	1639	4
1926	1641	4
1926	1646	2
1926	1660	4
1926	1673	5
1926	1674	5
1926	1688	4
1926	1690	2
1926	1721	5
1926	1727	4
1926	1734	4
1926	1806	3
1926	1840	4
1926	1883	3
1926	1924	1
1926	1925	5
1926	1935	5
1926	1943	4
1926	1953	4
1926	1954	5
1926	1955	5
1926	1957	5
1926	1962	5
1926	1964	4
1926	1997	5
1926	2009	4
1926	2011	4
1926	2012	4
1926	2018	5
1926	2019	5
1926	2021	4
1926	2022	5
1926	2023	5
1926	2024	4
1926	2029	4
1926	2038	2
1926	2059	3
1926	2071	5
1926	2078	4
1926	2081	4
1926	2100	3
1926	2104	4
1926	2105	4
1926	2112	5
1926	2130	4
1926	2138	5
1926	2143	4
1926	2147	4
1926	2161	4
1926	2177	4
1926	2202	4
1926	2203	4
1926	2245	4
1926	2247	4
1926	2262	3
1926	2289	5
1926	2312	5
1926	2313	4
1926	2336	5
1926	2349	4
1926	2369	4
1926	2396	5
1926	2407	4
1926	2424	4
1926	2429	4
1926	2430	5
1926	2437	4
1926	2442	4
1926	2468	1
1926	2469	4
1926	2529	5
1926	2533	3
1926	2554	2
1926	2617	1
1926	2639	4
1926	2640	5
1926	2642	4
1926	2712	5
1926	2716	4
1926	2729	5
1926	2731	5
1926	2732	4
1926	2735	4
1926	2739	5
1926	2746	4
1926	2747	4
1926	2749	4
1926	2761	5
1926	2764	4
1926	2810	5
1926	2829	3
1926	2866	3
1926	2874	3
1926	2877	4
1926	2890	3
1926	2908	5
1926	2919	4
1926	2928	5
1926	2932	5
1926	2950	4
1926	2967	4
1926	2997	5
1926	3022	3
1926	3037	5
1926	3072	4
1926	3079	4
1926	3088	4
1926	3100	4
1926	3107	4
1926	3112	3
1926	3114	4
1926	3141	4
1926	3145	4
1926	3148	5
1926	3157	5
1926	3175	2
1926	3176	4
1926	3178	4
1926	3185	5
1926	3198	4
1926	3214	4
1926	3217	4
1926	3244	4
1926	3247	3
1926	3251	4
1926	3253	4
1926	3255	5
1926	3263	4
1926	3300	1
1926	3308	4
1926	3330	4
1926	3334	4
1926	3359	5
1926	3362	5
1926	3379	4
1926	3418	5
1926	3424	4
1926	3425	4
1926	3426	4
1926	3438	2
1926	3447	5
1926	3461	3
1926	3467	4
1926	3468	5
1926	3471	5
1926	3473	4
1926	3478	4
1926	3479	5
1926	3489	3
1926	3524	2
1926	3527	2
1926	3546	4
1926	3598	3
1926	3615	5
1926	3649	5
1926	3668	5
1926	3671	4
1926	3684	4
1926	3685	5
1926	3703	3
1926	3704	2
1926	3708	4
1926	3714	3
1926	3720	4
1926	3733	4
1926	3740	3
1926	3745	5
1926	3746	5
1926	3758	4
1926	3760	3
1926	3793	2
1926	3811	4
1926	3845	4
1926	3854	4
1926	3872	3
1926	3873	4
1926	3877	2
1926	3927	3
1926	3928	2
1930	5	3
1930	68	4
1930	173	2
1930	180	4
1930	235	3
1930	317	3
1930	318	5
1930	329	3
1930	410	3
1930	432	3
1930	444	2
1930	480	4
1930	497	4
1930	500	3
1930	506	5
1930	527	5
1930	587	3
1930	588	3
1930	593	4
1930	608	3
1930	647	3
1930	780	4
1930	788	3
1930	832	4
1930	908	3
1930	924	4
1930	940	4
1930	953	3
1930	987	4
1930	1019	2
1930	1024	3
1930	1025	3
1930	1028	4
1930	1030	2
1930	1031	2
1930	1032	3
1930	1079	4
1930	1088	2
1930	1091	2
1930	1092	4
1930	1136	5
1930	1198	4
1930	1214	4
1930	1220	4
1930	1225	4
1930	1242	4
1930	1246	5
1930	1258	3
1930	1265	4
1930	1275	4
1930	1278	4
1930	1288	4
1930	1289	5
1930	1297	4
1930	1356	3
1930	1372	3
1930	1373	2
1930	1374	3
1930	1391	4
1930	1513	3
1930	1580	4
1930	1610	4
1930	1639	5
1930	1702	3
1930	1704	4
1930	1916	3
1930	1918	1
1930	1954	3
1930	2001	3
1930	2004	2
1930	2011	2
1930	2012	2
1930	2015	3
1930	2016	1
1930	2021	3
1930	2050	1
1930	2080	2
1930	2081	3
1930	2083	4
1930	2095	2
1930	2097	4
1930	2100	3
1930	2105	3
1930	2151	3
1930	2161	2
1930	2189	3
1930	2302	4
1930	2380	1
1930	2382	1
1930	2405	3
1930	2407	3
1930	2410	2
1930	2411	2
1930	2471	3
1930	2539	4
1930	2617	3
1930	2640	2
1930	2642	2
1930	2709	4
1930	2716	4
1930	2735	3
1930	2746	3
1930	2794	3
1930	2795	3
1930	2796	3
1930	2889	4
1930	2890	4
1930	2915	3
1930	2916	2
1930	2997	5
1930	3005	4
1930	3033	4
1930	3034	3
1930	3040	3
1930	3088	3
1930	3114	3
1930	3159	3
1930	3243	2
1930	3247	3
1930	3253	4
1930	3388	3
1930	3398	3
1930	3421	4
1930	3450	4
1930	3471	3
1930	3479	4
1930	3489	3
1930	3510	4
1930	3545	3
1930	3552	3
1930	3578	5
1930	3671	4
1930	3675	3
1930	3702	3
1930	3704	3
1930	3708	2
1930	3740	2
1930	3753	4
1930	3791	2
1930	3793	3
1930	3869	3
1938	44	2
1938	110	3
1938	318	3
1938	329	3
1938	457	4
1938	480	3
1938	546	2
1938	558	3
1938	588	3
1938	595	4
1938	610	1
1938	653	2
1938	709	2
1938	720	4
1938	780	4
1938	783	4
1938	969	4
1938	1024	3
1938	1025	3
1938	1028	4
1938	1029	4
1938	1030	3
1938	1032	3
1938	1064	2
1938	1198	5
1938	1200	3
1938	1204	4
1938	1214	4
1938	1220	3
1938	1223	5
1938	1230	3
1938	1242	4
1938	1252	3
1938	1275	4
1938	1287	3
1938	1372	2
1938	1373	2
1938	1374	4
1938	1387	3
1938	1391	2
1938	1408	2
1938	1489	3
1938	1562	2
1938	1566	3
1938	1580	3
1938	1606	3
1938	1610	4
1938	1688	3
1938	1690	2
1938	1954	3
1938	1955	5
1938	2001	2
1938	2019	4
1938	2078	4
1938	2080	4
1938	2081	4
1938	2102	3
1938	2105	4
1938	2138	3
1938	2142	2
1938	2617	2
1938	2642	2
1938	2735	4
1938	2761	4
1938	2822	3
1938	2876	1
1938	2899	2
1938	2916	4
1938	3034	4
1938	3104	5
1938	3114	3
1938	3159	4
1938	3213	3
1938	3429	5
1938	3527	4
1938	3611	3
1938	3633	3
1938	3638	3
1938	3698	4
1938	3702	3
1938	3740	4
1938	3776	4
1938	3793	4
1938	3807	3
1938	3877	2
1940	110	5
1940	497	5
1940	527	5
1940	590	4
1940	593	5
1940	608	5
1940	780	4
1940	858	5
1940	953	3
1940	1084	5
1940	1094	5
1940	1132	4
1940	1193	5
1940	1198	4
1940	1200	5
1940	1201	5
1940	1204	5
1940	1214	5
1940	1222	5
1940	1242	5
1940	1258	5
1940	1265	4
1940	1272	4
1940	1387	5
1940	1391	5
1940	1394	5
1940	1408	2
1940	1997	5
1940	2426	5
1940	2788	5
1940	2922	5
1940	2951	4
1940	3362	5
1940	3429	5
1940	3476	5
1940	3671	5
1960	34	5
1960	110	4
1960	144	3
1960	296	5
1960	318	5
1960	441	2
1960	457	4
1960	480	1
1960	527	5
1960	555	4
1960	608	5
1960	728	5
1960	903	5
1960	905	3
1960	908	5
1960	910	4
1960	947	4
1960	956	4
1960	969	5
1960	1042	5
1960	1079	4
1960	1088	1
1960	1096	5
1960	1131	5
1960	1132	5
1960	1189	4
1960	1198	4
1960	1199	4
1960	1200	4
1960	1201	3
1960	1213	4
1960	1220	4
1960	1225	5
1960	1242	5
1960	1246	3
1960	1252	5
1960	1258	5
1960	1265	3
1960	1276	5
1960	1288	5
1960	1293	2
1960	1295	1
1960	1297	3
1960	1374	4
1960	1394	4
1960	1408	3
1960	1449	5
1960	1573	2
1960	1610	3
1960	1617	5
1960	1673	4
1960	1674	4
1960	1704	4
1960	1721	2
1960	1954	5
1960	1957	1
1960	1962	5
1960	2100	4
1960	2111	3
1960	2248	5
1960	2312	4
1960	2313	4
1960	2391	4
1960	2396	3
1960	2501	5
1960	2580	3
1960	2692	1
1960	2716	3
1960	2734	3
1960	2739	4
1960	2745	5
1960	2761	5
1960	2804	5
1960	2915	3
1960	2917	5
1960	2997	5
1960	3019	4
1960	3068	4
1960	3072	5
1960	3088	4
1960	3112	5
1960	3135	5
1960	3159	1
1960	3256	4
1960	3405	4
1960	3418	5
1960	3510	1
1960	3552	5
1960	3608	4
1960	3684	4
1960	3685	3
1960	3811	5
1960	3893	1
1971	36	4
1971	110	5
1971	318	5
1971	381	5
1971	527	5
1971	866	1
1971	1028	4
1971	1234	5
1971	1704	5
1971	1923	5
1971	2336	4
1971	2396	5
1971	2551	4
1971	2804	5
1971	3006	4
1971	3299	3
1971	3578	3
1975	34	5
1975	216	5
1975	837	1
1975	982	2
1975	986	1
1975	1042	5
1975	1201	5
1975	1223	5
1975	1449	5
1975	1914	5
1975	1923	4
1975	2396	3
1975	2951	5
1975	2997	5
1975	3062	3
1975	3114	5
1975	3253	5
1975	3367	4
1975	3508	5
1975	3671	4
1975	3836	4
1977	720	4
1977	910	3
1977	942	5
1977	945	4
1977	1024	4
1977	1025	3
1977	1136	4
1977	1230	5
1977	1252	5
1977	1276	4
1977	1617	2
1977	1963	2
1977	2018	3
1977	2023	3
1977	2080	3
1977	2138	2
1977	2142	3
1977	2238	5
1977	2396	4
1977	2899	3
1977	2997	5
1977	3037	3
1977	3159	3
1977	3334	4
1977	3362	4
1977	3429	5
1977	3819	5
1984	6	4
1984	17	2
1984	44	3
1984	70	4
1984	110	4
1984	111	4
1984	153	3
1984	246	5
1984	296	4
1984	300	4
1984	318	4
1984	329	4
1984	348	4
1984	351	4
1984	373	4
1984	465	2
1984	480	3
1984	497	4
1984	527	5
1984	529	5
1984	533	3
1984	535	5
1984	577	2
1984	608	4
1984	736	1
1984	780	4
1984	786	3
1984	836	3
1984	858	4
1984	886	3
1984	910	4
1984	914	4
1984	922	4
1984	924	3
1984	940	3
1984	953	2
1984	1084	4
1984	1136	4
1984	1193	2
1984	1198	5
1984	1201	5
1984	1204	4
1984	1213	4
1984	1214	3
1984	1222	3
1984	1225	4
1984	1227	5
1984	1228	3
1984	1230	4
1984	1234	4
1984	1252	4
1984	1258	3
1984	1275	5
1984	1276	5
1984	1277	3
1984	1287	4
1984	1293	4
1984	1356	4
1984	1372	4
1984	1374	4
1984	1387	4
1984	1391	4
1984	1393	4
1984	1408	2
1984	1411	5
1984	1431	3
1984	1432	3
1984	1438	1
1984	1466	3
1984	1499	2
1984	1573	4
1984	1580	4
1984	1606	3
1984	1610	4
1984	1616	2
1984	1617	4
1984	1641	2
1984	1699	4
1984	1704	3
1984	1722	3
1984	1834	4
1984	1912	3
1984	1916	3
1984	1917	1
1984	1947	4
1984	1949	3
1984	1950	3
1984	1953	4
1984	1954	2
1984	1982	3
1984	2018	4
1984	2023	5
1984	2105	5
1984	2132	3
1984	2193	3
1984	2248	4
1984	2289	5
1984	2322	3
1984	2329	4
1984	2347	3
1984	2353	4
1984	2391	3
1984	2395	3
1984	2490	3
1984	2501	3
1984	2529	3
1984	2549	2
1984	2600	3
1984	2617	4
1984	2640	5
1984	2701	2
1984	2712	4
1984	2761	3
1984	2890	4
1984	2916	4
1984	2917	4
1984	2997	4
1984	3006	4
1984	3039	4
1984	3061	3
1984	3072	3
1984	3104	4
1984	3178	4
1984	3252	4
1984	3362	4
1984	3409	4
1984	3421	4
1984	3424	5
1984	3438	4
1984	3461	2
1984	3510	3
1984	3552	3
1984	3671	4
1984	3685	4
1984	3702	2
1984	3753	4
1984	3760	3
1984	3882	2
1984	3952	4
1999	34	2
1999	480	4
1999	593	5
1999	903	4
1999	922	4
1999	924	3
1999	968	5
1999	1028	4
1999	1079	4
1999	1104	3
1999	1130	3
1999	1136	4
1999	1193	5
1999	1200	5
1999	1204	4
1999	1206	3
1999	1214	5
1999	1252	3
1999	1278	4
1999	1340	4
1999	1346	3
1999	1347	4
1999	1356	4
1999	1387	4
1999	1407	3
1999	1974	4
1999	1982	5
1999	1994	5
1999	1997	5
1999	2529	3
1999	2617	5
1999	2635	4
1999	2649	3
1999	2651	2
1999	2664	3
1999	2795	5
1999	2804	4
1999	3063	3
1999	3072	4
1999	3362	4
1999	3421	4
1999	3471	5
1999	3499	5
1999	3671	4
2003	34	5
2003	262	5
2003	595	4
2003	709	3
2003	783	5
2003	1017	4
2003	1019	4
2003	1028	5
2003	1029	4
2003	1030	4
2003	1032	5
2003	1367	5
2003	1566	5
2003	1688	5
2003	1702	5
2003	2018	3
2003	2057	4
2003	2078	4
2003	2081	5
2003	2161	5
2003	2761	3
2003	3034	4
2003	3114	5
2003	3157	4
2003	3615	4
2004	256	5
2004	329	4
2004	480	2
2004	529	3
2004	546	4
2004	924	3
2004	968	3
2004	1373	3
2004	1374	5
2004	1391	5
2004	1396	5
2004	1580	5
2004	1762	2
2004	1779	2
2004	1882	5
2004	1917	4
2004	2009	3
2004	2010	4
2004	2012	5
2004	2021	4
2004	2046	5
2004	2105	3
2004	2311	3
2004	2408	3
2004	2526	3
2004	2529	5
2004	2530	4
2004	2531	4
2004	2532	4
2004	2533	4
2004	2549	4
2004	2640	5
2004	2642	4
2004	2664	3
2004	2701	4
2004	2804	5
2004	3033	4
2004	3175	5
2004	3354	3
2004	3401	3
2004	3638	3
2004	3675	2
2004	3702	4
2004	3745	4
2004	3793	5
2004	3926	4
2004	3927	4
2004	3931	3
2016	34	5
2016	110	4
2016	153	4
2016	157	3
2016	158	4
2016	161	4
2016	222	4
2016	339	4
2016	348	3
2016	410	4
2016	415	3
2016	434	4
2016	477	4
2016	480	5
2016	494	4
2016	588	4
2016	595	3
2016	610	4
2016	653	3
2016	720	5
2016	736	4
2016	779	2
2016	780	5
2016	786	3
2016	858	4
2016	861	3
2016	903	5
2016	909	4
2016	911	4
2016	924	5
2016	926	4
2016	932	3
2016	940	4
2016	952	5
2016	969	5
2016	971	4
2016	1019	4
2016	1020	4
2016	1024	5
2016	1029	5
2016	1032	3
2016	1059	4
2016	1084	3
2016	1092	4
2016	1094	5
2016	1171	4
2016	1198	5
2016	1200	4
2016	1206	3
2016	1214	4
2016	1225	5
2016	1230	5
2016	1252	4
2016	1276	4
2016	1277	5
2016	1278	5
2016	1287	4
2016	1292	4
2016	1295	4
2016	1333	4
2016	1339	2
2016	1356	4
2016	1367	4
2016	1374	4
2016	1408	4
2016	1419	5
2016	1562	4
2016	1573	5
2016	1580	5
2016	1610	4
2016	1616	4
2016	1674	4
2016	1690	3
2016	1722	4
2016	1772	2
2016	1835	5
2016	1883	4
2016	1942	4
2016	1947	5
2016	1954	4
2016	1957	5
2016	2011	3
2016	2012	3
2016	2015	4
2016	2018	4
2016	2058	5
2016	2078	3
2016	2080	4
2016	2081	3
2016	2105	4
2016	2130	3
2016	2132	4
2016	2153	2
2016	2193	3
2016	2245	4
2016	2262	3
2016	2266	4
2016	2353	4
2016	2359	5
2016	2407	5
2016	2408	4
2016	2424	4
2016	2471	4
2016	2474	5
2016	2529	4
2016	2530	4
2016	2531	4
2016	2532	4
2016	2533	4
2016	2539	4
2016	2583	5
2016	2617	4
2016	2701	3
2016	2739	5
2016	2763	4
2016	2804	4
2016	2862	4
2016	2870	4
2016	2899	5
2016	2916	3
2016	2919	4
2016	2951	4
2016	2967	5
2016	2971	5
2016	2997	3
2016	3039	4
2016	3058	4
2016	3062	4
2016	3148	4
2016	3211	4
2016	3253	4
2016	3256	4
2016	3263	4
2016	3274	4
2016	3326	3
2016	3359	3
2016	3405	4
2016	3406	4
2016	3418	4
2016	3471	5
2016	3545	4
2016	3546	3
2016	3578	5
2016	3633	4
2016	3654	4
2016	3671	4
2016	3675	4
2016	3700	3
2016	3702	3
2016	3729	3
2016	3793	2
2016	3858	3
2016	3873	5
2016	3893	4
2016	3924	3
2016	3926	3
2016	3927	3
2016	3928	3
2016	3929	3
2016	3932	4
2016	3943	4
2017	10	4
2017	34	5
2017	70	2
2017	95	2
2017	161	5
2017	296	4
2017	303	4
2017	318	5
2017	329	4
2017	376	4
2017	434	4
2017	454	5
2017	457	5
2017	480	4
2017	527	5
2017	533	4
2017	546	2
2017	590	4
2017	593	5
2017	608	5
2017	653	3
2017	736	5
2017	780	5
2017	836	5
2017	1092	4
2017	1094	5
2017	1265	5
2017	1372	4
2017	1379	3
2017	1393	4
2017	1485	4
2017	1562	4
2017	1573	3
2017	1590	2
2017	1610	5
2017	1617	5
2017	1704	5
2017	1722	4
2017	1882	3
2017	1917	4
2017	2353	3
2017	2617	3
2017	2826	2
2017	2890	4
2017	2916	4
2017	3107	5
2017	3256	4
2017	3267	3
2017	3418	4
2017	3476	4
2018	34	4
2018	36	4
2018	52	3
2018	71	1
2018	111	5
2018	231	3
2018	235	5
2018	282	4
2018	293	3
2018	300	4
2018	303	2
2018	318	5
2018	339	3
2018	342	4
2018	348	4
2018	459	3
2018	500	3
2018	515	5
2018	527	5
2018	536	4
2018	580	4
2018	587	4
2018	590	4
2018	593	4
2018	608	5
2018	736	3
2018	786	3
2018	858	5
2018	866	4
2018	880	2
2018	901	5
2018	903	4
2018	908	5
2018	909	4
2018	910	3
2018	911	5
2018	915	4
2018	916	5
2018	922	5
2018	924	5
2018	929	5
2018	931	3
2018	933	3
2018	943	4
2018	945	4
2018	953	4
2018	969	4
2018	986	4
2018	1057	4
2018	1066	4
2018	1068	4
2018	1078	5
2018	1079	5
2018	1084	4
2018	1086	4
2018	1136	4
2018	1178	5
2018	1193	5
2018	1198	5
2018	1204	5
2018	1213	4
2018	1214	5
2018	1220	1
2018	1222	3
2018	1225	4
2018	1228	4
2018	1230	4
2018	1234	5
2018	1237	5
2018	1238	5
2018	1251	4
2018	1252	5
2018	1258	4
2018	1265	4
2018	1272	4
2018	1276	5
2018	1278	5
2018	1283	3
2018	1292	5
2018	1340	5
2018	1357	4
2018	1387	4
2018	1391	1
2018	1414	4
2018	1441	3
2018	1449	4
2018	1542	4
2018	1621	3
2018	1633	4
2018	1665	4
2018	1674	5
2018	1721	5
2018	1784	4
2018	1874	3
2018	1892	3
2018	1927	5
2018	1935	5
2018	1936	5
2018	1937	4
2018	1938	4
2018	1950	5
2018	1953	5
2018	1954	4
2018	1955	4
2018	1957	5
2018	1962	5
2018	1963	5
2018	1982	4
2018	1997	4
2018	2001	4
2018	2023	3
2018	2024	3
2018	2059	3
2018	2100	4
2018	2112	3
2018	2130	3
2018	2178	4
2018	2184	4
2018	2203	5
2018	2204	5
2018	2208	5
2018	2210	5
2018	2211	5
2018	2212	4
2018	2221	4
2018	2245	4
2018	2247	3
2018	2249	3
2018	2265	1
2018	2266	2
2018	2287	4
2018	2293	3
2018	2316	2
2018	2346	3
2018	2359	5
2018	2407	4
2018	2416	4
2018	2424	4
2018	2468	1
2018	2501	4
2018	2529	4
2018	2583	4
2018	2639	1
2018	2640	4
2018	2647	3
2018	2649	5
2018	2650	3
2018	2664	4
2018	2712	4
2018	2731	4
2018	2739	4
2018	2761	3
2018	2764	5
2018	2788	5
2018	2795	4
2018	2796	3
2018	2804	4
2018	2819	4
2018	2829	3
2018	2871	5
2018	2877	3
2018	2932	4
2018	2952	5
2018	2953	3
2018	2981	4
2018	3020	3
2018	3022	4
2018	3033	1
2018	3037	4
2018	3061	4
2018	3062	5
2018	3068	5
2018	3072	4
2018	3086	3
2018	3088	4
2018	3135	5
2018	3141	3
2018	3148	3
2018	3196	4
2018	3198	3
2018	3203	4
2018	3244	4
2018	3247	4
2018	3253	3
2018	3255	4
2018	3256	4
2018	3269	4
2018	3359	4
2018	3362	5
2018	3365	4
2018	3388	3
2018	3391	1
2018	3404	5
2018	3405	5
2018	3418	4
2018	3421	4
2018	3430	3
2018	3436	1
2018	3467	4
2018	3468	4
2018	3471	5
2018	3500	3
2018	3551	4
2018	3552	4
2018	3618	4
2018	3634	5
2018	3654	5
2018	3671	5
2018	3675	5
2018	3685	4
2018	3716	1
2018	3728	4
2018	3736	4
2018	3737	5
2018	3738	4
2018	3789	4
2018	3836	4
2018	3844	4
2018	3849	4
2018	3869	3
2018	3932	5
2022	6	4
2022	36	3
2022	110	4
2022	111	2
2022	180	4
2022	235	1
2022	247	2
2022	296	5
2022	318	5
2022	339	3
2022	457	5
2022	480	4
2022	527	5
2022	587	4
2022	588	3
2022	593	5
2022	595	5
2022	608	3
2022	780	4
2022	910	1
2022	924	4
2022	926	3
2022	953	5
2022	969	2
2022	1198	5
2022	1200	4
2022	1206	3
2022	1214	5
2022	1230	4
2022	1265	4
2022	1387	5
2022	1393	5
2022	1396	3
2022	1569	4
2022	1573	4
2022	1580	3
2022	1610	5
2022	1617	4
2022	1639	4
2022	1673	5
2022	1674	3
2022	1704	5
2022	1721	5
2022	1747	1
2022	1784	4
2022	1797	4
2022	1883	2
2022	1912	5
2022	1923	5
2022	1927	3
2022	1954	5
2022	1994	4
2022	2012	4
2022	2058	3
2022	2248	3
2022	2302	5
2022	2329	5
2022	2353	3
2022	2391	2
2022	2396	5
2022	2600	4
2022	2617	4
2022	2804	5
2022	2844	4
2022	2890	5
2022	2912	4
2022	2916	4
2022	2950	4
2022	2997	3
2022	3033	3
2022	3176	3
2022	3203	4
2022	3256	5
2022	3267	4
2022	3317	4
2022	3471	5
2022	3489	3
2022	3527	3
2022	3555	4
2022	3578	4
2022	3844	1
2022	3893	3
2022	3952	4
2037	593	5
2037	1875	5
2037	2769	3
2037	3467	4
2037	3879	1
2037	3880	1
2037	3893	5
2037	3896	1
2037	3898	2
2037	3952	4
2048	110	5
2048	908	5
2048	1252	5
2048	1580	4
2048	1617	5
2048	1957	5
2048	2624	3
2048	3300	2
2048	3409	4
2048	3450	4
2048	3513	5
2048	3555	4
2048	3753	5
2048	3942	4
2049	111	5
2049	151	2
2049	858	5
2049	905	5
2049	910	5
2049	916	5
2049	945	4
2049	1041	5
2049	1213	4
2049	1230	4
2049	1252	3
2049	2019	4
2049	2132	2
2049	3811	4
2049	3952	4
2051	6	5
2051	10	4
2051	22	4
2051	34	5
2051	42	2
2051	70	3
2051	76	3
2051	110	5
2051	145	2
2051	151	4
2051	153	2
2051	161	3
2051	163	4
2051	170	2
2051	198	3
2051	247	4
2051	293	5
2051	296	5
2051	303	3
2051	318	5
2051	326	4
2051	329	4
2051	425	3
2051	434	3
2051	446	4
2051	457	5
2051	480	5
2051	493	4
2051	494	3
2051	511	2
2051	527	4
2051	532	2
2051	555	4
2051	608	5
2051	647	4
2051	662	1
2051	707	2
2051	780	4
2051	866	4
2051	999	3
2051	1034	4
2051	1094	3
2051	1178	4
2051	1183	4
2051	1213	5
2051	1215	4
2051	1265	4
2051	1277	4
2051	1356	4
2051	1372	4
2051	1391	2
2051	1393	4
2051	1396	4
2051	1408	5
2051	1466	5
2051	1472	3
2051	1480	2
2051	1488	3
2051	1501	1
2051	1570	2
2051	1573	4
2051	1580	5
2051	1598	1
2051	1601	2
2051	1606	1
2051	1610	5
2051	1617	5
2051	1639	4
2051	1647	1
2051	1690	2
2051	1721	3
2051	1722	4
2051	1729	5
2051	1769	4
2051	1785	3
2051	1788	5
2051	1791	3
2051	1792	3
2051	1804	1
2051	1912	5
2051	1917	2
2051	1918	4
2051	2012	4
2051	2023	4
2051	2058	3
2051	2112	3
2051	2159	3
2051	2278	4
2051	2280	2
2051	2281	2
2051	2322	3
2051	2353	4
2051	2391	4
2051	2580	4
2051	2600	3
2051	2617	5
2051	2692	4
2051	2722	3
2051	2763	4
2051	2826	2
2051	2890	3
2051	2912	4
2051	2916	5
2051	2952	4
2051	2986	1
2051	3100	4
2051	3107	3
2051	3175	4
2051	3247	1
2051	3256	4
2051	3272	3
2051	3300	3
2051	3325	1
2051	3354	2
2051	3418	4
2051	3510	3
2051	3513	2
2051	3555	2
2051	3594	1
2051	3596	1
2051	3753	3
2051	3786	2
2054	10	3
2054	44	4
2054	110	4
2054	147	1
2054	153	2
2054	158	2
2054	161	4
2054	173	3
2054	180	5
2054	293	4
2054	296	2
2054	303	4
2054	318	5
2054	329	3
2054	372	3
2054	434	3
2054	479	2
2054	480	5
2054	546	1
2054	588	4
2054	593	4
2054	595	2
2054	608	5
2054	610	2
2054	647	2
2054	653	4
2054	697	3
2054	736	4
2054	741	3
2054	785	5
2054	798	3
2054	832	4
2054	849	2
2054	1025	3
2054	1042	4
2054	1059	1
2054	1060	4
2054	1079	4
2054	1136	4
2054	1198	5
2054	1206	2
2054	1213	3
2054	1214	5
2054	1215	5
2054	1220	3
2054	1223	4
2054	1238	4
2054	1257	4
2054	1261	5
2054	1265	4
2054	1275	4
2054	1278	5
2054	1288	5
2054	1292	3
2054	1297	4
2054	1356	4
2054	1372	3
2054	1373	2
2054	1374	4
2054	1393	3
2054	1396	4
2054	1449	5
2054	1485	3
2054	1542	4
2054	1562	1
2054	1566	2
2054	1580	4
2054	1606	2
2054	1617	5
2054	1639	5
2054	1641	4
2054	1673	4
2054	1704	5
2054	1747	3
2054	1769	3
2054	1779	2
2054	1833	3
2054	1845	3
2054	1895	3
2054	1916	3
2054	1917	4
2054	1918	3
2054	1920	3
2054	1923	5
2054	1967	3
2054	1982	3
2054	1997	3
2054	2001	4
2054	2100	3
2054	2105	5
2054	2125	1
2054	2153	1
2054	2161	2
2054	2193	4
2054	2245	2
2054	2322	3
2054	2329	3
2054	2395	4
2054	2405	3
2054	2617	4
2054	2640	5
2054	2642	3
2054	2716	5
2054	2735	3
2054	2746	2
2054	2761	5
2054	2770	5
2054	2788	4
2054	2795	4
2054	2804	4
2054	2822	2
2054	2871	4
2054	2916	4
2054	2997	3
2054	3020	3
2054	3033	3
2054	3034	3
2054	3039	4
2054	3104	3
2054	3107	3
2054	3114	5
2054	3175	5
2054	3178	3
2054	3253	5
2054	3255	5
2054	3263	3
2054	3269	3
2054	3300	3
2054	3354	3
2054	3362	2
2054	3390	1
2054	3438	4
2054	3450	5
2054	3468	4
2054	3471	4
2054	3477	4
2054	3489	3
2054	3500	2
2054	3578	5
2054	3608	3
2054	3615	3
2054	3671	5
2054	3698	3
2054	3702	4
2054	3740	4
2054	3745	2
2054	3753	4
2054	3793	5
2054	3821	3
2066	34	2
2066	110	5
2066	318	4
2066	329	4
2066	357	5
2066	480	4
2066	858	3
2066	1356	4
2066	1372	4
2066	1580	5
2066	1665	4
2066	3175	4
2066	3252	5
2066	3404	3
2066	3578	5
2069	110	3
2069	189	5
2069	342	4
2069	480	5
2069	707	3
2069	728	5
2069	858	4
2069	908	5
2069	910	5
2069	1171	4
2069	1251	4
2069	1265	3
2069	1580	4
2069	1617	4
2069	1641	4
2069	1747	4
2069	1783	4
2069	1784	3
2069	2100	3
2069	2105	3
2069	2289	5
2069	2396	4
2069	3255	4
2069	3334	4
2069	3406	4
2069	3468	3
2069	3479	4
2069	3753	3
2069	3789	3
2069	3922	2
2069	3926	3
2069	3927	3
2069	3932	4
2070	6	5
2070	36	5
2070	110	5
2070	144	4
2070	246	5
2070	296	5
2070	318	5
2070	457	5
2070	527	5
2070	529	5
2070	588	4
2070	590	5
2070	593	5
2070	608	5
2070	653	3
2070	736	3
2070	780	3
2070	858	5
2070	1136	5
2070	1204	5
2070	1206	5
2070	1213	5
2070	1265	5
2070	1396	5
2070	1573	3
2070	1580	5
2070	1605	3
2070	1617	5
2070	1641	5
2070	1704	4
2070	1888	2
2070	1923	5
2070	2278	5
2070	2336	5
2070	2359	5
2070	2395	5
2070	2396	5
2070	2501	5
2070	2617	4
2070	2908	5
2070	2916	5
2070	2997	5
2070	3006	5
2070	3175	4
2070	3317	5
2070	3418	5
2070	3510	5
2070	3513	3
2070	3578	4
2070	3753	4
2070	3893	4
2070	3952	5
2076	608	5
2076	1057	4
2076	1078	4
2076	1230	4
2076	1760	3
2076	1784	4
2076	1895	2
2076	1963	5
2076	1997	4
2076	2011	4
2076	2012	4
2076	2195	3
2076	2395	3
2076	2485	1
2076	2580	3
2076	2712	3
2076	2716	5
2076	2729	3
2076	2840	1
2076	2908	5
2076	2976	4
2076	2997	5
2076	3159	4
2076	3317	4
2076	3471	5
2076	3569	4
2076	3616	1
2076	3618	3
2076	3744	3
2076	3747	4
2076	3754	4
2076	3783	4
2076	3786	4
2076	3812	4
2076	3882	2
2076	3900	3
2076	3910	5
2076	3952	3
2082	10	4
2082	34	3
2082	110	4
2082	216	5
2082	457	4
2082	593	5
2082	849	3
2082	886	5
2082	1015	4
2082	1136	5
2082	1215	4
2082	1265	4
2082	1356	4
2082	1431	5
2082	1485	5
2082	1610	4
2082	1617	4
2082	1704	5
2082	1753	5
2082	1887	5
2082	1923	5
2082	2396	3
2082	2501	5
2082	2997	5
2082	3006	4
2082	3114	4
2082	3178	4
2082	3578	5
2082	3646	4
2082	3793	5
2085	5	5
2085	19	4
2085	54	3
2085	63	4
2085	64	3
2085	65	4
2085	70	5
2085	75	3
2085	144	3
2085	153	1
2085	174	4
2085	180	5
2085	186	3
2085	203	3
2085	235	5
2085	276	2
2085	312	2
2085	317	4
2085	325	4
2085	333	5
2085	352	2
2085	355	2
2085	371	3
2085	372	4
2085	410	2
2085	415	3
2085	419	3
2085	432	1
2085	441	5
2085	444	4
2085	466	2
2085	476	3
2085	480	3
2085	489	3
2085	500	5
2085	505	3
2085	513	4
2085	518	4
2085	532	4
2085	587	4
2085	588	4
2085	743	2
2085	784	5
2085	785	5
2085	830	4
2085	840	4
2085	870	2
2085	1042	5
2085	1057	3
2085	1126	3
2085	1171	5
2085	1261	4
2085	1265	5
2085	1379	4
2085	1391	5
2085	1431	4
2085	1441	3
2085	1445	3
2085	1453	1
2085	1457	3
2085	1485	4
2085	1542	3
2085	1580	5
2085	1639	5
2085	1646	5
2085	1665	4
2085	1689	3
2085	1702	4
2085	1731	3
2085	1747	5
2085	1760	2
2085	1772	4
2085	1784	5
2085	1837	3
2085	1854	4
2085	1863	2
2085	1887	4
2085	1895	4
2085	1916	4
2085	1918	5
2085	2004	2
2085	2012	3
2085	2036	2
2085	2053	2
2085	2060	5
2085	2249	3
2085	2395	5
2085	2424	5
2085	2456	3
2085	2500	4
2085	2531	3
2085	2567	5
2085	2574	3
2085	2597	4
2085	2606	5
2085	2770	4
2085	2798	3
2085	2860	5
2085	2953	2
2085	2997	5
2085	3114	5
2085	3146	5
2085	3157	4
2085	3243	3
2085	3247	2
2085	3253	5
2085	3255	4
2085	3354	3
2085	3409	5
2085	3450	5
2085	3463	2
2085	3477	4
2085	3510	4
2085	3544	2
2085	3596	5
2085	3753	4
2085	3786	4
2085	3841	4
2085	3869	3
2085	3928	4
2087	70	3
2087	110	5
2087	201	2
2087	480	5
2087	908	4
2087	1230	3
2087	1390	4
2087	1580	4
2087	1673	4
2087	1973	2
2087	2399	2
2087	2456	2
2087	3354	1
2087	3409	2
2087	3450	4
2087	3510	4
2087	3555	4
2087	3596	1
2087	3753	4
2087	3786	3
2087	3893	5
2092	10	2
2092	17	2
2092	36	4
2092	41	5
2092	52	4
2092	111	3
2092	144	4
2092	161	3
2092	235	4
2092	296	5
2092	300	4
2092	307	4
2092	308	4
2092	312	2
2092	318	4
2092	329	2
2092	334	3
2092	348	3
2092	357	3
2092	372	2
2092	379	2
2092	434	3
2092	448	4
2092	457	3
2092	466	3
2092	480	3
2092	518	2
2092	527	4
2092	529	4
2092	535	3
2092	587	4
2092	588	3
2092	590	4
2092	593	4
2092	595	5
2092	608	5
2092	610	2
2092	635	3
2092	647	5
2092	668	3
2092	681	4
2092	707	3
2092	736	1
2092	780	4
2092	830	2
2092	838	2
2092	849	2
2092	858	5
2092	901	2
2092	903	3
2092	905	4
2092	908	5
2092	909	3
2092	910	5
2092	911	3
2092	914	4
2092	915	4
2092	922	3
2092	924	5
2092	929	3
2092	933	4
2092	934	2
2092	938	2
2092	940	4
2092	942	5
2092	943	4
2092	952	3
2092	953	4
2092	969	5
2092	970	2
2092	971	3
2092	1013	3
2092	1019	5
2092	1020	2
2092	1028	3
2092	1029	4
2092	1042	5
2092	1050	3
2092	1057	4
2092	1078	5
2092	1079	3
2092	1083	3
2092	1084	5
2092	1086	4
2092	1094	3
2092	1096	5
2092	1104	2
2092	1135	1
2092	1136	5
2092	1161	4
2092	1171	3
2092	1178	5
2092	1193	3
2092	1198	5
2092	1199	5
2092	1200	3
2092	1201	3
2092	1204	4
2092	1206	5
2092	1213	5
2092	1214	4
2092	1220	5
2092	1222	5
2092	1223	3
2092	1225	5
2092	1226	2
2092	1227	3
2092	1230	4
2092	1234	5
2092	1237	5
2092	1238	5
2092	1242	5
2092	1251	3
2092	1252	5
2092	1258	3
2092	1264	3
2092	1265	5
2092	1272	4
2092	1275	2
2092	1276	4
2092	1278	5
2092	1283	5
2092	1287	3
2092	1288	3
2092	1289	2
2092	1292	2
2092	1293	3
2092	1297	4
2092	1333	3
2092	1356	3
2092	1372	3
2092	1373	2
2092	1374	3
2092	1387	4
2092	1391	5
2092	1393	4
2092	1394	4
2092	1396	2
2092	1408	1
2092	1419	5
2092	1425	4
2092	1466	4
2092	1480	4
2092	1485	2
2092	1513	5
2092	1542	3
2092	1573	3
2092	1580	3
2092	1610	4
2092	1617	5
2092	1641	3
2092	1660	4
2092	1674	4
2092	1680	4
2092	1689	1
2092	1704	4
2092	1721	2
2092	1729	4
2092	1747	2
2092	1772	2
2092	1784	3
2092	1804	4
2092	1845	3
2092	1875	3
2092	1912	4
2092	1917	3
2092	1923	3
2092	1925	4
2092	1927	3
2092	1931	5
2092	1935	4
2092	1938	4
2092	1942	5
2092	1947	3
2092	1949	3
2092	1950	3
2092	1953	3
2092	1955	4
2092	1957	5
2092	1962	3
2092	1963	3
2092	2001	3
2092	2009	3
2092	2010	3
2092	2015	4
2092	2018	5
2092	2021	1
2092	2046	2
2092	2058	3
2092	2080	3
2092	2081	3
2092	2100	3
2092	2105	3
2092	2110	3
2092	2112	4
2092	2130	4
2092	2132	3
2092	2178	4
2092	2183	5
2092	2184	3
2092	2202	4
2092	2204	4
2092	2246	3
2092	2247	4
2092	2252	4
2092	2278	3
2092	2287	3
2092	2289	4
2092	2295	4
2092	2302	3
2092	2336	4
2092	2346	3
2092	2349	4
2092	2369	1
2092	2391	4
2092	2395	4
2092	2396	3
2092	2405	3
2092	2407	3
2092	2416	5
2092	2424	3
2092	2468	3
2092	2469	5
2092	2501	5
2092	2520	3
2092	2529	3
2092	2535	2
2092	2539	3
2092	2567	3
2092	2640	3
2092	2664	4
2092	2670	4
2092	2716	5
2092	2735	2
2092	2739	4
2092	2752	4
2092	2764	3
2092	2770	3
2092	2788	4
2092	2804	4
2092	2815	2
2092	2816	2
2092	2870	2
2092	2871	5
2092	2883	3
2092	2889	2
2092	2890	3
2092	2896	4
2092	2915	3
2092	2916	3
2092	2917	5
2092	2932	5
2092	2971	5
2092	2983	4
2092	2993	3
2092	2997	2
2092	3022	3
2092	3028	3
2092	3033	1
2092	3037	3
2092	3044	3
2092	3047	4
2092	3061	2
2092	3062	3
2092	3072	4
2092	3088	4
2092	3100	4
2092	3104	3
2092	3135	4
2092	3144	3
2092	3175	5
2092	3196	5
2092	3198	4
2092	3244	3
2092	3247	3
2092	3253	2
2092	3255	4
2092	3256	4
2092	3263	3
2092	3267	3
2092	3304	4
2092	3308	4
2092	3317	4
2092	3334	5
2092	3345	2
2092	3359	5
2092	3362	3
2092	3365	5
2092	3372	3
2092	3379	5
2092	3404	3
2092	3405	5
2092	3406	4
2092	3421	4
2092	3450	3
2092	3461	3
2092	3466	5
2092	3467	4
2092	3468	4
2092	3471	5
2092	3476	4
2092	3479	2
2092	3487	2
2092	3489	3
2092	3499	5
2092	3501	4
2092	3505	4
2092	3506	2
2092	3510	3
2092	3513	4
2092	3521	4
2092	3524	1
2092	3527	3
2092	3545	3
2092	3551	3
2092	3552	3
2092	3555	4
2092	3608	3
2092	3618	4
2092	3633	2
2092	3634	3
2092	3635	3
2092	3638	3
2092	3654	4
2092	3671	5
2092	3675	3
2092	3678	3
2092	3685	4
2092	3698	2
2092	3700	4
2092	3702	3
2092	3703	3
2092	3712	2
2092	3728	3
2092	3733	5
2092	3737	5
2092	3738	4
2092	3740	3
2092	3766	2
2092	3789	3
2092	3791	3
2092	3811	5
2092	3812	5
2092	3816	4
2092	3819	3
2092	3834	2
2092	3841	4
2092	3869	3
2092	3872	3
2092	3873	3
2092	3893	4
2092	3927	3
2092	3929	5
2092	3937	4
2092	3952	4
2095	24	3
2095	110	4
2095	1513	1
2095	1721	5
2095	2336	5
2095	2396	4
2095	2546	3
2095	2598	3
2095	2670	4
2095	2690	4
2095	2701	3
2095	2716	3
2095	2734	2
2095	2770	3
2095	2771	3
2095	2976	1
2095	2997	4
2095	3005	3
2095	3072	5
2095	3157	4
2095	3176	3
2095	3185	1
2095	3219	3
2095	3326	4
2095	3450	4
2095	3510	4
2095	3555	3
2095	3578	4
2095	3618	4
2095	3744	3
2095	3753	4
2095	3798	4
2100	10	3
2100	52	3
2100	144	3
2100	203	4
2100	216	4
2100	222	4
2100	235	4
2100	317	3
2100	318	5
2100	333	4
2100	339	4
2100	342	3
2100	351	4
2100	357	4
2100	372	4
2100	441	5
2100	454	3
2100	457	4
2100	476	2
2100	480	3
2100	497	3
2100	500	3
2100	527	4
2100	532	4
2100	550	4
2100	574	4
2100	587	3
2100	588	4
2100	593	5
2100	595	5
2100	608	4
2100	628	5
2100	635	3
2100	709	3
2100	783	3
2100	784	1
2100	785	3
2100	832	4
2100	833	3
2100	914	5
2100	1020	3
2100	1025	3
2100	1028	5
2100	1029	5
2100	1030	3
2100	1031	4
2100	1032	3
2100	1042	3
2100	1059	4
2100	1088	5
2100	1183	3
2100	1193	5
2100	1200	4
2100	1206	4
2100	1214	4
2100	1242	4
2100	1265	2
2100	1367	3
2100	1390	4
2100	1393	3
2100	1398	3
2100	1407	4
2100	1408	4
2100	1441	4
2100	1457	4
2100	1485	4
2100	1498	4
2100	1513	3
2100	1566	3
2100	1569	4
2100	1610	4
2100	1617	4
2100	1639	4
2100	1688	4
2100	1704	4
2100	1784	4
2100	1880	5
2100	1883	4
2100	1888	4
2100	1895	2
2100	1912	3
2100	1923	5
2100	1947	5
2100	2018	5
2100	2058	4
2100	2078	5
2100	2080	5
2100	2081	4
2100	2083	4
2100	2123	4
2100	2138	5
2100	2161	4
2100	2278	2
2100	2302	4
2100	2396	3
2100	2424	4
2100	2558	4
2100	2567	4
2100	2581	4
2100	2709	5
2100	2746	5
2100	2883	3
2100	2978	3
2100	2997	4
2100	3034	4
2100	3114	4
2100	3142	4
2100	3159	4
2100	3176	2
2100	3243	3
2100	3247	4
2100	3253	3
2100	3255	4
2100	3263	3
2100	3299	4
2100	3325	4
2100	3409	3
2100	3421	4
2100	3513	3
2100	3602	4
2100	3712	3
2100	3798	4
2104	19	1
2104	296	5
2104	410	2
2104	858	3
2104	924	2
2104	969	4
2104	1214	3
2104	1225	5
2104	1251	5
2104	1352	3
2104	1499	3
2104	1690	3
2104	1784	4
2104	1917	3
2104	1923	4
2104	2011	2
2104	2153	2
2104	2320	4
2104	2458	2
2104	2539	4
2104	2793	3
2104	3478	3
2104	3510	3
2104	3594	3
2104	3655	4
2104	3740	4
2104	3753	2
2104	3879	2
2111	858	5
2111	968	3
2111	1251	4
2111	1265	3
2111	1292	4
2111	1670	4
2111	1964	4
2111	2897	3
2111	3244	4
2111	3359	5
2113	70	4
2113	110	4
2113	111	5
2113	480	5
2113	891	1
2113	908	4
2113	1171	4
2113	1261	5
2113	1580	5
2113	1673	5
2113	1970	3
2113	1973	1
2113	2456	3
2113	2804	5
2113	3409	4
2113	3450	4
2113	3927	4
2113	3937	2
2123	222	4
2123	270	4
2123	339	4
2123	357	3
2123	362	5
2123	1057	3
2123	1265	5
2123	1393	4
2123	1453	4
2123	1457	5
2123	2125	5
2123	2424	4
2123	2506	5
2123	2558	4
2123	3436	5
2123	3450	3
2130	410	4
2130	480	3
2130	891	4
2130	1580	4
2130	1970	4
2130	1972	4
2130	1973	4
2130	1986	4
2130	2399	3
2130	3300	2
2130	3354	3
2130	3409	3
2130	3450	4
2130	3510	3
2130	3515	4
2130	3555	3
2130	3562	4
2130	3864	2
2130	3884	4
2130	3900	3
2130	3910	3
2130	3926	4
2130	3928	5
2130	3932	4
2130	3945	2
2131	31	3
2131	36	3
2131	44	2
2131	70	3
2131	95	2
2131	110	5
2131	163	4
2131	173	2
2131	232	4
2131	235	4
2131	293	4
2131	296	5
2131	318	4
2131	329	2
2131	379	3
2131	434	3
2131	457	4
2131	466	3
2131	477	3
2131	480	3
2131	494	3
2131	500	2
2131	512	2
2131	527	5
2131	532	4
2131	546	2
2131	555	3
2131	593	4
2131	606	2
2131	610	3
2131	736	4
2131	780	4
2131	849	2
2131	861	3
2131	891	2
2131	968	5
2131	1088	4
2131	1094	4
2131	1130	3
2131	1198	5
2131	1200	5
2131	1213	4
2131	1214	5
2131	1215	4
2131	1222	4
2131	1258	5
2131	1261	5
2131	1271	4
2131	1275	4
2131	1278	4
2131	1322	1
2131	1339	3
2131	1342	3
2131	1347	4
2131	1355	3
2131	1356	4
2131	1372	3
2131	1373	3
2131	1374	4
2131	1382	2
2131	1387	5
2131	1388	4
2131	1407	4
2131	1411	2
2131	1431	4
2131	1438	2
2131	1499	2
2131	1580	3
2131	1606	3
2131	1610	4
2131	1673	5
2131	1690	3
2131	1704	4
2131	1721	5
2131	1779	3
2131	1833	2
2131	1912	4
2131	1917	4
2131	1918	4
2131	1954	5
2131	1970	4
2131	1972	2
2131	1974	3
2131	1982	5
2131	1986	3
2131	1992	1
2131	1993	1
2131	1994	4
2131	1997	5
2131	1998	1
2131	2058	4
2131	2107	4
2131	2120	3
2131	2193	3
2131	2315	1
2131	2322	3
2131	2353	4
2131	2456	3
2131	2529	5
2131	2617	4
2131	2701	2
2131	2716	4
2131	2719	2
2131	2722	4
2131	2793	2
2131	2807	1
2131	2826	4
2131	2912	1
2131	2916	4
2131	2986	3
2131	2995	2
2131	2997	4
2131	3020	3
2131	3148	4
2131	3175	4
2131	3178	4
2131	3255	4
2131	3256	3
2131	3267	4
2131	3300	3
2131	3354	3
2131	3409	3
2131	3418	4
2131	3438	3
2131	3452	3
2131	3476	5
2131	3499	4
2131	3500	2
2131	3555	4
2131	3578	4
2131	3661	3
2131	3663	2
2131	3664	2
2131	3697	3
2131	3703	4
2131	3704	4
2131	3708	4
2131	3727	4
2131	3744	4
2131	3753	5
2131	3793	4
2131	3838	4
2131	3840	4
2131	3928	5
2133	70	3
2133	593	5
2133	1580	4
2133	1616	5
2133	3325	3
2133	3510	4
2133	3515	2
2133	3555	5
2133	3562	5
2133	3753	3
2137	24	4
2137	34	4
2137	480	5
2137	546	3
2137	671	4
2137	780	5
2137	1215	3
2137	1356	4
2137	1580	5
2137	1721	4
2137	1917	4
2137	2001	4
2137	2012	4
2137	2021	1
2137	2038	4
2137	2053	4
2137	2232	4
2137	2365	3
2137	2501	5
2137	2529	4
2137	2672	5
2137	2701	3
2137	2722	4
2137	3033	4
2137	3175	5
2137	3178	5
2137	3213	4
2137	3354	4
2137	3461	4
2137	3471	4
2137	3745	5
2137	3793	5
2137	3864	3
2138	24	1
2138	173	5
2138	256	5
2138	379	3
2138	480	5
2138	512	4
2138	546	5
2138	671	5
2138	780	5
2138	788	2
2138	880	1
2138	1215	4
2138	1391	1
2138	1573	4
2138	1690	2
2138	1779	2
2138	1862	4
2138	1882	4
2138	1917	5
2138	2053	4
2138	2125	5
2138	2322	4
2138	2701	3
2138	2722	5
2138	2916	5
2138	2986	5
2138	3175	5
2138	3269	3
2138	3697	2
2142	34	4
2142	36	4
2142	161	4
2142	318	5
2142	381	2
2142	454	4
2142	457	5
2142	527	3
2142	587	4
2142	593	5
2142	608	3
2142	736	3
2142	832	4
2142	858	5
2142	1084	4
2142	1092	2
2142	1265	4
2142	1393	4
2142	1407	2
2142	1573	4
2142	1580	3
2142	1610	4
2142	1616	2
2142	1617	5
2142	1661	4
2142	1671	3
2142	1704	4
2142	1747	3
2142	1784	4
2142	1923	5
2142	2278	2
2142	2391	3
2142	2490	2
2142	2916	2
2142	2952	4
2142	3005	2
2142	3255	4
2142	3256	3
2142	3274	3
2142	3362	4
2142	3418	4
2142	3476	2
2142	3551	3
2147	76	2
2147	111	5
2147	198	3
2147	246	3
2147	293	4
2147	296	5
2147	318	3
2147	329	3
2147	480	5
2147	588	4
2147	593	5
2147	595	4
2147	610	3
2147	709	3
2147	780	2
2147	788	4
2147	903	5
2147	1025	3
2147	1029	4
2147	1032	5
2147	1041	4
2147	1064	4
2147	1147	4
2147	1213	5
2147	1342	2
2147	1356	4
2147	1372	4
2147	1391	2
2147	1394	3
2147	1466	4
2147	1566	3
2147	1590	1
2147	1729	4
2147	1917	2
2147	1975	1
2147	2018	3
2147	2078	3
2147	2080	4
2147	2081	3
2147	2102	4
2147	2123	3
2147	2580	3
2147	2692	4
2147	2746	3
2147	2908	4
2147	2916	4
2147	3114	5
2147	3424	4
2151	110	3
2151	144	5
2151	480	5
2151	587	3
2151	908	5
2151	1171	1
2151	1673	1
2151	3421	1
2151	3714	1
2151	3926	1
2151	3927	1
2151	3928	5
2151	3929	5
2151	3932	3
2156	19	1
2156	20	2
2156	24	3
2156	36	4
2156	44	4
2156	70	2
2156	110	5
2156	147	4
2156	151	4
2156	158	3
2156	161	4
2156	231	3
2156	296	5
2156	318	5
2156	329	2
2156	333	4
2156	410	4
2156	432	2
2156	441	4
2156	480	4
2156	527	5
2156	532	4
2156	546	2
2156	588	4
2156	593	5
2156	595	4
2156	610	3
2156	653	3
2156	671	5
2156	720	4
2156	741	4
2156	780	3
2156	858	3
2156	880	1
2156	910	4
2156	924	2
2156	934	5
2156	986	1
2156	1008	3
2156	1013	2
2156	1014	1
2156	1017	3
2156	1019	3
2156	1024	2
2156	1028	3
2156	1029	3
2156	1032	3
2156	1079	5
2156	1088	4
2156	1126	1
2156	1136	5
2156	1150	4
2156	1198	5
2156	1200	4
2156	1206	5
2156	1215	4
2156	1217	5
2156	1223	4
2156	1228	4
2156	1258	4
2156	1261	4
2156	1265	4
2156	1276	4
2156	1278	5
2156	1356	4
2156	1372	3
2156	1374	4
2156	1387	3
2156	1391	3
2156	1394	4
2156	1431	2
2156	1485	3
2156	1487	2
2156	1516	4
2156	1573	3
2156	1580	3
2156	1673	3
2156	1689	3
2156	1690	2
2156	1721	1
2156	1753	4
2156	1779	3
2156	1835	2
2156	1882	1
2156	1895	4
2156	1962	4
2156	1997	4
2156	2001	4
2156	2009	3
2156	2011	4
2156	2019	5
2156	2021	4
2156	2038	2
2156	2046	3
2156	2078	3
2156	2081	4
2156	2093	3
2156	2097	4
2156	2105	4
2156	2118	4
2156	2120	4
2156	2121	3
2156	2123	3
2156	2151	3
2156	2193	4
2156	2195	3
2156	2252	3
2156	2315	2
2156	2329	5
2156	2346	4
2156	2351	3
2156	2373	3
2156	2471	4
2156	2500	3
2156	2539	3
2156	2580	4
2156	2640	3
2156	2664	4
2156	2735	3
2156	2739	4
2156	2746	4
2156	2772	4
2156	2781	2
2156	2826	4
2156	2871	4
2156	2915	3
2156	2997	4
2156	3033	3
2156	3062	3
2156	3088	5
2156	3146	1
2156	3159	3
2156	3252	5
2156	3253	4
2156	3308	3
2156	3388	3
2156	3421	2
2156	3438	3
2156	3450	2
2156	3476	4
2156	3489	4
2156	3527	5
2156	3552	4
2156	3638	3
2156	3702	4
2156	3708	3
2156	3729	4
2156	3766	3
2168	6	5
2168	10	5
2168	34	5
2168	52	5
2168	63	4
2168	65	2
2168	145	4
2168	157	3
2168	180	5
2168	203	4
2168	216	5
2168	231	5
2168	235	5
2168	300	5
2168	312	5
2168	317	1
2168	348	4
2168	372	1
2168	413	4
2168	429	4
2168	466	5
2168	500	3
2168	514	4
2168	518	5
2168	529	4
2168	538	5
2168	588	2
2168	595	2
2168	608	5
2168	635	4
2168	671	5
2168	736	5
2168	743	5
2168	784	4
2168	785	5
2168	788	5
2168	833	3
2168	837	5
2168	838	4
2168	910	4
2168	924	5
2168	953	5
2168	1020	3
2168	1042	2
2168	1059	5
2168	1060	5
2168	1078	5
2168	1079	5
2168	1136	5
2168	1193	3
2168	1199	5
2168	1225	5
2168	1230	5
2168	1234	5
2168	1265	3
2168	1276	5
2168	1278	5
2168	1288	5
2168	1292	3
2168	1293	5
2168	1367	1
2168	1394	5
2168	1419	2
2168	1425	4
2168	1441	2
2168	1449	5
2168	1485	4
2168	1566	2
2168	1569	2
2168	1580	5
2168	1617	5
2168	1639	5
2168	1640	4
2168	1641	5
2168	1649	5
2168	1665	4
2168	1673	3
2168	1702	2
2168	1747	5
2168	1760	1
2168	1784	5
2168	1797	5
2168	1827	5
2168	1845	5
2168	1863	4
2168	1875	2
2168	1883	5
2168	1895	2
2168	1912	5
2168	1914	4
2168	1923	5
2168	1953	5
2168	1955	3
2168	2027	5
2168	2110	5
2168	2111	5
2168	2142	2
2168	2195	4
2168	2282	2
2168	2302	5
2168	2356	3
2168	2359	4
2168	2390	5
2168	2391	5
2168	2395	5
2168	2396	4
2168	2424	2
2168	2442	3
2168	2469	1
2168	2507	1
2168	2539	4
2168	2567	2
2168	2581	1
2168	2583	3
2168	2597	2
2168	2692	4
2168	2701	4
2168	2712	4
2168	2764	5
2168	2770	3
2168	2788	5
2168	2860	3
2168	2881	4
2168	2883	1
2168	2890	5
2168	2912	5
2168	2976	5
2168	2990	5
2168	2997	5
2168	3006	5
2168	3022	5
2168	3033	4
2168	3072	5
2168	3114	4
2168	3159	4
2168	3175	4
2168	3178	5
2168	3185	5
2168	3247	4
2168	3253	4
2168	3255	3
2168	3263	3
2168	3317	5
2168	3326	3
2168	3354	3
2168	3447	3
2168	3477	3
2168	3513	3
2168	3555	2
2168	3578	3
2168	3596	4
2168	3598	3
2168	3618	5
2168	3668	5
2168	3671	5
2168	3718	4
2168	3744	3
2168	3745	2
2168	3754	4
2168	3760	4
2168	3784	1
2168	3793	4
2168	3821	2
2168	3836	5
2168	3864	4
2168	3869	5
2168	3879	2
2168	3882	3
2168	3893	3
2168	3896	5
2168	3928	5
2168	3943	5
2168	3952	5
2172	10	3
2172	22	1
2172	24	2
2172	70	3
2172	89	4
2172	111	5
2172	122	2
2172	147	4
2172	151	4
2172	180	1
2172	198	3
2172	231	1
2172	235	5
2172	269	3
2172	293	5
2172	295	3
2172	296	4
2172	307	4
2172	308	4
2172	312	3
2172	318	3
2172	333	3
2172	372	2
2172	373	3
2172	441	3
2172	457	3
2172	466	1
2172	480	2
2172	527	5
2172	555	3
2172	588	3
2172	590	4
2172	593	4
2172	595	3
2172	608	5
2172	735	5
2172	766	4
2172	780	2
2172	783	2
2172	785	2
2172	786	1
2172	799	3
2172	858	5
2172	866	4
2172	903	4
2172	914	3
2172	924	4
2172	953	3
2172	1028	2
2172	1032	3
2172	1042	3
2172	1059	5
2172	1060	2
2172	1088	2
2172	1092	3
2172	1094	4
2172	1114	3
2172	1126	2
2172	1136	4
2172	1198	4
2172	1199	4
2172	1204	4
2172	1206	5
2172	1222	5
2172	1230	4
2172	1242	4
2172	1246	3
2172	1265	5
2172	1278	3
2172	1339	2
2172	1342	2
2172	1347	2
2172	1356	3
2172	1372	3
2172	1373	3
2172	1374	3
2172	1387	2
2172	1391	1
2172	1393	3
2172	1394	5
2172	1396	3
2172	1407	3
2172	1408	4
2172	1441	3
2172	1457	3
2172	1458	1
2172	1480	4
2172	1484	3
2172	1513	3
2172	1580	3
2172	1594	2
2172	1601	4
2172	1605	4
2172	1617	4
2172	1633	3
2172	1639	3
2172	1641	3
2172	1673	3
2172	1674	3
2172	1680	4
2172	1683	3
2172	1704	3
2172	1722	2
2172	1747	3
2172	1785	2
2172	1845	4
2172	1923	3
2172	1924	1
2172	1927	3
2172	1947	3
2172	1967	3
2172	1994	3
2172	1997	3
2172	2011	3
2172	2012	3
2172	2021	1
2172	2046	3
2172	2060	3
2172	2077	3
2172	2080	3
2172	2081	4
2172	2093	2
2172	2105	2
2172	2120	2
2172	2125	3
2172	2138	3
2172	2143	3
2172	2161	3
2172	2193	3
2172	2195	4
2172	2248	5
2172	2282	5
2172	2302	3
2172	2316	2
2172	2329	3
2172	2369	2
2172	2395	5
2172	2396	2
2172	2407	2
2172	2468	2
2172	2580	4
2172	2581	3
2172	2640	2
2172	2642	1
2172	2692	5
2172	2716	4
2172	2719	1
2172	2729	4
2172	2767	4
2172	2770	3
2172	2822	3
2172	2840	1
2172	2846	1
2172	2915	3
2172	2916	3
2172	2976	5
2172	2986	1
2172	2997	5
2172	3019	2
2172	3063	1
2172	3107	3
2172	3125	4
2172	3157	2
2172	3213	3
2172	3247	2
2172	3253	4
2172	3255	3
2172	3267	3
2172	3274	3
2172	3401	2
2172	3418	3
2172	3421	3
2172	3438	3
2172	3476	4
2172	3479	3
2172	3489	2
2172	3527	3
2172	3552	3
2172	3598	1
2172	3668	4
2172	3671	4
2172	3697	3
2172	3709	3
2172	3758	2
2172	3793	4
2172	3877	1
2172	3910	4
2172	3937	2
2175	10	4
2175	41	4
2175	110	4
2175	111	4
2175	144	5
2175	151	2
2175	198	5
2175	296	5
2175	303	3
2175	318	5
2175	329	5
2175	434	3
2175	441	5
2175	480	3
2175	593	4
2175	608	3
2175	653	4
2175	741	4
2175	780	3
2175	1060	5
2175	1079	5
2175	1094	3
2175	1175	5
2175	1193	4
2175	1198	5
2175	1220	3
2175	1234	3
2175	1242	5
2175	1265	4
2175	1356	5
2175	1372	4
2175	1374	5
2175	1393	5
2175	1394	5
2175	1396	5
2175	1488	2
2175	1573	5
2175	1580	4
2175	1605	3
2175	1617	5
2175	1641	5
2175	1784	5
2175	1887	1
2175	1912	4
2175	1917	5
2175	1920	3
2175	1923	5
2175	1954	5
2175	2050	3
2175	2195	4
2175	2248	5
2175	2287	4
2175	2289	3
2175	2342	5
2175	2395	4
2175	2396	4
2175	2716	4
2175	2804	5
2175	2916	4
2175	2978	4
2175	3175	5
2175	3275	5
2175	3354	5
2175	3421	4
2175	3452	5
2175	3466	5
2175	3545	3
2175	3596	5
2175	3616	2
2175	3671	4
2175	3697	4
2175	3753	3
2175	3793	5
2175	3873	4
2190	17	5
2190	26	4
2190	110	5
2190	111	5
2190	296	4
2190	318	5
2190	329	3
2190	432	4
2190	457	4
2190	480	4
2190	500	4
2190	587	3
2190	593	4
2190	595	5
2190	608	4
2190	783	3
2190	849	4
2190	914	4
2190	1136	4
2190	1198	5
2190	1214	4
2190	1242	4
2190	1276	5
2190	1356	3
2190	1372	3
2190	1394	5
2190	1411	5
2190	1466	4
2190	1573	4
2190	1580	5
2190	1610	4
2190	1617	4
2190	1704	4
2190	1721	4
2190	1914	4
2190	1917	4
2190	1962	4
2190	1972	2
2190	2316	4
2190	2396	5
2190	2490	4
2190	2501	4
2190	2598	2
2190	2701	1
2190	2716	4
2190	2735	3
2190	2770	4
2190	2822	3
2190	2826	1
2190	2881	3
2190	2976	5
2190	2997	4
2190	3006	5
2190	3039	4
2190	3053	1
2190	3253	5
2190	3269	4
2190	3317	5
2190	3354	1
2190	3476	4
2190	3499	4
2190	3578	5
2190	3793	4
2195	8	3
2195	10	5
2195	34	1
2195	44	3
2195	95	4
2195	153	4
2195	216	5
2195	250	4
2195	329	4
2195	333	4
2195	362	3
2195	413	4
2195	480	3
2195	484	3
2195	529	5
2195	546	4
2195	558	1
2195	588	1
2195	590	3
2195	593	4
2195	595	1
2195	631	1
2195	736	2
2195	780	4
2195	783	1
2195	784	2
2195	788	4
2195	840	3
2195	924	5
2195	1017	4
2195	1020	4
2195	1025	1
2195	1032	1
2195	1064	1
2195	1136	4
2195	1167	4
2195	1198	5
2195	1257	4
2195	1265	5
2195	1297	5
2195	1356	4
2195	1367	1
2195	1372	5
2195	1373	2
2195	1374	5
2195	1391	3
2195	1485	5
2195	1489	2
2195	1562	4
2195	1566	1
2195	1573	5
2195	1580	4
2195	1592	1
2195	1599	4
2195	1688	3
2195	1689	4
2195	1702	1
2195	1704	5
2195	1721	3
2195	1722	5
2195	1747	5
2195	1895	5
2195	1917	5
2195	1920	4
2195	1994	4
2195	2011	5
2195	2012	5
2195	2021	3
2195	2046	3
2195	2053	1
2195	2059	2
2195	2078	1
2195	2080	1
2195	2081	2
2195	2105	5
2195	2123	1
2195	2125	5
2195	2142	1
2195	2161	3
2195	2311	4
2195	2471	4
2195	2501	5
2195	2549	4
2195	2617	5
2195	2640	4
2195	2693	1
2195	2701	4
2195	2804	3
2195	2860	4
2195	2990	5
2195	2993	5
2195	2995	4
2195	3033	5
2195	3034	2
2195	3114	2
2195	3175	4
2195	3213	2
2195	3247	3
2195	3269	3
2195	3354	4
2195	3438	2
2195	3471	5
2195	3489	3
2195	3510	5
2195	3608	1
2195	3633	5
2195	3635	5
2195	3638	5
2195	3702	4
2195	3703	5
2195	3704	4
2195	3745	4
2195	3793	4
2202	17	5
2202	34	3
2202	216	5
2202	231	2
2202	318	5
2202	339	4
2202	372	3
2202	441	3
2202	480	2
2202	588	1
2202	671	4
2202	780	4
2202	785	1
2202	924	1
2202	1042	4
2202	1265	5
2202	1391	1
2202	1580	4
2202	1747	5
2202	1806	3
2202	1895	3
2202	2053	1
2202	2125	5
2202	2395	4
2202	2396	5
2202	2501	1
2202	2558	3
2202	2581	4
2202	2606	1
2202	3033	4
2202	3247	2
2202	3253	3
2202	3299	1
2202	3354	1
2202	3798	4
2202	3821	1
2215	6	4
2215	10	3
2215	22	3
2215	34	4
2215	36	3
2215	70	2
2215	110	4
2215	161	3
2215	229	2
2215	293	4
2215	296	5
2215	318	5
2215	325	1
2215	422	2
2215	427	3
2215	457	3
2215	480	3
2215	493	4
2215	527	4
2215	555	4
2215	587	3
2215	590	3
2215	593	5
2215	608	5
2215	736	3
2215	832	3
2215	849	2
2215	866	4
2215	880	1
2215	1060	4
2215	1092	3
2215	1198	4
2215	1200	4
2215	1213	3
2215	1215	3
2215	1275	3
2215	1276	4
2215	1355	4
2215	1356	2
2215	1372	1
2215	1374	1
2215	1394	4
2215	1407	4
2215	1464	2
2215	1484	4
2215	1499	1
2215	1573	4
2215	1610	4
2215	1617	3
2215	1639	3
2215	1647	2
2215	1648	5
2215	1687	1
2215	1699	4
2215	1704	3
2215	1722	3
2215	1792	2
2215	1834	4
2215	1845	3
2215	1916	2
2215	1917	3
2215	2024	3
2215	2278	3
2215	2329	4
2215	2336	3
2215	2353	3
2215	2391	3
2215	2395	5
2215	2396	3
2215	2617	3
2215	2692	4
2215	2763	4
2215	2804	5
2215	2844	3
2215	2912	3
2215	2916	2
2215	2997	4
2215	3020	4
2215	3044	3
2215	3072	2
2215	3176	3
2215	3203	4
2215	3256	3
2215	3267	4
2215	3354	2
2215	3362	3
2215	3418	2
2215	3476	3
2215	3527	4
2215	3578	3
2215	3793	3
2219	34	5
2219	36	5
2219	64	1
2219	110	3
2219	144	5
2219	186	3
2219	246	4
2219	256	1
2219	276	2
2219	296	5
2219	318	5
2219	339	3
2219	342	3
2219	357	3
2219	410	1
2219	454	4
2219	500	5
2219	514	1
2219	515	3
2219	518	2
2219	527	5
2219	587	4
2219	590	5
2219	593	5
2219	605	4
2219	608	5
2219	785	5
2219	788	4
2219	805	4
2219	832	3
2219	858	5
2219	896	3
2219	1041	3
2219	1079	4
2219	1094	4
2219	1136	5
2219	1183	5
2219	1184	4
2219	1193	5
2219	1198	5
2219	1213	5
2219	1214	5
2219	1225	3
2219	1228	5
2219	1265	4
2219	1271	4
2219	1357	3
2219	1387	4
2219	1394	5
2219	1396	4
2219	1411	4
2219	1513	3
2219	1535	2
2219	1569	1
2219	1573	3
2219	1580	3
2219	1594	5
2219	1611	3
2219	1617	5
2219	1621	3
2219	1633	4
2219	1639	5
2219	1641	4
2219	1673	4
2219	1703	2
2219	1704	5
2219	1721	4
2219	1747	4
2219	1784	5
2219	1883	5
2219	1917	1
2219	1923	4
2219	1957	3
2219	2012	2
2219	2023	2
2219	2024	3
2219	2071	3
2219	2112	5
2219	2152	1
2219	2329	5
2219	2359	4
2219	2395	2
2219	2396	5
2219	2433	2
2219	2485	3
2219	2567	4
2219	2712	5
2219	2739	5
2219	2793	3
2219	2804	5
2219	2890	4
2219	2976	3
2219	2997	5
2219	3100	4
2219	3107	4
2219	3128	3
2219	3247	4
2219	3252	4
2219	3253	4
2219	3255	4
2219	3263	3
2219	3418	4
2219	3421	5
2219	3424	5
2219	3450	4
2219	3531	3
2219	3545	2
2219	3841	3
2220	34	4
2220	296	5
2220	457	4
2220	608	5
2220	1126	2
2220	1278	5
2220	1721	5
2220	2021	2
2220	2396	4
2220	2804	5
2220	3114	4
2220	3256	5
2220	3354	3
2220	3594	4
2225	10	4
2225	34	4
2225	95	2
2225	110	4
2225	151	2
2225	161	3
2225	231	5
2225	329	4
2225	432	2
2225	433	3
2225	457	4
2225	458	3
2225	466	3
2225	480	4
2225	527	5
2225	588	4
2225	590	5
2225	593	3
2225	608	5
2225	736	3
2225	780	2
2225	784	1
2225	785	4
2225	849	2
2225	858	4
2225	861	5
2225	903	5
2225	905	4
2225	908	5
2225	909	5
2225	910	5
2225	914	4
2225	931	3
2225	933	4
2225	969	4
2225	1029	4
2225	1079	5
2225	1088	3
2225	1091	4
2225	1092	3
2225	1104	5
2225	1135	2
2225	1183	4
2225	1198	5
2225	1201	3
2225	1204	4
2225	1214	3
2225	1220	3
2225	1222	3
2225	1223	3
2225	1242	5
2225	1257	2
2225	1265	5
2225	1272	3
2225	1275	3
2225	1276	2
2225	1278	3
2225	1288	5
2225	1292	4
2225	1293	3
2225	1356	4
2225	1374	3
2225	1378	3
2225	1379	3
2225	1387	4
2225	1394	4
2225	1396	3
2225	1408	4
2225	1431	3
2225	1464	2
2225	1580	3
2225	1610	4
2225	1641	4
2225	1674	4
2225	1722	3
2225	1762	2
2225	1784	4
2225	1892	3
2225	1923	5
2225	1947	5
2225	1953	2
2225	1954	4
2225	2001	2
2225	2011	2
2225	2012	3
2225	2016	3
2225	2073	4
2225	2081	3
2225	2083	5
2225	2100	4
2225	2111	2
2225	2212	4
2225	2245	2
2225	2247	3
2225	2248	3
2225	2262	2
2225	2278	1
2225	2289	3
2225	2339	2
2225	2353	3
2225	2359	5
2225	2370	3
2225	2374	3
2225	2380	1
2225	2382	1
2225	2395	3
2225	2396	4
2225	2401	4
2225	2405	3
2225	2407	3
2225	2408	2
2225	2410	2
2225	2416	4
2225	2458	2
2225	2471	1
2225	2490	4
2225	2617	2
2225	2640	4
2225	2693	4
2225	2701	1
2225	2709	3
2225	2716	5
2225	2735	3
2225	2746	2
2225	2763	3
2225	2770	4
2225	2788	4
2225	2794	4
2225	2795	5
2225	2796	2
2225	2804	5
2225	2871	3
2225	2890	4
2225	2915	3
2225	2916	3
2225	2917	4
2225	2993	3
2225	3012	5
2225	3020	3
2225	3022	5
2225	3033	2
2225	3039	4
2225	3062	4
2225	3072	4
2225	3088	4
2225	3104	4
2225	3107	2
2225	3114	3
2225	3133	4
2225	3175	4
2225	3196	5
2225	3203	3
2225	3253	4
2225	3256	3
2225	3274	2
2225	3331	1
2225	3365	5
2225	3385	4
2225	3388	3
2225	3398	4
2225	3404	4
2225	3418	4
2225	3421	4
2225	3424	3
2225	3505	3
2225	3508	5
2225	3510	4
2225	3527	4
2225	3551	4
2225	3552	4
2225	3555	3
2225	3577	2
2225	3578	4
2225	3608	4
2225	3635	3
2225	3638	3
2225	3654	4
2225	3671	4
2225	3681	4
2225	3698	3
2225	3728	5
2225	3740	3
2225	3753	2
2225	3793	4
2225	3836	3
2225	3841	1
2225	3873	2
2225	3882	3
2227	22	2
2227	105	2
2227	110	4
2227	457	4
2227	480	5
2227	593	4
2227	608	4
2227	832	4
2227	858	5
2227	908	4
2227	1092	4
2227	1198	5
2227	1200	3
2227	1275	3
2227	1573	3
2227	1580	3
2227	1954	5
2227	2058	4
2227	2391	3
2227	2456	2
2227	3527	3
2227	3633	5
2230	17	4
2230	24	4
2230	26	3
2230	34	3
2230	36	3
2230	61	3
2230	105	4
2230	113	4
2230	151	5
2230	161	4
2230	197	2
2230	201	2
2230	205	2
2230	229	2
2230	232	4
2230	235	2
2230	247	2
2230	262	3
2230	270	2
2230	271	4
2230	279	4
2230	282	3
2230	300	3
2230	318	5
2230	334	2
2230	351	2
2230	354	2
2230	371	2
2230	425	4
2230	446	3
2230	448	3
2230	454	5
2230	465	2
2230	480	3
2230	515	5
2230	527	4
2230	529	5
2230	538	3
2230	571	4
2230	580	2
2230	605	4
2230	608	5
2230	635	3
2230	647	3
2230	697	2
2230	832	3
2230	866	4
2230	938	2
2230	1006	3
2230	1183	2
2230	1213	2
2230	1271	4
2230	1357	4
2230	1366	3
2230	1393	4
2230	1411	5
2230	1413	2
2230	1480	3
2230	1488	4
2230	1507	3
2230	1535	4
2230	1542	4
2230	1598	3
2230	1639	2
2230	1660	2
2230	1673	2
2230	1680	3
2230	1683	4
2230	1721	4
2230	1727	3
2230	1747	2
2230	1794	2
2230	1833	3
2230	1888	3
2230	1914	4
2230	1938	4
2230	2023	2
2230	2071	4
2230	2112	3
2230	2197	4
2230	2272	4
2230	2307	2
2230	2320	4
2230	2426	5
2230	2437	3
2230	2501	5
2230	2506	4
2230	2546	3
2230	2590	2
2230	2829	3
2230	2890	2
2230	2908	4
2230	2996	3
2230	3006	3
2230	3107	4
2230	3118	3
2230	3125	2
2230	3148	5
2230	3176	3
2230	3178	4
2230	3252	5
2230	3255	5
2230	3418	4
2230	3723	4
2236	34	4
2236	110	5
2236	318	5
2236	441	4
2236	527	5
2236	593	5
2236	720	4
2236	1241	4
2236	1265	4
2236	1322	3
2236	1580	4
2236	1617	4
2236	1641	4
2236	1784	5
2236	2396	5
2236	2539	4
2236	2761	4
2236	2997	4
2236	3114	5
2236	3185	4
2236	3299	3
2236	3300	4
2236	3325	3
2236	3326	3
2236	3354	2
2236	3409	4
2236	3466	4
2236	3499	4
2236	3562	4
2236	3615	4
2236	3616	3
2236	3646	4
2236	3745	3
2236	3753	5
2236	3784	4
2236	3793	4
2236	3798	4
2236	3821	2
2236	3824	4
2236	3857	2
2236	3879	3
2236	3882	4
2236	3943	3
2244	6	1
2244	24	1
2244	34	5
2244	71	1
2244	76	1
2244	110	5
2244	111	5
2244	151	4
2244	157	1
2244	161	5
2244	173	1
2244	246	4
2244	256	1
2244	296	5
2244	317	3
2244	318	5
2244	329	3
2244	379	1
2244	457	5
2244	466	3
2244	480	5
2244	512	1
2244	527	5
2244	546	1
2244	590	5
2244	593	5
2244	608	5
2244	647	5
2244	780	1
2244	849	1
2244	858	5
2244	903	5
2244	905	5
2244	908	5
2244	909	5
2244	910	5
2244	914	4
2244	916	5
2244	922	5
2244	924	5
2244	926	5
2244	933	5
2244	969	5
2244	986	1
2244	1013	1
2244	1015	1
2244	1079	4
2244	1084	5
2244	1086	5
2244	1092	1
2244	1094	4
2244	1104	5
2244	1136	5
2244	1183	5
2244	1189	5
2244	1193	5
2244	1198	5
2244	1200	5
2244	1204	5
2244	1213	5
2244	1214	5
2244	1215	3
2244	1222	5
2244	1225	5
2244	1226	5
2244	1230	5
2244	1234	5
2244	1242	5
2244	1252	5
2244	1258	4
2244	1265	5
2244	1272	5
2244	1276	5
2244	1278	5
2244	1283	5
2244	1287	4
2244	1288	4
2244	1333	5
2244	1356	5
2244	1357	5
2244	1374	4
2244	1387	5
2244	1391	1
2244	1394	5
2244	1396	4
2244	1398	2
2244	1408	5
2244	1445	1
2244	1460	1
2244	1488	3
2244	1573	1
2244	1580	3
2244	1590	1
2244	1616	1
2244	1617	5
2244	1639	5
2244	1674	4
2244	1689	4
2244	1690	1
2244	1721	4
2244	1762	1
2244	1779	3
2244	1912	5
2244	1917	1
2244	1920	2
2244	1925	4
2244	1927	5
2244	1931	5
2244	1947	5
2244	1950	5
2244	1953	5
2244	1982	4
2244	1997	4
2244	2012	5
2244	2053	1
2244	2080	1
2244	2083	5
2244	2105	3
2244	2193	4
2244	2202	5
2244	2248	5
2244	2311	3
2244	2312	4
2244	2322	1
2244	2391	4
2244	2396	4
2244	2583	5
2244	2670	3
2244	2722	1
2244	2761	1
2244	2804	5
2244	2817	1
2244	2819	5
2244	2846	1
2244	2890	5
2244	2899	4
2244	2916	1
2244	2919	5
2244	2986	1
2244	2997	5
2244	3053	1
2244	3062	4
2244	3114	5
2244	3159	4
2244	3175	4
2244	3176	1
2244	3178	5
2244	3269	4
2244	3300	1
2244	3325	1
2244	3334	5
2244	3354	3
2244	3367	2
2244	3398	5
2244	3409	1
2244	3421	4
2244	3471	5
2244	3475	5
2244	3508	4
2244	3510	5
2244	3555	5
2244	3562	1
2244	3578	5
2244	3579	1
2244	3594	1
2244	3596	1
2244	3616	1
2244	3618	4
2244	3654	4
2244	3675	2
2244	3685	5
2244	3697	1
2244	3745	1
2244	3753	1
2244	3793	5
2244	3811	5
2244	3824	1
2244	3836	5
2244	3864	1
2244	3879	1
2244	3882	1
2244	3884	1
2244	3885	1
2244	3893	4
2244	3896	1
2244	3898	1
2244	3912	1
2244	3922	1
2244	3924	1
2244	3929	5
2244	3942	1
2244	3943	2
2244	3945	1
2244	3952	4
2245	158	2
2245	1721	2
2245	2385	1
2245	3253	3
2245	3300	4
2245	3409	5
2245	3555	1
2245	3578	1
2245	3596	3
2245	3616	4
2245	3646	3
2245	3753	2
2245	3754	2
2245	3793	2
2245	3798	4
2245	3821	2
2245	3882	3
2245	3893	5
2255	34	5
2255	317	3
2255	339	4
2255	342	4
2255	357	4
2255	480	5
2255	497	4
2255	500	4
2255	587	3
2255	588	5
2255	595	5
2255	709	2
2255	783	2
2255	910	5
2255	924	1
2255	968	4
2255	986	4
2255	1015	4
2255	1017	1
2255	1025	4
2255	1028	5
2255	1029	4
2255	1030	3
2255	1032	4
2255	1042	3
2255	1079	5
2255	1130	3
2255	1136	3
2255	1171	3
2255	1199	1
2255	1214	5
2255	1223	4
2255	1258	4
2255	1265	4
2255	1278	5
2255	1288	4
2255	1333	3
2255	1341	1
2255	1367	4
2255	1372	4
2255	1374	4
2255	1394	5
2255	1407	3
2255	1513	3
2255	1641	3
2255	1688	5
2255	1914	5
2255	1974	3
2255	1992	1
2255	1994	4
2255	2015	4
2255	2018	4
2255	2077	5
2255	2078	4
2255	2080	4
2255	2081	4
2255	2083	4
2255	2100	4
2255	2102	4
2255	2110	3
2255	2121	4
2255	2122	1
2255	2142	2
2255	2396	5
2255	2617	1
2255	2716	4
2255	2746	5
2255	2804	3
2255	2876	2
2255	3034	4
2255	3072	4
2255	3157	4
2255	3255	5
2255	3345	3
2255	3429	4
2255	3471	2
2255	3499	4
2255	3552	3
2255	3671	4
2255	3672	4
2255	3740	1
2259	17	5
2259	28	5
2259	34	5
2259	36	5
2259	232	5
2259	246	3
2259	293	5
2259	296	5
2259	307	5
2259	308	4
2259	318	4
2259	342	4
2259	348	4
2259	425	4
2259	446	5
2259	497	4
2259	515	4
2259	527	5
2259	535	4
2259	593	5
2259	608	5
2259	909	5
2259	910	5
2259	914	5
2259	916	5
2259	960	5
2259	986	5
2259	1041	5
2259	1084	4
2259	1094	5
2259	1096	5
2259	1104	5
2259	1131	5
2259	1136	5
2259	1147	5
2259	1150	5
2259	1193	5
2259	1206	5
2259	1213	5
2259	1217	5
2259	1223	5
2259	1225	4
2259	1230	5
2259	1234	4
2259	1238	4
2259	1242	4
2259	1252	5
2259	1265	4
2259	1272	5
2259	1277	4
2259	1278	4
2259	1293	5
2259	1374	3
2259	1387	5
2259	1393	5
2259	1394	5
2259	1408	5
2259	1446	5
2259	1617	5
2259	1673	5
2259	1674	4
2259	1704	4
2259	1729	4
2259	1912	4
2259	1947	5
2259	1949	5
2259	1950	5
2259	2018	5
2259	2147	2
2259	2248	4
2259	2278	3
2259	2289	3
2259	2318	4
2259	2369	5
2259	2395	5
2259	2396	5
2259	2469	4
2259	2526	2
2259	2533	2
2259	2580	5
2259	2692	5
2259	2716	5
2259	2761	5
2259	2770	3
2259	2804	4
2259	2912	5
2259	2915	4
2259	2970	4
2259	2972	5
2259	3037	5
2259	3072	5
2259	3100	4
2259	3114	5
2259	3128	5
2259	3175	4
2259	3176	4
2259	3267	4
2259	3359	5
2259	3424	4
2259	3471	5
2259	3552	3
2259	3668	4
2259	3685	5
2259	3700	4
2259	3702	4
2259	3789	5
2259	3819	4
2259	3872	4
2259	3893	4
2269	318	5
2269	480	5
2269	1569	3
2269	2159	4
2269	2369	3
2269	2722	2
2269	2770	4
2269	2826	3
2269	2976	1
2269	3203	3
2275	24	3
2275	1193	5
2275	1955	5
2275	2249	3
2275	2336	5
2275	2369	4
2275	2396	5
2275	2433	5
2275	2670	4
2275	2763	4
2275	2770	4
2275	2881	4
2275	2908	3
2275	2916	5
2275	3053	4
2275	3203	4
2275	3219	4
2299	173	4
2299	198	1
2299	329	4
2299	480	5
2299	527	3
2299	546	1
2299	780	4
2299	788	3
2299	1200	5
2299	1372	5
2299	1396	4
2299	1549	3
2299	1573	4
2299	1580	4
2299	1690	2
2299	1862	2
2299	1917	2
2299	1994	3
2299	2011	3
2299	2012	3
2299	2053	2
2299	2105	4
2299	2672	3
2299	2701	1
2299	2722	2
2299	2916	3
2299	2986	1
2299	3175	5
2299	3269	1
2299	3471	3
2299	3793	3
2300	432	3
2300	457	5
2300	458	4
2300	527	5
2300	587	4
2300	590	5
2300	593	4
2300	858	5
2300	908	4
2300	1008	2
2300	1198	5
2300	1234	4
2300	1387	4
2300	1674	4
2300	1947	4
2300	2012	3
2300	2401	4
2300	2529	4
2300	2916	4
2300	2921	4
2300	3508	5
2300	3654	4
2300	3873	3
2302	6	3
2302	70	2
2302	95	3
2302	110	5
2302	144	4
2302	231	2
2302	235	3
2302	296	4
2302	329	3
2302	357	3
2302	376	2
2302	457	4
2302	480	5
2302	500	2
2302	527	5
2302	608	3
2302	736	3
2302	780	4
2302	924	4
2302	1042	5
2302	1088	4
2302	1136	3
2302	1198	5
2302	1200	4
2302	1214	5
2302	1220	5
2302	1222	3
2302	1225	3
2302	1234	3
2302	1265	4
2302	1275	3
2302	1288	5
2302	1372	4
2302	1374	4
2302	1387	4
2302	1391	4
2302	1394	2
2302	1485	3
2302	1488	4
2302	1580	4
2302	1610	5
2302	1616	3
2302	1641	3
2302	1690	4
2302	1704	4
2302	1722	4
2302	1772	5
2302	1784	3
2302	1792	3
2302	1883	3
2302	1912	3
2302	1914	4
2302	1918	4
2302	2001	5
2302	2058	3
2302	2100	2
2302	2105	3
2302	2212	2
2302	2245	3
2302	2289	4
2302	2359	4
2302	2405	4
2302	2529	3
2302	2539	3
2302	2617	3
2302	2716	4
2302	2746	3
2302	2763	3
2302	2826	3
2302	2915	4
2302	2916	4
2302	2923	4
2302	3020	3
2302	3039	3
2302	3040	3
2302	3148	4
2302	3175	3
2302	3244	3
2302	3256	4
2302	3267	4
2302	3354	3
2302	3404	3
2302	3421	3
2302	3430	3
2302	3450	3
2302	3471	5
2302	3513	4
2302	3527	4
2302	3552	3
2302	3555	4
2302	3671	4
2302	3697	3
2302	3698	3
2302	3703	4
2302	3740	4
2302	3744	4
2313	480	4
2313	924	5
2313	1019	5
2313	1150	5
2313	1193	5
2313	2011	3
2313	2012	2
2313	2346	5
2313	2369	3
2313	2396	4
2313	2407	5
2313	2529	5
2313	2530	3
2313	2533	5
2313	2664	5
2313	2701	3
2313	2716	5
2313	2916	5
2313	3053	2
2313	3269	5
2313	3471	5
2313	3702	5
2313	3704	5
2313	3927	4
2320	34	4
2320	52	3
2320	203	4
2320	231	1
2320	276	3
2320	339	4
2320	342	4
2320	351	3
2320	357	4
2320	415	2
2320	472	3
2320	514	4
2320	728	4
2320	788	3
2320	830	2
2320	1020	3
2320	1042	4
2320	1057	3
2320	1390	2
2320	1513	2
2320	1542	4
2320	1569	3
2320	1580	3
2320	1883	3
2320	1888	2
2320	1947	4
2320	1950	5
2320	2053	3
2320	2249	4
2320	2266	2
2320	2302	4
2320	2359	4
2320	2390	4
2320	2396	5
2320	2424	3
2320	2539	3
2320	2567	3
2320	2574	3
2320	2581	4
2320	2883	4
2320	3247	4
2320	3253	2
2320	3255	4
2320	3299	3
2320	3325	2
2320	3466	4
2320	3513	3
2320	3594	3
2320	3646	1
2320	3712	3
2320	3784	4
2320	3841	3
2325	26	4
2325	110	4
2325	1639	4
2325	2433	3
2325	2580	4
2325	2692	4
2325	2712	4
2325	2881	3
2325	2908	5
2325	2997	5
2325	3793	3
2329	918	5
2329	943	5
2329	1029	3
2329	1936	3
2329	1938	2
2329	2018	3
2329	2102	1
2329	2521	3
2329	2690	4
2329	2935	5
2329	3334	4
2329	3643	3
2329	3929	2
2330	24	2
2330	329	3
2330	480	4
2330	590	3
2330	608	3
2330	780	4
2330	908	5
2330	924	5
2330	952	4
2330	969	5
2330	1019	4
2330	1198	4
2330	1199	2
2330	1214	1
2330	1258	1
2330	1278	4
2330	1287	3
2330	1333	2
2330	1356	3
2330	1367	2
2330	1372	2
2330	1374	3
2330	1387	3
2330	1396	4
2330	1580	3
2330	1673	1
2330	1931	3
2330	1997	1
2330	2011	2
2330	2012	1
2330	2021	1
2330	2105	2
2330	2311	3
2330	2346	2
2330	2399	2
2330	2407	4
2330	2529	3
2330	2530	1
2330	2533	2
2330	2640	3
2330	2664	1
2330	2716	3
2330	2871	2
2330	2899	4
2330	2916	4
2330	3175	2
2330	3354	4
2330	3450	3
2330	3461	2
2330	3471	5
2330	3638	4
2330	3753	3
2330	3926	4
2330	3927	4
2330	3932	3
2334	5	4
2334	10	4
2334	17	5
2334	34	4
2334	105	4
2334	110	4
2334	151	4
2334	236	3
2334	271	2
2334	318	3
2334	357	4
2334	372	3
2334	376	4
2334	480	4
2334	515	4
2334	527	4
2334	587	4
2334	588	4
2334	590	5
2334	595	3
2334	608	4
2334	653	5
2334	830	4
2334	838	5
2334	858	4
2334	901	4
2334	908	4
2334	911	4
2334	914	5
2334	915	4
2334	916	4
2334	918	5
2334	924	3
2334	926	4
2334	932	4
2334	934	4
2334	938	4
2334	939	4
2334	948	4
2334	952	4
2334	969	4
2334	971	3
2334	982	3
2334	986	4
2334	1008	3
2334	1013	3
2334	1014	4
2334	1020	4
2334	1028	4
2334	1029	4
2334	1032	3
2334	1079	3
2334	1084	4
2334	1088	5
2334	1135	4
2334	1183	4
2334	1193	5
2334	1198	4
2334	1201	3
2334	1204	4
2334	1213	4
2334	1225	5
2334	1230	3
2334	1242	4
2334	1246	5
2334	1265	2
2334	1271	4
2334	1272	4
2334	1276	3
2334	1283	4
2334	1287	3
2334	1293	4
2334	1333	2
2334	1363	3
2334	1393	4
2334	1394	2
2334	1408	4
2334	1441	4
2334	1569	4
2334	1639	2
2334	1641	3
2334	1673	2
2334	1684	4
2334	1704	4
2334	1727	4
2334	1784	4
2334	1835	3
2334	1888	4
2334	1896	4
2334	1928	4
2334	1931	4
2334	1937	4
2334	1949	4
2334	1950	4
2334	1953	4
2334	1957	4
2334	1962	4
2334	2001	4
2334	2018	4
2334	2059	4
2334	2081	3
2334	2125	4
2334	2161	4
2334	2247	3
2334	2302	4
2334	2316	2
2334	2336	5
2334	2369	3
2334	2396	5
2334	2405	4
2334	2407	3
2334	2468	3
2334	2471	3
2334	2485	3
2334	2506	4
2334	2529	4
2334	2539	4
2334	2581	3
2334	2716	3
2334	2729	2
2334	2734	3
2334	2739	5
2334	2746	3
2334	2870	4
2334	2874	3
2334	2915	3
2334	2950	2
2334	2951	3
2334	2967	3
2334	3037	4
2334	3044	3
2334	3062	4
2334	3072	4
2334	3093	3
2334	3100	4
2334	3125	3
2334	3144	4
2334	3148	5
2334	3244	4
2334	3252	3
2334	3269	4
2334	3334	4
2334	3359	3
2334	3421	5
2334	3424	3
2334	3450	4
2334	3468	3
2334	3471	3
2334	3478	4
2334	3479	4
2334	3489	4
2334	3545	3
2334	3638	4
2334	3654	4
2334	3671	3
2334	3678	4
2334	3684	4
2334	3707	3
2334	3714	4
2334	3791	3
2334	3806	4
2334	3873	3
2334	3927	4
2336	110	4
2336	276	3
2336	1193	4
2336	1198	4
2336	1201	4
2336	1408	4
2336	2401	5
2336	2921	5
2336	2922	3
2336	3508	4
2336	3702	4
2336	3703	4
2336	3836	4
2340	10	4
2340	17	5
2340	26	4
2340	52	4
2340	72	4
2340	95	2
2340	105	4
2340	111	5
2340	144	4
2340	153	3
2340	161	4
2340	163	5
2340	180	4
2340	231	5
2340	235	2
2340	236	4
2340	242	5
2340	296	4
2340	300	5
2340	307	5
2340	318	5
2340	339	4
2340	342	4
2340	348	5
2340	357	5
2340	360	1
2340	372	5
2340	416	2
2340	441	4
2340	480	4
2340	497	5
2340	513	4
2340	515	5
2340	529	4
2340	535	4
2340	537	4
2340	588	4
2340	590	4
2340	593	4
2340	608	3
2340	647	4
2340	705	4
2340	728	4
2340	766	4
2340	780	4
2340	783	3
2340	838	5
2340	858	5
2340	903	5
2340	908	5
2340	910	5
2340	911	5
2340	924	5
2340	926	5
2340	934	5
2340	969	5
2340	1042	5
2340	1057	4
2340	1059	4
2340	1060	5
2340	1066	5
2340	1079	5
2340	1084	5
2340	1086	5
2340	1088	5
2340	1092	3
2340	1094	4
2340	1104	5
2340	1131	5
2340	1132	5
2340	1136	5
2340	1175	5
2340	1183	5
2340	1190	4
2340	1193	5
2340	1198	5
2340	1200	5
2340	1204	5
2340	1214	5
2340	1220	4
2340	1223	5
2340	1225	5
2340	1227	5
2340	1228	5
2340	1234	5
2340	1237	3
2340	1252	5
2340	1258	5
2340	1265	5
2340	1277	5
2340	1278	5
2340	1287	5
2340	1288	5
2340	1292	4
2340	1295	5
2340	1365	5
2340	1387	5
2340	1393	4
2340	1394	5
2340	1396	4
2340	1407	5
2340	1408	5
2340	1566	3
2340	1569	3
2340	1611	4
2340	1617	5
2340	1639	5
2340	1680	5
2340	1688	4
2340	1704	5
2340	1722	4
2340	1784	4
2340	1895	4
2340	1947	5
2340	1949	4
2340	1953	5
2340	1954	5
2340	1955	5
2340	1957	5
2340	1994	4
2340	2022	5
2340	2100	5
2340	2153	3
2340	2252	4
2340	2289	5
2340	2302	5
2340	2347	5
2340	2369	4
2340	2374	5
2340	2395	5
2340	2396	5
2340	2405	3
2340	2410	3
2340	2424	3
2340	2469	5
2340	2692	5
2340	2712	5
2340	2716	5
2340	2747	5
2340	2763	5
2340	2764	5
2340	2772	3
2340	2793	4
2340	2794	3
2340	2795	5
2340	2804	5
2340	2877	4
2340	2915	5
2340	2916	4
2340	2917	5
2340	3028	5
2340	3033	5
2340	3037	5
2340	3072	5
2340	3141	4
2340	3222	5
2340	3244	5
2340	3253	5
2340	3255	5
2340	3263	3
2340	3267	5
2340	3334	5
2340	3362	4
2340	3421	5
2340	3430	5
2340	3471	5
2340	3477	5
2340	3489	2
2340	3499	5
2340	3500	1
2340	3506	4
2340	3524	3
2340	3635	5
2340	3638	3
2340	3649	4
2340	3654	5
2340	3668	5
2340	3671	5
2340	3685	5
2340	3698	5
2340	3704	4
2340	3707	5
2340	3786	3
2340	3844	4
2340	3893	5
2344	24	5
2344	34	2
2344	432	3
2344	441	3
2344	480	3
2344	487	3
2344	588	3
2344	610	5
2344	785	1
2344	788	4
2344	849	3
2344	880	3
2344	909	3
2344	934	4
2344	1060	4
2344	1136	4
2344	1200	3
2344	1206	2
2344	1214	3
2344	1215	4
2344	1220	4
2344	1234	4
2344	1265	5
2344	1278	3
2344	1288	2
2344	1292	4
2344	1373	3
2344	1374	3
2344	1378	4
2344	1379	4
2344	1391	2
2344	1396	5
2344	1513	3
2344	1573	4
2344	1580	4
2344	1641	3
2344	1747	4
2344	1779	3
2344	1862	2
2344	1878	3
2344	1917	5
2344	2011	3
2344	2012	3
2344	2016	4
2344	2021	3
2344	2038	3
2344	2041	3
2344	2046	3
2344	2081	3
2344	2105	4
2344	2232	1
2344	2311	2
2344	2322	3
2344	2336	4
2344	2395	2
2344	2396	5
2344	2401	3
2344	2485	3
2344	2490	4
2344	2549	3
2344	2598	4
2344	2600	5
2344	2640	3
2344	2672	4
2344	2701	4
2344	2716	3
2344	2722	4
2344	2734	3
2344	2763	4
2344	2770	2
2344	2772	2
2344	2795	3
2344	2804	3
2344	2807	2
2344	2826	4
2344	2840	5
2344	2915	3
2344	2916	4
2344	2997	4
2344	3033	4
2344	3114	4
2344	3175	3
2344	3219	3
2344	3269	4
2344	3354	3
2344	3421	4
2344	3513	4
2344	3527	3
2344	3671	5
2344	3697	2
2344	3698	3
2344	3793	3
2344	3937	3
2345	608	4
2345	720	2
2345	858	5
2345	924	5
2345	1193	5
2345	1387	4
2345	1721	3
2345	1997	5
2345	3121	4
2345	3362	3
2345	3524	3
2348	36	2
2348	111	5
2348	293	4
2348	480	4
2348	608	3
2348	610	3
2348	702	4
2348	858	3
2348	909	3
2348	924	5
2348	953	4
2348	1028	3
2348	1083	3
2348	1084	4
2348	1096	3
2348	1136	4
2348	1161	4
2348	1193	5
2348	1198	4
2348	1200	3
2348	1201	1
2348	1204	3
2348	1206	5
2348	1214	5
2348	1220	3
2348	1225	5
2348	1227	3
2348	1228	3
2348	1230	3
2348	1242	4
2348	1246	4
2348	1252	4
2348	1258	3
2348	1264	4
2348	1272	3
2348	1276	4
2348	1278	4
2348	1293	2
2348	1333	3
2348	1365	4
2348	1374	3
2348	1387	3
2348	1674	3
2348	1687	3
2348	1721	4
2348	1953	4
2348	1954	3
2348	1955	3
2348	1957	2
2348	1964	3
2348	1994	2
2348	2009	3
2348	2021	4
2348	2057	1
2348	2075	3
2348	2105	4
2348	2132	2
2348	2143	4
2348	2193	4
2348	2287	2
2348	2313	4
2348	2401	2
2348	2407	3
2348	2520	1
2348	2529	3
2348	2640	2
2348	2664	4
2348	2716	3
2348	2746	2
2348	2764	2
2348	2819	4
2348	2871	4
2348	2915	3
2348	2916	4
2348	2951	1
2348	2993	3
2348	3037	5
2348	3062	2
2348	3104	2
2348	3198	4
2348	3330	2
2348	3362	2
2348	3420	2
2348	3421	4
2348	3430	3
2348	3468	4
2348	3471	4
2348	3508	2
2348	3527	4
2348	3545	2
2348	3546	2
2348	3551	4
2348	3608	4
2348	3638	3
2348	3681	2
2348	3685	3
2348	3700	3
2348	3702	3
2348	3703	3
2348	3733	3
2348	3789	2
2348	3836	2
2348	3873	3
2348	3927	2
2359	19	2
2359	111	3
2359	830	3
2359	911	5
2359	924	4
2359	942	5
2359	1252	5
2359	1964	4
2359	2147	3
2359	2395	3
2359	2396	2
2359	2433	4
2359	2598	2
2359	2670	4
2359	2690	2
2359	2701	4
2359	2716	4
2359	2734	2
2359	2770	3
2359	3114	5
2359	3157	3
2359	3175	3
2359	3203	4
2359	3252	4
2359	3354	4
2359	3510	4
2359	3578	5
2359	3615	4
2359	3753	3
2359	3798	1
2362	209	4
2362	296	5
2362	593	5
2362	608	2
2362	785	5
2362	1393	4
2362	1449	3
2362	1580	3
2362	1673	3
2362	1704	5
2362	1923	5
2362	2247	2
2362	2712	1
2362	2997	4
2362	3159	2
2362	3263	4
2362	3302	2
2362	3317	2
2362	3538	2
2362	3786	3
2362	3793	3
2362	3952	2
2369	111	4
2369	457	5
2369	593	5
2369	608	4
2369	903	4
2369	1252	4
2369	1610	5
2369	1617	4
2369	2121	1
2369	2764	5
2369	2915	3
2369	2916	5
2369	2917	5
2369	3505	5
2369	3546	4
2372	17	5
2372	34	5
2372	110	4
2372	144	4
2372	318	5
2372	357	4
2372	477	4
2372	527	5
2372	593	5
2372	608	4
2372	1041	4
2372	1183	4
2372	1213	4
2372	1393	5
2372	1617	5
2372	1784	5
2372	1834	3
2372	1918	3
2372	2071	5
2372	2359	5
2372	2390	4
2372	2396	5
2372	2424	4
2372	2521	3
2372	2890	4
2372	2908	4
2372	2967	4
2372	2997	3
2372	3072	5
2372	3100	4
2372	3148	5
2372	3252	4
2372	3255	5
2372	3299	2
2372	3697	3
2376	6	3
2376	10	2
2376	17	3
2376	22	2
2376	31	2
2376	34	3
2376	36	4
2376	79	2
2376	105	2
2376	110	3
2376	111	4
2376	140	2
2376	144	5
2376	151	3
2376	153	2
2376	161	2
2376	198	2
2376	205	5
2376	231	3
2376	232	3
2376	235	4
2376	246	5
2376	282	3
2376	296	5
2376	299	4
2376	300	4
2376	318	4
2376	365	2
2376	372	3
2376	376	1
2376	425	3
2376	448	4
2376	454	2
2376	493	4
2376	515	4
2376	527	5
2376	529	3
2376	535	2
2376	538	4
2376	555	4
2376	587	2
2376	593	4
2376	608	5
2376	628	4
2376	635	3
2376	647	3
2376	697	3
2376	736	2
2376	766	2
2376	780	3
2376	782	1
2376	805	2
2376	832	2
2376	858	5
2376	866	4
2376	903	4
2376	908	5
2376	909	4
2376	924	5
2376	933	4
2376	953	5
2376	971	5
2376	999	3
2376	1041	4
2376	1060	3
2376	1084	5
2376	1088	3
2376	1092	3
2376	1094	3
2376	1104	4
2376	1147	5
2376	1183	4
2376	1193	4
2376	1204	5
2376	1213	4
2376	1220	3
2376	1225	5
2376	1228	4
2376	1230	5
2376	1242	4
2376	1252	4
2376	1258	5
2376	1271	3
2376	1272	3
2376	1278	4
2376	1292	2
2376	1293	4
2376	1295	3
2376	1333	3
2376	1357	3
2376	1387	3
2376	1391	1
2376	1393	3
2376	1396	4
2376	1407	3
2376	1408	4
2376	1466	5
2376	1498	2
2376	1542	4
2376	1562	2
2376	1580	4
2376	1610	2
2376	1611	3
2376	1617	5
2376	1633	5
2376	1639	4
2376	1660	2
2376	1673	5
2376	1674	3
2376	1683	4
2376	1687	2
2376	1704	4
2376	1721	2
2376	1727	2
2376	1729	3
2376	1747	2
2376	1784	4
2376	1788	5
2376	1794	4
2376	1834	5
2376	1840	2
2376	1845	5
2376	1892	3
2376	1942	4
2376	1953	4
2376	1954	5
2376	1962	5
2376	1964	4
2376	1994	4
2376	1997	4
2376	2001	2
2376	2022	2
2376	2023	2
2376	2024	4
2376	2058	2
2376	2112	5
2376	2138	3
2376	2146	3
2376	2193	2
2376	2272	2
2376	2282	4
2376	2289	3
2376	2329	4
2376	2336	4
2376	2395	5
2376	2399	2
2376	2411	2
2376	2433	2
2376	2442	5
2376	2474	3
2376	2579	2
2376	2583	5
2376	2716	3
2376	2734	4
2376	2739	3
2376	2745	5
2376	2763	2
2376	2764	2
2376	2794	2
2376	2804	3
2376	2840	3
2376	2871	4
2376	2881	2
2376	2883	4
2376	2890	5
2376	2908	4
2376	2916	2
2376	3006	5
2376	3020	4
2376	3039	3
2376	3044	5
2376	3063	2
2376	3100	5
2376	3104	4
2376	3107	2
2376	3125	3
2376	3142	2
2376	3148	4
2376	3176	4
2376	3178	2
2376	3185	2
2376	3203	5
2376	3219	3
2376	3238	1
2376	3252	4
2376	3255	2
2376	3256	3
2376	3299	2
2376	3317	4
2376	3354	1
2376	3362	4
2376	3418	4
2376	3421	4
2376	3424	4
2376	3430	4
2376	3468	4
2376	3471	4
2376	3476	4
2376	3499	4
2376	3500	1
2376	3505	3
2376	3537	3
2376	3538	5
2376	3578	4
2376	3671	4
2376	3684	4
2376	3720	3
2376	3753	3
2376	3791	3
2376	3798	2
2376	3823	5
2376	3906	3
2376	3910	5
2376	3952	3
2381	910	3
2381	2023	2
2381	2369	2
2381	2712	5
2381	2770	2
2381	3203	4
2381	3420	2
2385	110	4
2385	318	5
2385	605	3
2385	608	4
2385	926	4
2385	1193	3
2385	1704	5
2385	1722	3
2385	2967	3
2385	3359	3
2385	3926	3
2386	6	4
2386	158	4
2386	457	5
2386	480	4
2386	588	4
2386	595	5
2386	783	4
2386	1013	4
2386	1015	4
2386	1019	3
2386	1029	2
2386	1030	3
2386	1031	5
2386	1032	3
2386	1566	3
2386	1688	3
2386	1702	4
2386	1947	3
2386	2015	3
2386	2018	3
2386	2078	5
2386	2080	4
2386	2081	5
2386	2083	4
2386	2093	3
2386	2161	2
2386	2916	4
2386	3114	4
2386	3157	4
2386	3398	4
2386	3418	4
2395	6	4
2395	105	3
2395	110	3
2395	140	4
2395	232	3
2395	246	4
2395	293	3
2395	296	5
2395	299	5
2395	300	3
2395	318	5
2395	335	3
2395	441	3
2395	457	5
2395	480	5
2395	555	4
2395	590	5
2395	593	4
2395	608	3
2395	610	3
2395	780	3
2395	858	5
2395	866	5
2395	999	3
2395	1079	2
2395	1092	5
2395	1183	3
2395	1193	4
2395	1198	4
2395	1200	4
2395	1201	4
2395	1213	5
2395	1222	4
2395	1227	4
2395	1287	5
2395	1288	5
2395	1387	5
2395	1393	4
2395	1394	2
2395	1466	4
2395	1580	3
2395	1610	3
2395	1617	4
2395	1641	3
2395	1673	4
2395	1674	4
2395	1704	5
2395	1721	4
2395	1729	5
2395	1753	2
2395	1783	4
2395	1784	3
2395	1845	3
2395	1892	4
2395	1912	3
2395	1923	5
2395	1954	4
2395	1957	4
2395	1962	4
2395	2023	5
2395	2100	3
2395	2130	4
2395	2248	4
2395	2289	5
2395	2347	4
2395	2353	5
2395	2395	2
2395	2407	3
2395	2424	3
2395	2440	2
2395	2530	2
2395	2580	3
2395	2712	3
2395	2716	4
2395	2763	5
2395	2840	2
2395	2871	5
2395	2881	3
2395	2908	2
2395	2915	4
2395	2916	4
2395	2917	4
2395	2997	2
2395	3039	3
2395	3176	5
2395	3178	5
2395	3255	4
2395	3256	4
2395	3308	3
2395	3362	4
2395	3418	4
2395	3421	5
2395	3424	3
2395	3510	5
2395	3515	3
2395	3578	5
2395	3638	3
2395	3702	2
2395	3704	1
2395	3740	4
2395	3760	4
2395	3783	4
2395	3798	4
2395	3836	4
2395	3906	4
2401	110	5
2401	457	5
2401	480	5
2401	555	5
2401	785	5
2401	858	5
2401	1198	5
2401	1220	5
2401	1222	5
2401	1408	5
2401	1610	4
2401	2336	4
2401	2395	4
2401	2396	4
2401	2433	3
2401	2568	4
2401	2716	4
2401	2763	4
2401	2997	5
2401	3107	4
2401	3176	3
2401	3185	3
2401	3267	4
2401	3430	4
2401	3510	2
2407	34	4
2407	457	3
2407	527	4
2407	593	3
2407	595	5
2407	608	4
2407	858	5
2407	905	5
2407	907	5
2407	908	5
2407	910	5
2407	926	4
2407	931	3
2407	933	5
2407	945	5
2407	947	5
2407	1019	4
2407	1028	5
2407	1029	4
2407	1032	3
2407	1041	4
2407	1079	4
2407	1084	4
2407	1086	3
2407	1136	4
2407	1150	4
2407	1178	4
2407	1211	1
2407	1213	4
2407	1214	4
2407	1225	4
2407	1230	4
2407	1238	4
2407	1242	4
2407	1252	4
2407	1265	4
2407	1276	5
2407	1278	5
2407	1288	5
2407	1394	4
2407	1407	4
2407	1617	4
2407	1674	1
2407	1950	4
2407	1953	5
2407	2018	3
2407	2080	4
2407	2081	4
2407	2118	4
2407	2203	4
2407	2208	4
2407	2289	3
2407	2349	5
2407	2551	4
2407	2716	3
2407	2804	4
2407	2935	5
2407	2937	5
2407	3022	5
2407	3039	3
2407	3044	5
2407	3086	5
2407	3088	4
2407	3114	4
2407	3157	4
2407	3334	3
2407	3359	5
2407	3551	4
2407	3671	3
2407	3873	4
2407	3929	5
2408	454	4
2408	593	5
2408	736	3
2408	924	3
2408	1092	4
2408	1096	3
2408	1193	4
2408	1438	3
2408	1480	3
2408	1573	4
2408	1615	4
2408	1617	3
2408	1674	5
2408	1721	3
2408	1783	4
2408	1892	5
2408	1953	4
2408	2110	1
2408	2353	4
2408	2763	1
2408	2871	5
2408	2881	5
2408	3005	5
2408	3102	4
2408	3148	4
2408	3176	4
2408	3354	4
2408	3476	1
2408	3510	5
2408	3513	5
2408	3546	5
2408	3555	2
2408	3579	3
2408	3747	1
2408	3753	2
2412	110	5
2412	858	5
2412	1214	5
2412	1387	5
2412	1388	3
2412	1721	5
2412	1931	4
2412	1953	5
2412	1954	5
2412	2530	3
2412	2531	3
2412	2532	4
2412	2535	2
2412	3418	4
2412	3430	4
2412	3638	3
2412	3729	4
2412	3782	3
2415	19	5
2415	480	3
2415	608	5
2415	1466	4
2415	1562	2
2415	1617	5
2415	1863	2
2415	2023	4
2415	2391	4
2415	2770	3
2415	2997	4
2415	3005	3
2415	3420	4
2415	3450	3
2415	3510	4
2415	3555	3
2415	3578	5
2419	5	4
2419	24	3
2419	65	1
2419	111	5
2419	122	2
2419	140	2
2419	144	4
2419	179	2
2419	180	4
2419	186	3
2419	216	3
2419	231	4
2419	296	5
2419	300	3
2419	318	5
2419	333	4
2419	339	3
2419	357	4
2419	371	3
2419	372	4
2419	381	2
2419	424	3
2419	432	3
2419	434	2
2419	441	4
2419	454	4
2419	500	2
2419	511	3
2419	518	2
2419	550	4
2419	587	4
2419	590	4
2419	593	4
2419	608	4
2419	628	4
2419	736	3
2419	782	2
2419	785	3
2419	788	3
2419	837	2
2419	858	4
2419	910	4
2419	924	3
2419	999	4
2419	1020	3
2419	1051	4
2419	1060	4
2419	1079	4
2419	1088	3
2419	1091	4
2419	1092	4
2419	1135	3
2419	1147	4
2419	1198	4
2419	1206	4
2419	1213	5
2419	1220	4
2419	1222	4
2419	1228	5
2419	1230	5
2419	1234	4
2419	1246	4
2419	1257	4
2419	1265	3
2419	1272	3
2419	1297	2
2419	1387	4
2419	1393	4
2419	1394	5
2419	1396	3
2419	1485	4
2419	1513	3
2419	1569	4
2419	1580	4
2419	1610	4
2419	1617	5
2419	1639	5
2419	1640	1
2419	1641	4
2419	1673	4
2419	1704	5
2419	1721	4
2419	1729	4
2419	1784	4
2419	1794	4
2419	1816	3
2419	1863	2
2419	1888	2
2419	1917	4
2419	1918	3
2419	1923	4
2419	1954	4
2419	1955	4
2419	1962	4
2419	1963	4
2419	2001	3
2419	2011	3
2419	2012	3
2419	2058	3
2419	2059	3
2419	2060	2
2419	2100	4
2419	2104	3
2419	2112	4
2419	2146	5
2419	2195	2
2419	2245	4
2419	2248	5
2419	2261	3
2419	2262	4
2419	2264	3
2419	2265	1
2419	2289	4
2419	2292	3
2419	2302	5
2419	2374	2
2419	2380	1
2419	2395	4
2419	2396	4
2419	2410	3
2419	2411	2
2419	2416	3
2419	2424	4
2419	2433	4
2419	2457	3
2419	2468	1
2419	2474	3
2419	2506	2
2419	2539	4
2419	2558	2
2419	2580	4
2419	2598	3
2419	2640	3
2419	2690	3
2419	2712	3
2419	2714	2
2419	2716	3
2419	2746	3
2419	2763	4
2419	2769	4
2419	2770	4
2419	2772	3
2419	2794	4
2419	2795	4
2419	2796	3
2419	2804	5
2419	2871	4
2419	2881	4
2419	2883	4
2419	2890	4
2419	2908	4
2419	2915	5
2419	2917	4
2419	2950	2
2419	2953	3
2419	2976	3
2419	2978	2
2419	2979	3
2419	2997	4
2419	3005	4
2419	3006	4
2419	3019	4
2419	3020	2
2419	3033	4
2419	3039	4
2419	3040	3
2419	3051	3
2419	3072	3
2419	3100	4
2419	3104	4
2419	3107	4
2419	3115	3
2419	3142	3
2419	3146	4
2419	3148	4
2419	3169	4
2419	3176	4
2419	3178	4
2419	3238	1
2419	3243	2
2419	3244	3
2419	3252	3
2419	3253	4
2419	3255	4
2419	3256	4
2419	3263	4
2419	3269	2
2419	3274	2
2419	3308	4
2419	3317	4
2419	3331	2
2419	3359	4
2419	3385	3
2419	3421	5
2419	3450	4
2419	3476	3
2419	3478	2
2419	3500	2
2419	3501	3
2419	3505	4
2419	3506	3
2419	3510	4
2419	3513	3
2419	3524	3
2419	3552	5
2419	3555	4
2419	3578	4
2419	3590	3
2419	3608	2
2419	3616	3
2419	3618	4
2419	3649	3
2419	3671	4
2419	3698	3
2419	3707	2
2419	3709	2
2419	3733	4
2419	3744	3
2419	3747	4
2419	3753	4
2419	3791	3
2419	3793	3
2419	3797	2
2419	3821	3
2419	3841	3
2419	3879	2
2419	3884	2
2419	3893	3
2419	3896	3
2419	3898	3
2419	3943	2
2419	3952	4
2422	1079	4
2422	1230	4
2422	1252	3
2422	1784	5
2422	1962	5
2422	1963	4
2422	2023	3
2422	2080	5
2422	2289	4
2422	2709	3
2422	2795	5
2424	6	3
2424	95	4
2424	110	4
2424	145	4
2424	173	3
2424	318	5
2424	457	4
2424	480	4
2424	588	5
2424	653	2
2424	736	4
2424	780	4
2424	788	1
2424	858	5
2424	861	5
2424	924	3
2424	968	3
2424	1126	3
2424	1198	5
2424	1201	4
2424	1214	3
2424	1275	4
2424	1277	4
2424	1356	4
2424	1378	4
2424	1388	1
2424	1466	4
2424	1562	4
2424	1573	5
2424	1580	4
2424	1641	2
2424	1721	4
2424	1917	4
2424	1954	4
2424	2001	3
2424	2021	2
2424	2038	2
2424	2081	4
2424	2100	3
2424	2105	3
2424	2161	2
2424	2407	3
2424	2456	1
2424	2468	1
2424	2568	3
2424	2672	3
2424	2722	4
2424	2735	2
2424	2916	3
2424	3020	2
2424	3104	4
2424	3107	3
2424	3213	3
2424	3418	1
2424	3438	1
2424	3471	3
2424	3527	4
2424	3578	5
2424	3635	3
2424	3698	3
2424	3702	2
2424	3740	1
2424	3745	4
2424	3793	4
2434	110	5
2434	555	5
2434	593	5
2434	836	1
2434	858	5
2434	1394	5
2434	2248	1
2434	2329	4
2434	2395	3
2434	2916	5
2434	3005	3
2434	3552	5
2434	3578	4
2438	44	1
2438	110	5
2438	116	4
2438	222	4
2438	276	1
2438	282	2
2438	329	3
2438	355	2
2438	357	3
2438	448	4
2438	527	5
2438	529	5
2438	587	5
2438	842	3
2438	908	3
2438	1031	4
2438	1079	3
2438	1094	4
2438	1131	5
2438	1132	4
2438	1136	5
2438	1162	5
2438	1183	5
2438	1199	3
2438	1213	5
2438	1230	5
2438	1242	5
2438	1272	5
2438	1292	5
2438	1341	4
2438	1342	2
2438	1356	3
2438	1374	5
2438	1390	2
2438	1466	4
2438	1485	4
2438	1569	3
2438	1573	5
2438	1592	1
2438	1610	5
2438	1680	4
2438	1704	5
2438	1721	5
2438	1760	1
2438	1954	4
2438	1957	5
2438	1982	5
2438	2023	2
2438	2078	5
2438	2118	5
2438	2152	1
2438	2153	1
2438	2302	2
2438	2318	4
2438	2346	4
2438	2374	1
2438	2391	5
2438	2396	2
2438	2410	4
2438	2411	3
2438	2468	2
2438	2469	5
2438	2529	5
2438	2567	3
2438	2600	5
2438	2640	3
2438	2701	1
2438	2712	4
2438	2716	4
2438	2739	5
2438	2917	5
2438	2997	3
2438	3039	5
2438	3040	2
2438	3100	5
2438	3102	4
2438	3148	4
2438	3256	4
2438	3418	3
2438	3424	5
2438	3438	1
2438	3489	1
2438	3510	5
2438	3578	5
2438	3598	3
2438	3646	1
2438	3753	4
2438	3786	3
2438	3793	3
2438	3812	5
2440	425	3
2440	514	4
2440	635	3
2440	2188	3
2440	2347	3
2440	2770	4
2440	2826	4
2440	2874	4
2440	2908	3
2440	2976	3
2440	3263	2
2442	303	3
2442	595	5
2442	901	3
2442	914	5
2442	918	4
2442	938	3
2442	953	5
2442	1193	3
2442	1220	4
2442	1947	5
2442	2018	4
2442	2078	4
2442	2080	4
2442	2746	1
2442	3061	4
2442	3602	3
2442	3675	5
2443	110	1
2443	500	4
2443	1367	4
2443	1569	4
2443	1580	2
2443	2012	2
2443	2302	3
2443	2424	3
2443	2430	3
2443	3114	5
2443	3157	2
2443	3247	4
2443	3450	3
2443	3500	3
2443	3869	2
2449	110	5
2449	457	5
2449	480	5
2449	608	5
2449	908	4
2449	1193	5
2449	1580	4
2449	3450	3
2449	3753	5
2449	3869	1
2453	5	4
2453	10	3
2453	19	3
2453	24	3
2453	44	1
2453	61	3
2453	70	1
2453	78	4
2453	83	3
2453	95	4
2453	105	5
2453	110	5
2453	111	5
2453	144	3
2453	145	3
2453	147	4
2453	151	3
2453	153	3
2453	161	4
2453	163	3
2453	170	4
2453	173	1
2453	198	3
2453	215	5
2453	222	3
2453	229	4
2453	236	4
2453	246	5
2453	247	3
2453	270	4
2453	282	4
2453	293	4
2453	294	3
2453	296	4
2453	300	3
2453	303	2
2453	318	5
2453	326	3
2453	348	2
2453	357	3
2453	373	4
2453	376	3
2453	379	1
2453	381	4
2453	422	4
2453	427	2
2453	434	3
2453	446	3
2453	454	4
2453	457	5
2453	466	1
2453	477	4
2453	480	3
2453	493	3
2453	494	4
2453	500	4
2453	527	5
2453	529	3
2453	533	2
2453	537	2
2453	550	4
2453	555	4
2453	574	4
2453	587	4
2453	590	5
2453	593	5
2453	608	5
2453	635	3
2453	707	3
2453	736	2
2453	786	4
2453	788	3
2453	805	4
2453	830	1
2453	832	4
2453	836	3
2453	851	3
2453	858	5
2453	861	4
2453	866	5
2453	903	3
2453	909	4
2453	910	2
2453	916	4
2453	922	4
2453	953	1
2453	969	5
2453	971	4
2453	987	4
2453	998	3
2453	1034	4
2453	1059	2
2453	1060	3
2453	1088	3
2453	1092	5
2453	1094	5
2453	1096	5
2453	1104	5
2453	1183	5
2453	1193	4
2453	1198	5
2453	1200	4
2453	1213	5
2453	1214	4
2453	1220	3
2453	1222	4
2453	1226	5
2453	1246	4
2453	1265	3
2453	1271	4
2453	1276	4
2453	1283	3
2453	1356	4
2453	1357	5
2453	1366	3
2453	1372	5
2453	1373	4
2453	1374	3
2453	1382	4
2453	1387	2
2453	1393	4
2453	1396	4
2453	1407	4
2453	1408	4
2453	1415	4
2453	1432	4
2453	1437	3
2453	1466	4
2453	1477	3
2453	1480	3
2453	1488	2
2453	1498	4
2453	1542	4
2453	1562	3
2453	1569	4
2453	1573	3
2453	1580	4
2453	1610	5
2453	1611	4
2453	1612	3
2453	1616	3
2453	1617	4
2453	1633	4
2453	1639	3
2453	1641	4
2453	1660	3
2453	1673	4
2453	1674	4
2453	1687	4
2453	1704	5
2453	1721	5
2453	1722	5
2453	1727	4
2453	1729	5
2453	1747	3
2453	1769	2
2453	1784	5
2453	1792	3
2453	1816	3
2453	1833	3
2453	1834	4
2453	1835	4
2453	1840	3
2453	1892	4
2453	1899	2
2453	1923	2
2453	1953	4
2453	1954	5
2453	1955	4
2453	1957	3
2453	1962	5
2453	1982	1
2453	1994	2
2453	2001	4
2453	2012	2
2453	2023	4
2453	2058	4
2453	2081	3
2453	2100	3
2453	2112	4
2453	2120	1
2453	2183	4
2453	2262	4
2453	2267	3
2453	2278	3
2453	2282	1
2453	2293	3
2453	2302	4
2453	2318	4
2453	2320	4
2453	2353	4
2453	2369	3
2453	2391	5
2453	2395	4
2453	2396	5
2453	2405	4
2453	2407	3
2453	2416	2
2453	2424	3
2453	2433	3
2453	2442	4
2453	2471	3
2453	2474	4
2453	2485	2
2453	2539	3
2453	2589	3
2453	2598	4
2453	2600	2
2453	2620	3
2453	2626	3
2453	2640	4
2453	2690	4
2453	2692	3
2453	2716	2
2453	2745	5
2453	2763	3
2453	2769	4
2453	2822	4
2453	2829	2
2453	2842	4
2453	2871	4
2453	2908	4
2453	2912	5
2453	2915	3
2453	2916	4
2453	2917	5
2453	2928	4
2453	2950	3
2453	2951	4
2453	2952	4
2453	2976	4
2453	2996	5
2453	2997	3
2453	3005	3
2453	3006	4
2453	3020	3
2453	3039	3
2453	3072	4
2453	3100	4
2453	3104	4
2453	3125	4
2453	3145	3
2453	3148	4
2453	3176	4
2453	3178	4
2453	3219	3
2453	3247	3
2453	3252	5
2453	3255	4
2453	3256	5
2453	3263	3
2453	3269	3
2453	3272	4
2453	3274	5
2453	3330	5
2453	3418	4
2453	3421	3
2453	3436	4
2453	3444	4
2453	3450	2
2453	3452	2
2453	3475	4
2453	3476	4
2453	3478	4
2453	3489	3
2453	3513	4
2453	3515	3
2453	3524	3
2453	3527	4
2453	3555	4
2453	3578	4
2453	3584	3
2453	3618	3
2453	3697	4
2453	3728	4
2453	3744	3
2453	3747	2
2453	3753	5
2453	3783	5
2453	3791	2
2453	3811	5
2453	3824	3
2453	3844	4
2453	3869	4
2453	3879	3
2453	3896	3
2453	3952	5
2456	10	3
2456	44	3
2456	70	3
2456	95	3
2456	148	2
2456	153	3
2456	157	2
2456	163	5
2456	198	3
2456	235	3
2456	318	4
2456	329	3
2456	357	3
2456	365	4
2456	410	4
2456	416	3
2456	434	2
2456	448	4
2456	454	2
2456	457	3
2456	497	4
2456	500	2
2456	515	4
2456	518	4
2456	529	5
2456	537	4
2456	538	5
2456	546	3
2456	555	5
2456	587	2
2456	590	3
2456	593	4
2456	780	2
2456	849	2
2456	1028	3
2456	1041	4
2456	1079	4
2456	1091	2
2456	1096	4
2456	1198	4
2456	1199	5
2456	1213	4
2456	1215	5
2456	1220	4
2456	1222	4
2456	1225	4
2456	1242	3
2456	1246	2
2456	1257	4
2456	1258	4
2456	1261	3
2456	1265	3
2456	1275	4
2456	1277	5
2456	1288	4
2456	1290	3
2456	1293	4
2456	1297	3
2456	1339	2
2456	1373	1
2456	1374	4
2456	1378	3
2456	1379	2
2456	1394	4
2456	1407	3
2456	1408	4
2456	1411	4
2456	1441	3
2456	1562	1
2456	1617	4
2456	1699	2
2456	1721	2
2456	1882	1
2456	1912	3
2456	1917	2
2456	1967	3
2456	1994	3
2456	2001	3
2456	2011	3
2456	2012	3
2456	2021	3
2456	2093	4
2456	2100	2
2456	2105	3
2456	2110	3
2456	2111	3
2456	2118	3
2456	2125	3
2456	2146	2
2456	2153	1
2456	2173	5
2456	2193	2
2456	2245	2
2456	2247	3
2456	2248	4
2456	2262	2
2456	2289	4
2456	2311	3
2456	2312	3
2456	2313	4
2456	2369	3
2456	2373	2
2456	2374	2
2456	2395	4
2456	2401	3
2456	2405	2
2456	2407	3
2456	2416	3
2456	2617	4
2456	2701	2
2456	2716	4
2456	2735	2
2456	2745	4
2456	2746	3
2456	2752	2
2456	2770	4
2456	2795	3
2456	2796	2
2456	2890	5
2456	2915	2
2456	2916	3
2456	2917	3
2456	2950	2
2456	2986	2
2456	2997	4
2456	3019	4
2456	3020	3
2456	3033	2
2456	3036	4
2456	3039	3
2456	3072	3
2456	3104	3
2456	3107	2
2456	3114	4
2456	3141	3
2456	3175	4
2456	3203	3
2456	3252	2
2456	3253	4
2456	3272	2
2456	3418	3
2456	3424	4
2456	3426	3
2456	3429	4
2456	3438	4
2456	3479	3
2456	3489	2
2456	3499	3
2456	3521	4
2456	3527	3
2456	3544	3
2456	3608	3
2456	3685	4
2456	3697	2
2456	3698	2
2456	3703	4
2456	3704	3
2456	3707	2
2456	3708	3
2456	3723	3
2456	3727	4
2456	3740	5
2456	3819	4
2456	3844	1
2456	3869	3
2460	17	4
2460	110	4
2460	590	5
2460	903	5
2460	911	4
2460	914	4
2460	931	4
2460	933	5
2460	953	5
2460	969	4
2460	1083	1
2460	1198	5
2460	1200	3
2460	1204	5
2460	1226	5
2460	1242	4
2460	1617	3
2460	2038	3
2460	2396	4
2460	2433	4
2460	2701	3
2460	2716	5
2460	2763	5
2460	3114	5
2460	3157	4
2460	3406	4
2460	3841	2
2461	10	5
2461	36	5
2461	110	4
2461	303	3
2461	318	5
2461	457	4
2461	480	4
2461	527	5
2461	593	1
2461	608	1
2461	1136	5
2461	1198	5
2461	1215	5
2461	1220	5
2461	1257	4
2461	1261	4
2461	1265	3
2461	1393	4
2461	1411	4
2461	1580	5
2461	1610	4
2461	1617	4
2461	1639	3
2461	1704	4
2461	1722	3
2461	1747	4
2461	1912	4
2461	2011	3
2461	2248	4
2461	2329	5
2461	2336	3
2461	2396	5
2461	2692	4
2461	2716	4
2461	2804	4
2461	2916	5
2461	2997	2
2461	3175	4
2461	3253	3
2461	3255	3
2461	3300	3
2461	3450	2
2461	3515	4
2461	3555	1
2461	3578	3
2461	3596	2
2461	3616	2
2461	3793	2
2474	110	5
2474	111	4
2474	608	4
2474	1193	4
2474	1214	3
2474	1252	5
2474	1290	3
2474	1387	5
2474	1617	5
2474	1975	2
2474	1997	5
2474	2193	2
2474	2716	4
2474	3753	5
2475	799	2
2475	1130	3
2475	1214	5
2475	1215	4
2475	1258	4
2475	1278	4
2475	1340	5
2475	1387	5
2475	1407	4
2475	1982	5
2475	1997	5
2475	2583	2
2475	2639	4
2475	2716	3
2475	2899	3
2475	3499	3
2475	3727	1
2475	3932	4
2485	17	3
2485	24	5
2485	34	3
2485	36	5
2485	95	2
2485	110	4
2485	111	3
2485	144	4
2485	161	3
2485	235	3
2485	300	3
2485	307	3
2485	318	5
2485	340	3
2485	357	4
2485	448	3
2485	457	4
2485	477	4
2485	480	5
2485	505	3
2485	515	4
2485	527	5
2485	529	4
2485	538	5
2485	555	4
2485	590	4
2485	593	5
2485	608	3
2485	628	4
2485	866	3
2485	1060	5
2485	1096	5
2485	1193	5
2485	1213	5
2485	1225	5
2485	1228	3
2485	1246	5
2485	1265	3
2485	1271	4
2485	1272	4
2485	1287	5
2485	1293	4
2485	1339	3
2485	1357	4
2485	1393	5
2485	1396	3
2485	1411	4
2485	1513	3
2485	1610	3
2485	1617	3
2485	1661	3
2485	1673	3
2485	1674	4
2485	1704	5
2485	1721	3
2485	1784	4
2485	1834	2
2485	1953	5
2485	1957	4
2485	2023	4
2485	2188	3
2485	2248	4
2485	2302	4
2485	2312	3
2485	2313	5
2485	2329	5
2485	2356	3
2485	2369	2
2485	2396	4
2485	2399	3
2485	2433	2
2485	2456	4
2485	2469	2
2485	2490	4
2485	2501	5
2485	2529	4
2485	2530	3
2485	2531	3
2485	2532	4
2485	2533	4
2485	2546	3
2485	2712	2
2485	2716	2
2485	2722	3
2485	2734	2
2485	2739	4
2485	2763	4
2485	2840	2
2485	2862	2
2485	2881	3
2485	2890	2
2485	2908	4
2485	2919	4
2485	3005	4
2485	3006	5
2485	3051	3
2485	3068	5
2485	3100	3
2485	3114	4
2485	3115	4
2485	3128	3
2485	3148	5
2485	3176	3
2485	3185	3
2485	3203	3
2485	3214	3
2485	3219	4
2485	3252	3
2485	3267	4
2485	3325	1
2485	3359	3
2485	3426	4
2485	3450	3
2485	3471	4
2485	3499	4
2485	3510	4
2485	3513	3
2485	3578	4
2485	3579	3
2485	3723	4
2485	3798	3
2485	3906	2
2496	19	3
2496	34	4
2496	105	2
2496	110	4
2496	111	3
2496	151	4
2496	161	2
2496	231	3
2496	277	2
2496	296	4
2496	317	3
2496	318	4
2496	333	2
2496	355	1
2496	410	2
2496	432	3
2496	457	3
2496	480	3
2496	500	2
2496	527	5
2496	533	3
2496	590	3
2496	593	3
2496	608	3
2496	780	2
2496	786	2
2496	788	4
2496	842	2
2496	858	5
2496	903	4
2496	905	3
2496	908	4
2496	914	4
2496	924	4
2496	926	2
2496	931	3
2496	940	2
2496	945	4
2496	948	5
2496	952	3
2496	953	4
2496	968	3
2496	1014	2
2496	1017	3
2496	1019	3
2496	1079	2
2496	1083	3
2496	1084	4
2496	1086	5
2496	1092	2
2496	1094	1
2496	1104	4
2496	1130	3
2496	1135	2
2496	1136	4
2496	1183	1
2496	1189	4
2496	1193	5
2496	1198	4
2496	1200	3
2496	1201	5
2496	1204	4
2496	1206	4
2496	1213	4
2496	1215	2
2496	1220	4
2496	1222	4
2496	1225	4
2496	1226	3
2496	1227	5
2496	1230	3
2496	1234	4
2496	1246	3
2496	1252	3
2496	1258	4
2496	1265	3
2496	1272	5
2496	1276	5
2496	1278	5
2496	1283	5
2496	1287	5
2496	1292	4
2496	1293	3
2496	1331	4
2496	1333	4
2496	1339	2
2496	1340	3
2496	1372	3
2496	1373	2
2496	1374	4
2496	1387	5
2496	1388	1
2496	1391	4
2496	1407	2
2496	1408	5
2496	1485	3
2496	1499	2
2496	1580	3
2496	1595	1
2496	1610	4
2496	1641	1
2496	1674	3
2496	1727	1
2496	1917	3
2496	1923	3
2496	1924	2
2496	1927	5
2496	1935	5
2496	1943	3
2496	1947	4
2496	1949	3
2496	1950	3
2496	1953	3
2496	1954	4
2496	1962	4
2496	1982	4
2496	1994	3
2496	1997	4
2496	1998	2
2496	2009	4
2496	2011	1
2496	2012	1
2496	2015	1
2496	2021	2
2496	2023	3
2496	2057	3
2496	2072	2
2496	2110	3
2496	2118	3
2496	2120	4
2496	2122	2
2496	2132	3
2496	2183	3
2496	2232	3
2496	2245	3
2496	2287	4
2496	2302	3
2496	2311	4
2496	2313	4
2496	2346	3
2496	2380	2
2496	2382	2
2496	2407	2
2496	2410	2
2496	2411	2
2496	2468	1
2496	2469	2
2496	2501	3
2496	2529	2
2496	2530	1
2496	2531	1
2496	2533	1
2496	2535	2
2496	2539	3
2496	2554	3
2496	2640	3
2496	2642	2
2496	2651	1
2496	2652	2
2496	2664	5
2496	2670	3
2496	2701	2
2496	2716	3
2496	2719	1
2496	2739	3
2496	2746	3
2496	2747	3
2496	2764	5
2496	2770	2
2496	2781	2
2496	2788	2
2496	2804	4
2496	2871	3
2496	2916	3
2496	2917	4
2496	2921	4
2496	2922	4
2496	2951	4
2496	2953	1
2496	2986	2
2496	2993	3
2496	3005	3
2496	3015	3
2496	3033	4
2496	3037	4
2496	3107	3
2496	3114	3
2496	3135	3
2496	3196	3
2496	3198	3
2496	3203	2
2496	3263	1
2496	3330	3
2496	3334	4
2496	3362	3
2496	3365	5
2496	3379	3
2496	3404	3
2496	3418	3
2496	3421	4
2496	3430	3
2496	3444	1
2496	3445	3
2496	3471	3
2496	3486	4
2496	3489	2
2496	3499	3
2496	3505	3
2496	3508	3
2496	3527	3
2496	3545	3
2496	3546	4
2496	3551	4
2496	3552	4
2496	3635	3
2496	3654	3
2496	3671	4
2496	3675	4
2496	3681	4
2496	3685	4
2496	3693	2
2496	3695	2
2496	3697	3
2496	3702	2
2496	3729	3
2496	3734	3
2496	3780	2
2496	3834	2
2496	3869	3
2496	3926	3
2496	3927	1
2496	3928	1
2496	3931	1
2496	3932	4
2496	3935	3
2499	24	3
2499	968	2
2499	2038	3
2499	2336	4
2499	2433	5
2499	2526	2
2499	2598	3
2499	2670	5
2499	2712	1
2499	2716	3
2499	2719	2
2499	2734	4
2499	2995	2
2499	3005	5
2499	3053	3
2499	3175	4
2499	3176	5
2499	3185	3
2499	3203	3
2499	3219	4
2499	3238	2
2500	10	3
2500	95	4
2500	110	4
2500	151	4
2500	161	4
2500	163	3
2500	303	3
2500	379	4
2500	434	4
2500	457	5
2500	459	3
2500	480	4
2500	527	4
2500	548	4
2500	647	4
2500	736	4
2500	780	4
2500	786	4
2500	849	3
2500	908	4
2500	969	2
2500	1183	2
2500	1200	3
2500	1204	4
2500	1222	3
2500	1272	4
2500	1382	4
2500	1408	4
2500	1445	2
2500	1488	4
2500	1573	4
2500	1580	3
2500	1610	5
2500	1616	4
2500	1673	2
2500	1687	4
2500	1722	3
2500	1744	4
2500	1792	4
2500	1833	4
2500	1917	4
2500	2058	4
2500	2353	4
2500	2490	4
2500	2529	3
2500	2670	4
2500	2763	4
2500	2815	3
2500	2816	3
2500	2817	4
2500	2881	4
2500	3029	4
2500	3062	4
2500	3196	3
2500	3367	3
2500	3406	3
2500	3418	3
2500	3450	3
2500	3654	4
2500	3681	4
2500	3697	3
2500	3753	5
2500	3766	3
2500	3768	3
2500	3836	3
2500	3841	3
2502	36	4
2502	918	4
2502	1028	4
2502	1059	3
2502	1084	1
2502	2015	5
2502	2546	5
2502	3872	3
2503	24	1
2503	709	1
2503	968	5
2503	1032	3
2503	1096	2
2503	1130	4
2503	1135	2
2503	1193	2
2503	1198	5
2503	1200	5
2503	1222	4
2503	1225	5
2503	1227	4
2503	1238	2
2503	1242	2
2503	1246	1
2503	1275	3
2503	1346	4
2503	1357	1
2503	1373	3
2503	1374	5
2503	1378	1
2503	1513	4
2503	1674	5
2503	1957	3
2503	1962	3
2503	1967	2
2503	1974	3
2503	1994	3
2503	2001	2
2503	2011	4
2503	2021	3
2503	2072	1
2503	2105	1
2503	2111	4
2503	2121	3
2503	2161	1
2503	2193	4
2503	2247	1
2503	2382	3
2503	2405	3
2503	2407	4
2503	2408	3
2503	2410	3
2503	2411	3
2503	2469	4
2503	2471	4
2503	2485	4
2503	2581	3
2503	2642	1
2503	2670	4
2503	2716	4
2503	2722	4
2503	2734	2
2503	2739	1
2503	2746	3
2503	2761	4
2503	2794	3
2503	2795	4
2503	2796	4
2503	2804	4
2503	2903	3
2503	2950	4
2503	2990	5
2503	3033	5
2503	3036	4
2503	3039	3
2503	3068	3
2503	3072	2
2503	3114	5
2503	3157	3
2503	3175	5
2503	3219	2
2503	3251	2
2503	3308	1
2503	3388	1
2503	3401	1
2503	3479	4
2503	3524	3
2503	3527	5
2503	3552	4
2503	3608	1
2503	3698	3
2503	3703	4
2503	3704	5
2503	3707	4
2503	3708	2
2503	3734	1
2503	3791	1
2503	3844	1
2503	3877	3
2509	110	4
2509	527	5
2509	554	3
2509	635	4
2509	858	5
2509	969	4
2509	1198	4
2509	1200	4
2509	1214	4
2509	1242	4
2509	1382	2
2509	1387	3
2509	1610	3
2509	1657	3
2509	1769	4
2509	2019	3
2509	2529	2
2509	2692	3
2509	2817	2
2509	3178	5
2509	3404	4
2509	3587	3
2521	110	5
2521	329	2
2521	457	5
2521	480	4
2521	527	4
2521	590	5
2521	593	3
2521	968	2
2521	1136	2
2521	1198	5
2521	1387	3
2521	1485	5
2521	1580	4
2521	1704	5
2521	1954	4
2521	2193	3
2521	2353	5
2521	2424	3
2521	2701	4
2521	2716	4
2521	2916	4
2521	3107	4
2521	3421	5
2521	3527	4
2531	17	4
2531	111	3
2531	497	4
2531	914	4
2531	916	5
2531	933	5
2531	945	4
2531	1265	1
2531	1277	4
2531	1721	3
2531	2262	3
2531	2396	5
2531	2935	2
2531	3471	3
2531	3475	4
2531	3668	4
2537	5	2
2537	6	2
2537	17	3
2537	19	1
2537	34	4
2537	110	4
2537	111	4
2537	122	2
2537	157	1
2537	161	3
2537	174	1
2537	216	2
2537	231	1
2537	235	3
2537	250	1
2537	276	3
2537	293	4
2537	296	5
2537	300	3
2537	312	1
2537	317	3
2537	318	5
2537	330	1
2537	339	5
2537	360	3
2537	373	3
2537	410	2
2537	415	1
2537	419	1
2537	429	1
2537	432	1
2537	457	4
2537	480	4
2537	489	1
2537	500	3
2537	515	4
2537	527	4
2537	555	3
2537	587	3
2537	588	3
2537	590	4
2537	593	5
2537	595	2
2537	608	4
2537	628	4
2537	707	3
2537	743	2
2537	830	2
2537	838	4
2537	858	5
2537	905	3
2537	908	5
2537	909	3
2537	910	4
2537	914	4
2537	915	2
2537	916	3
2537	922	3
2537	924	4
2537	926	4
2537	933	3
2537	934	3
2537	942	4
2537	952	3
2537	953	5
2537	969	3
2537	971	3
2537	1028	3
2537	1042	4
2537	1078	2
2537	1079	4
2537	1083	2
2537	1084	4
2537	1091	3
2537	1094	3
2537	1096	3
2537	1104	3
2537	1126	1
2537	1135	1
2537	1136	4
2537	1189	2
2537	1198	5
2537	1199	4
2537	1200	4
2537	1204	4
2537	1206	3
2537	1213	4
2537	1214	4
2537	1215	5
2537	1220	4
2537	1225	4
2537	1226	3
2537	1228	3
2537	1230	3
2537	1238	3
2537	1242	4
2537	1246	3
2537	1252	5
2537	1258	3
2537	1261	4
2537	1265	5
2537	1271	4
2537	1272	5
2537	1276	3
2537	1278	5
2537	1283	3
2537	1287	4
2537	1288	4
2537	1333	4
2537	1356	3
2537	1357	4
2537	1367	3
2537	1378	2
2537	1387	5
2537	1394	4
2537	1396	4
2537	1425	3
2537	1445	1
2537	1485	3
2537	1490	1
2537	1513	1
2537	1569	3
2537	1580	5
2537	1610	4
2537	1617	4
2537	1639	4
2537	1660	3
2537	1674	3
2537	1679	1
2537	1702	2
2537	1704	4
2537	1747	4
2537	1783	2
2537	1784	4
2537	1895	2
2537	1912	3
2537	1918	2
2537	1923	4
2537	1927	3
2537	1931	3
2537	1942	4
2537	1950	4
2537	1953	4
2537	1955	3
2537	1957	3
2537	1962	4
2537	1964	3
2537	1982	4
2537	2004	1
2537	2011	1
2537	2012	4
2537	2015	4
2537	2018	3
2537	2032	3
2537	2036	1
2537	2053	1
2537	2072	2
2537	2078	4
2537	2080	3
2537	2081	3
2537	2100	3
2537	2102	3
2537	2110	4
2537	2111	3
2537	2181	3
2537	2184	3
2537	2212	4
2537	2245	3
2537	2247	2
2537	2248	2
2537	2249	2
2537	2252	2
2537	2257	2
2537	2289	4
2537	2302	5
2537	2313	3
2537	2349	2
2537	2359	4
2537	2374	1
2537	2380	1
2537	2391	3
2537	2395	4
2537	2405	1
2537	2407	3
2537	2416	1
2537	2457	3
2537	2468	4
2537	2469	3
2537	2471	1
2537	2529	5
2537	2558	2
2537	2567	2
2537	2581	2
2537	2598	1
2537	2664	3
2537	2716	4
2537	2735	1
2537	2746	3
2537	2788	3
2537	2793	1
2537	2794	2
2537	2796	1
2537	2798	1
2537	2804	4
2537	2870	2
2537	2871	4
2537	2883	4
2537	2890	4
2537	2915	3
2537	2917	4
2537	2919	4
2537	2953	1
2537	2971	2
2537	2997	4
2537	3019	2
2537	3028	4
2537	3031	1
2537	3037	4
2537	3040	1
2537	3043	1
2537	3068	4
2537	3072	3
2537	3088	5
2537	3100	4
2537	3104	3
2537	3135	2
2537	3175	4
2537	3217	3
2537	3244	4
2537	3247	3
2537	3253	4
2537	3255	4
2537	3263	2
2537	3300	2
2537	3334	4
2537	3362	3
2537	3365	3
2537	3385	1
2537	3388	3
2537	3409	2
2537	3418	3
2537	3421	4
2537	3450	2
2537	3466	4
2537	3499	3
2537	3501	1
2537	3508	3
2537	3520	1
2537	3524	4
2537	3545	2
2537	3551	3
2537	3552	4
2537	3555	3
2537	3578	4
2537	3608	3
2537	3654	3
2537	3668	3
2537	3671	4
2537	3681	4
2537	3703	3
2537	3704	2
2537	3710	1
2537	3712	3
2537	3753	4
2537	3760	5
2537	3783	4
2537	3812	2
2537	3836	5
2537	3841	1
2537	3849	4
2537	3869	4
2537	3873	3
2537	3928	4
2543	318	5
2543	457	5
2543	527	5
2543	593	5
2543	1193	5
2543	1213	4
2543	1214	4
2543	1225	4
2543	1367	4
2543	1394	4
2543	1704	5
2543	1947	4
2543	3468	4
2543	3471	4
2545	34	4
2545	296	4
2545	318	5
2545	457	4
2545	527	5
2545	593	5
2545	1198	5
2545	1225	5
2545	1242	4
2545	1293	5
2545	1704	4
2545	1834	4
2545	1900	5
2545	2313	4
2545	2690	5
2545	2804	5
2545	2864	1
2545	2870	5
2545	3148	5
2545	3222	5
2545	3330	3
2545	3354	3
2545	3510	4
2545	3555	4
2545	3753	5
2547	17	5
2547	110	3
2547	144	4
2547	293	5
2547	296	5
2547	318	5
2547	480	3
2547	527	5
2547	538	5
2547	593	4
2547	608	5
2547	707	3
2547	858	4
2547	903	3
2547	905	4
2547	908	5
2547	909	5
2547	910	5
2547	922	5
2547	926	5
2547	942	4
2547	969	5
2547	1041	5
2547	1096	5
2547	1136	5
2547	1171	4
2547	1193	5
2547	1198	4
2547	1201	2
2547	1204	4
2547	1206	3
2547	1213	4
2547	1225	4
2547	1238	5
2547	1252	5
2547	1276	5
2547	1283	3
2547	1580	3
2547	1617	5
2547	1673	4
2547	1747	3
2547	1783	3
2547	1906	3
2547	1950	5
2547	2018	5
2547	2132	5
2547	2289	4
2547	2396	3
2547	2804	4
2547	3006	4
2547	3198	4
2547	3334	5
2547	3365	3
2547	3424	4
2547	3467	5
2547	3468	4
2547	3634	4
2556	296	2
2556	480	1
2556	515	2
2556	527	2
2556	593	2
2556	1175	4
2556	1176	4
2556	1225	4
2556	1236	4
2556	1264	2
2556	1293	5
2556	1617	4
2556	1704	3
2556	1834	4
2556	1914	4
2556	2997	4
2556	3418	2
2559	10	4
2559	34	4
2559	76	3
2559	110	5
2559	161	5
2559	293	3
2559	296	4
2559	318	4
2559	329	4
2559	457	5
2559	466	4
2559	480	5
2559	500	4
2559	587	4
2559	590	4
2559	593	5
2559	608	3
2559	628	4
2559	653	3
2559	780	4
2559	785	4
2559	788	4
2559	799	4
2559	837	3
2559	858	5
2559	903	3
2559	908	5
2559	924	4
2559	969	3
2559	1019	4
2559	1060	3
2559	1198	5
2559	1200	4
2559	1214	4
2559	1215	3
2559	1234	4
2559	1242	5
2559	1265	4
2559	1356	4
2559	1387	4
2559	1391	3
2559	1396	5
2559	1407	4
2559	1408	4
2559	1466	3
2559	1513	3
2559	1573	4
2559	1580	3
2559	1610	5
2559	1615	4
2559	1616	4
2559	1617	4
2559	1674	4
2559	1779	4
2559	1892	4
2559	1895	3
2559	1912	4
2559	1923	5
2559	1967	4
2559	2012	3
2559	2058	4
2559	2161	3
2559	2193	4
2559	2336	3
2559	2359	4
2559	2395	3
2559	2396	4
2559	2433	3
2559	2574	2
2559	2617	1
2559	2716	5
2559	2719	2
2559	2722	1
2559	2763	4
2559	2770	4
2559	2840	3
2559	2881	2
2559	2890	3
2559	3005	3
2559	3178	5
2559	3256	5
2559	3263	4
2559	3450	4
2559	3471	4
2559	3477	4
2559	3489	4
2559	3578	5
2559	3753	4
2559	3798	5
2565	19	3
2565	24	4
2565	34	4
2565	110	2
2565	140	5
2565	151	3
2565	231	5
2565	271	4
2565	277	3
2565	282	5
2565	296	5
2565	300	4
2565	317	4
2565	318	5
2565	333	4
2565	376	4
2565	480	4
2565	500	5
2565	518	4
2565	527	5
2565	587	5
2565	590	5
2565	747	2
2565	780	5
2565	788	4
2565	870	2
2565	903	5
2565	924	2
2565	1013	5
2565	1028	4
2565	1042	4
2565	1088	4
2565	1094	3
2565	1136	1
2565	1183	2
2565	1193	5
2565	1198	4
2565	1214	4
2565	1220	4
2565	1225	3
2565	1265	5
2565	1271	5
2565	1275	1
2565	1286	5
2565	1292	4
2565	1293	5
2565	1356	4
2565	1363	4
2565	1372	3
2565	1373	3
2565	1387	5
2565	1393	5
2565	1485	5
2565	1562	3
2565	1569	4
2565	1674	5
2565	1721	5
2565	1727	4
2565	1835	5
2565	1917	5
2565	1923	5
2565	1954	4
2565	1955	4
2565	1957	4
2565	1962	5
2565	1994	4
2565	1997	3
2565	2018	5
2565	2036	2
2565	2059	5
2565	2072	3
2565	2078	4
2565	2083	1
2565	2100	4
2565	2111	3
2565	2142	5
2565	2151	3
2565	2247	4
2565	2249	4
2565	2313	5
2565	2380	3
2565	2382	2
2565	2396	1
2565	2407	4
2565	2424	5
2565	2433	4
2565	2529	3
2565	2535	4
2565	2574	4
2565	2709	1
2565	2716	4
2565	2794	4
2565	2795	5
2565	2950	3
2565	3100	5
2565	3157	4
2565	3176	4
2565	3185	3
2565	3214	4
2565	3217	3
2565	3247	3
2565	3251	4
2565	3252	4
2565	3253	3
2565	3354	4
2565	3398	1
2565	3418	5
2565	3438	1
2565	3450	3
2565	3471	4
2565	3524	4
2565	3552	4
2565	3608	4
2565	3671	2
2565	3753	5
2565	3791	4
2565	3821	4
2565	3844	4
2565	3869	2
2566	10	4
2566	24	3
2566	34	4
2566	95	3
2566	110	4
2566	158	3
2566	235	2
2566	317	4
2566	318	4
2566	329	3
2566	454	4
2566	457	5
2566	480	4
2566	527	5
2566	587	3
2566	588	4
2566	595	4
2566	609	2
2566	736	3
2566	780	4
2566	783	2
2566	788	2
2566	832	4
2566	858	3
2566	924	2
2566	953	3
2566	969	4
2566	1015	3
2566	1028	5
2566	1029	3
2566	1032	3
2566	1064	2
2566	1079	2
2566	1083	3
2566	1088	4
2566	1092	4
2566	1094	1
2566	1136	3
2566	1198	5
2566	1201	4
2566	1214	3
2566	1234	5
2566	1265	5
2566	1275	3
2566	1278	3
2566	1283	4
2566	1287	4
2566	1356	3
2566	1372	1
2566	1373	2
2566	1374	4
2566	1387	2
2566	1391	2
2566	1396	2
2566	1566	3
2566	1580	4
2566	1610	4
2566	1688	4
2566	1722	4
2566	1917	4
2566	1954	3
2566	2001	4
2566	2009	2
2566	2012	5
2566	2058	3
2566	2059	4
2566	2078	4
2566	2081	4
2566	2142	3
2566	2193	3
2566	2278	3
2566	2353	4
2566	2399	4
2566	2407	5
2566	2410	3
2566	2411	2
2566	2529	4
2566	2533	2
2566	2535	2
2566	2640	3
2566	2761	4
2566	2915	3
2566	2916	4
2566	2921	4
2566	2951	4
2566	2986	1
2566	3020	2
2566	3039	4
2566	3068	3
2566	3114	4
2566	3175	4
2566	3256	4
2566	3269	2
2566	3354	3
2566	3359	2
2566	3421	4
2566	3430	3
2566	3444	2
2566	3452	4
2566	3471	3
2566	3510	4
2566	3527	3
2566	3552	5
2566	3555	3
2566	3578	5
2566	3635	3
2566	3671	4
2566	3698	4
2566	3703	5
2566	3704	3
2566	3740	4
2566	3793	4
2566	3926	4
2566	3927	3
2575	6	5
2575	24	3
2575	70	5
2575	95	4
2575	110	5
2575	296	5
2575	329	4
2575	457	4
2575	610	4
2575	653	3
2575	780	5
2575	785	3
2575	858	5
2575	1193	3
2575	1198	5
2575	1200	3
2575	1213	4
2575	1214	5
2575	1220	4
2575	1222	4
2575	1275	3
2575	1287	4
2575	1372	1
2575	1387	5
2575	1391	2
2575	1573	5
2575	1580	4
2575	1610	4
2575	1792	4
2575	1912	3
2575	1917	5
2575	1954	4
2575	1994	5
2575	1997	5
2575	2001	4
2575	2023	5
2575	2058	5
2575	2278	5
2575	2353	5
2575	2370	2
2575	2396	3
2575	2433	4
2575	2490	5
2575	2529	5
2575	2533	3
2575	2574	4
2575	2709	2
2575	2712	4
2575	2714	4
2575	2716	4
2575	2734	3
2575	2735	3
2575	2763	4
2575	2770	3
2575	2826	4
2575	2840	2
2575	2881	4
2575	2916	4
2575	2976	2
2575	2990	3
2575	2997	5
2575	3005	4
2575	3107	3
2575	3176	4
2575	3219	5
2575	3256	4
2575	3354	4
2575	3418	5
2575	3430	3
2575	3499	4
2575	3527	4
2575	3555	4
2575	3578	5
2575	3587	3
2575	3638	2
2575	3676	4
2575	3698	3
2575	3702	5
2575	3703	4
2575	3704	3
2575	3740	2
2575	3793	2
2576	6	4
2576	44	3
2576	95	3
2576	110	4
2576	145	3
2576	153	1
2576	163	3
2576	170	5
2576	173	3
2576	198	5
2576	317	3
2576	329	3
2576	360	1
2576	379	3
2576	434	3
2576	457	3
2576	480	3
2576	546	2
2576	608	4
2576	610	2
2576	653	3
2576	736	3
2576	741	5
2576	780	3
2576	788	4
2576	799	4
2576	836	1
2576	849	3
2576	880	1
2576	1135	4
2576	1198	5
2576	1199	4
2576	1200	5
2576	1201	4
2576	1206	4
2576	1214	4
2576	1215	5
2576	1220	5
2576	1222	4
2576	1223	4
2576	1242	4
2576	1258	3
2576	1356	3
2576	1372	4
2576	1373	1
2576	1374	4
2576	1378	3
2576	1379	2
2576	1391	3
2576	1394	5
2576	1396	5
2576	1407	4
2576	1438	1
2576	1499	1
2576	1562	1
2576	1570	3
2576	1573	4
2576	1580	4
2576	1590	2
2576	1599	1
2576	1610	4
2576	1688	4
2576	1721	4
2576	1769	3
2576	1772	3
2576	1779	1
2576	1862	1
2576	1917	1
2576	1967	4
2576	1984	3
2576	1994	4
2576	2001	3
2576	2004	1
2576	2011	3
2576	2012	3
2576	2019	5
2576	2046	4
2576	2105	4
2576	2120	1
2576	2149	3
2576	2193	3
2576	2278	4
2576	2322	2
2576	2407	4
2576	2600	3
2576	2640	3
2576	2692	5
2576	2716	4
2576	2735	3
2576	2746	3
2576	2747	3
2576	2761	4
2576	2916	4
2576	2951	4
2576	2986	1
2576	2990	2
2576	3020	4
2576	3033	3
2576	3107	3
2576	3114	4
2576	3175	5
2576	3213	4
2576	3256	4
2576	3267	4
2576	3274	3
2576	3325	1
2576	3354	1
2576	3444	3
2576	3476	3
2576	3489	2
2576	3499	3
2576	3527	4
2576	3555	4
2576	3594	1
2576	3693	2
2576	3697	3
2576	3698	3
2576	3702	4
2576	3703	5
2576	3704	3
2576	3709	2
2576	3740	4
2576	3937	1
2577	110	4
2577	144	5
2577	992	3
2577	1091	4
2577	2433	3
2577	2490	3
2577	2546	3
2577	2722	3
2577	2763	4
2577	2829	2
2577	2881	4
2577	2908	2
2577	2995	1
2577	3005	4
2577	3148	5
2577	3238	1
2577	3450	5
2577	3513	3
2577	3555	3
2577	3753	5
2585	34	4
2585	36	3
2585	105	3
2585	318	4
2585	454	4
2585	457	5
2585	527	4
2585	529	4
2585	590	3
2585	593	4
2585	608	4
2585	858	4
2585	903	4
2585	908	4
2585	910	3
2585	952	4
2585	953	4
2585	969	4
2585	971	3
2585	1136	3
2585	1193	4
2585	1198	4
2585	1200	4
2585	1225	3
2585	1246	3
2585	1252	4
2585	1293	4
2585	1333	4
2585	1387	4
2585	1393	4
2585	1401	4
2585	1465	4
2585	1513	3
2585	1610	4
2585	1617	4
2585	1674	4
2585	1704	4
2585	1727	4
2585	1784	4
2585	1955	3
2585	1997	5
2585	2011	4
2585	2302	4
2585	2312	4
2585	2313	4
2585	2396	2
2585	2501	4
2585	2670	4
2585	2747	2
2585	2795	3
2585	2819	4
2585	2871	4
2585	3028	2
2585	3061	4
2585	3100	3
2585	3148	4
2585	3169	4
2585	3421	2
2585	3467	3
2585	3681	4
2586	111	5
2586	296	5
2586	571	3
2586	924	4
2586	1079	4
2586	1084	4
2586	1136	4
2586	1225	2
2586	1228	5
2586	1276	3
2586	1288	5
2586	1387	3
2586	1394	5
2586	1617	5
2586	2023	4
2586	2692	4
2586	2871	4
2586	2997	4
2586	3006	5
2586	3019	4
2586	3100	3
2586	3671	4
2586	3679	5
2586	3732	3
2606	1028	3
2606	1136	4
2606	1230	5
2606	1234	5
2606	1276	5
2606	1278	5
2606	1292	5
2606	1394	4
2606	1485	3
2606	2302	5
2606	2349	4
2606	2395	4
2606	2396	4
2606	2716	4
2606	2804	5
2606	3037	4
2606	3072	4
2606	3114	5
2606	3421	3
2606	3671	5
2606	3685	5
2607	8	3
2607	34	3
2607	36	3
2607	111	4
2607	246	3
2607	276	3
2607	296	3
2607	318	5
2607	381	4
2607	457	3
2607	497	4
2607	527	5
2607	590	5
2607	593	5
2607	608	5
2607	858	5
2607	908	4
2607	910	4
2607	969	5
2607	986	5
2607	1094	5
2607	1193	5
2607	1204	5
2607	1213	4
2607	1230	2
2607	1234	5
2607	1252	5
2607	1265	3
2607	1357	4
2607	1617	4
2607	1704	5
2607	1927	3
2607	2019	4
2607	2359	4
2607	2396	5
2607	2501	5
2607	3100	5
2607	3144	3
2607	3723	4
2607	3789	3
2608	17	5
2608	49	2
2608	52	4
2608	110	2
2608	211	3
2608	222	3
2608	232	4
2608	235	2
2608	246	5
2608	293	5
2608	296	5
2608	299	5
2608	300	4
2608	318	5
2608	348	3
2608	457	3
2608	527	2
2608	529	5
2608	535	3
2608	593	3
2608	608	5
2608	705	4
2608	858	5
2608	933	4
2608	1041	5
2608	1042	3
2608	1046	5
2608	1050	1
2608	1084	3
2608	1131	5
2608	1132	5
2608	1136	4
2608	1150	5
2608	1161	4
2608	1193	5
2608	1198	5
2608	1199	5
2608	1206	4
2608	1213	5
2608	1214	3
2608	1217	5
2608	1220	4
2608	1222	4
2608	1225	3
2608	1230	5
2608	1234	4
2608	1237	5
2608	1242	4
2608	1246	5
2608	1264	4
2608	1265	5
2608	1272	4
2608	1276	3
2608	1277	4
2608	1292	4
2608	1293	5
2608	1333	3
2608	1357	3
2608	1394	4
2608	1594	4
2608	1610	4
2608	1617	5
2608	1674	4
2608	1704	3
2608	1729	4
2608	1834	4
2608	1875	5
2608	1912	3
2608	1916	5
2608	1957	5
2608	1963	5
2608	2019	5
2608	2073	3
2608	2248	3
2608	2282	5
2608	2289	4
2608	2305	3
2608	2313	3
2608	2329	2
2608	2349	4
2608	2351	4
2608	2390	2
2608	2395	5
2608	2396	5
2608	2442	3
2608	2501	4
2608	2511	4
2608	2607	4
2608	2692	3
2608	2788	5
2608	2883	3
2608	2908	3
2608	2912	5
2608	2915	3
2608	2997	5
2608	3006	5
2608	3019	3
2608	3037	5
2608	3145	3
2608	3148	3
2608	3283	3
2608	3359	5
2608	3362	4
2608	3418	5
2608	3424	4
2608	3499	4
2608	3527	1
2608	3545	5
2608	3855	4
2608	3896	2
2616	34	5
2616	318	3
2616	515	3
2616	527	5
2616	529	4
2616	588	3
2616	858	4
2616	1046	5
2616	1084	3
2616	1094	4
2616	1096	4
2616	1193	4
2616	1213	2
2616	1225	4
2616	1276	4
2616	1674	3
2616	2313	4
2616	2501	3
2616	2530	2
2616	2607	2
2616	2919	4
2616	3811	4
2616	3823	2
2619	110	3
2619	246	5
2619	318	5
2619	457	5
2619	527	5
2619	590	5
2619	593	4
2619	595	5
2619	608	5
2619	858	4
2619	924	4
2619	1136	4
2619	1193	5
2619	1201	5
2619	1204	5
2619	1206	5
2619	1214	4
2619	1225	2
2619	1230	5
2619	1234	4
2619	1242	4
2619	1252	5
2619	1272	5
2619	1292	4
2619	1387	5
2619	1617	4
2619	1704	4
2619	1953	5
2619	1964	5
2619	2396	5
2619	2761	5
2619	2770	4
2619	2908	2
2619	3006	4
2619	3100	4
2619	3114	5
2619	3203	4
2619	3359	5
2619	3362	4
2619	3421	4
2619	3471	3
2619	3513	4
2619	3733	5
2619	3798	4
2619	3873	3
2620	10	3
2620	110	3
2620	153	2
2620	170	3
2620	173	3
2620	296	5
2620	329	3
2620	434	4
2620	466	3
2620	480	4
2620	527	5
2620	593	5
2620	736	3
2620	780	5
2620	786	2
2620	798	3
2620	805	5
2620	858	4
2620	1079	4
2620	1084	3
2620	1136	5
2620	1198	4
2620	1200	3
2620	1214	4
2620	1220	3
2620	1222	4
2620	1265	3
2620	1272	4
2620	1275	3
2620	1356	3
2620	1374	3
2620	1387	3
2620	1388	3
2620	1391	1
2620	1408	4
2620	1438	4
2620	1573	3
2620	1580	2
2620	1590	4
2620	1610	5
2620	1687	3
2620	1722	4
2620	1784	3
2620	1833	4
2620	1882	3
2620	1917	4
2620	2001	4
2620	2023	4
2620	2058	5
2620	2278	4
2620	2410	3
2620	2411	3
2620	2529	2
2620	2530	2
2620	2531	2
2620	2532	2
2620	2533	2
2620	2617	5
2620	2640	3
2620	2664	3
2620	2716	4
2620	2788	5
2620	2890	5
2620	2916	2
2620	2978	3
2620	2986	3
2620	3006	4
2620	3253	5
2620	3300	5
2620	3438	2
2620	3527	4
2620	3635	3
2620	3697	3
2620	3698	3
2620	3702	1
2620	3704	1
2620	3753	5
2620	3864	3
2620	3932	5
2621	8	2
2621	10	3
2621	19	4
2621	44	3
2621	65	1
2621	70	1
2621	110	5
2621	153	3
2621	157	4
2621	158	2
2621	163	5
2621	180	3
2621	181	2
2621	210	3
2621	246	1
2621	296	3
2621	317	3
2621	318	5
2621	329	5
2621	362	5
2621	379	1
2621	410	2
2621	432	3
2621	434	4
2621	466	4
2621	493	2
2621	527	4
2621	537	1
2621	546	2
2621	588	5
2621	590	3
2621	593	4
2621	595	4
2621	609	3
2621	653	2
2621	741	3
2621	743	2
2621	780	4
2621	784	1
2621	785	2
2621	788	5
2621	836	3
2621	837	2
2621	842	2
2621	849	3
2621	858	4
2621	870	3
2621	880	1
2621	914	3
2621	924	2
2621	1015	3
2621	1042	3
2621	1059	4
2621	1092	3
2621	1126	1
2621	1136	5
2621	1198	5
2621	1200	4
2621	1215	3
2621	1220	5
2621	1222	4
2621	1258	4
2621	1265	4
2621	1271	3
2621	1276	4
2621	1283	3
2621	1287	3
2621	1293	3
2621	1356	2
2621	1367	3
2621	1372	5
2621	1391	2
2621	1396	3
2621	1408	5
2621	1438	2
2621	1488	3
2621	1562	1
2621	1566	3
2621	1580	3
2621	1592	1
2621	1606	1
2621	1611	1
2621	1702	3
2621	1704	3
2621	1721	5
2621	1727	3
2621	1744	3
2621	1769	2
2621	1772	2
2621	1784	5
2621	1835	5
2621	1862	1
2621	1863	2
2621	1882	3
2621	1895	3
2621	1917	5
2621	1918	3
2621	1920	3
2621	1923	3
2621	1997	3
2621	2004	2
2621	2012	1
2621	2027	3
2621	2045	4
2621	2046	3
2621	2059	2
2621	2060	5
2621	2083	4
2621	2278	3
2621	2353	2
2621	2396	3
2621	2549	2
2621	2589	3
2621	2617	4
2621	2692	5
2621	2712	1
2621	2716	5
2621	2804	2
2621	2822	4
2621	2871	4
2621	2889	2
2621	2890	2
2621	2916	1
2621	2953	3
2621	2986	2
2621	3005	2
2621	3061	4
2621	3063	3
2621	3114	5
2621	3146	3
2621	3175	3
2621	3263	2
2621	3468	3
2621	3477	3
2621	3489	4
2621	3551	3
2621	3608	2
2621	3649	2
2621	3671	4
2621	3697	3
2621	3753	3
2621	3838	2
2621	3869	3
2621	3873	2
2624	110	5
2624	151	4
2624	256	4
2624	293	4
2624	317	4
2624	318	5
2624	329	4
2624	357	5
2624	379	4
2624	425	4
2624	434	4
2624	457	4
2624	480	3
2624	483	3
2624	497	5
2624	590	5
2624	593	5
2624	595	5
2624	608	5
2624	736	4
2624	780	4
2624	838	5
2624	858	4
2624	903	4
2624	908	5
2624	914	5
2624	915	5
2624	916	4
2624	924	3
2624	940	3
2624	945	4
2624	952	4
2624	969	5
2624	1015	4
2624	1017	4
2624	1019	4
2624	1025	4
2624	1029	4
2624	1078	3
2624	1084	4
2624	1088	3
2624	1092	3
2624	1094	4
2624	1183	5
2624	1193	5
2624	1198	5
2624	1200	5
2624	1204	4
2624	1214	5
2624	1220	3
2624	1223	5
2624	1225	5
2624	1226	5
2624	1228	4
2624	1230	3
2624	1234	5
2624	1238	4
2624	1242	5
2624	1252	4
2624	1265	5
2624	1278	5
2624	1287	4
2624	1306	4
2624	1356	4
2624	1357	4
2624	1372	4
2624	1374	5
2624	1387	3
2624	1393	4
2624	1396	4
2624	1408	4
2624	1580	5
2624	1610	4
2624	1617	5
2624	1674	5
2624	1680	4
2624	1914	5
2624	1917	4
2624	1947	4
2624	1950	5
2624	1953	4
2624	1954	4
2624	1957	5
2624	2001	4
2624	2009	4
2624	2010	3
2624	2011	3
2624	2012	3
2624	2015	4
2624	2018	5
2624	2021	3
2624	2078	4
2624	2080	4
2624	2081	5
2624	2100	5
2624	2125	4
2624	2138	4
2624	2142	4
2624	2143	2
2624	2193	5
2624	2248	5
2624	2289	5
2624	2346	3
2624	2396	5
2624	2407	5
2624	2529	3
2624	2533	3
2624	2640	5
2624	2664	3
2624	2752	4
2624	2890	4
2624	2916	4
2624	2917	4
2624	2972	4
2624	2993	3
2624	2997	4
2624	3036	2
2624	3044	5
2624	3114	5
2624	3148	5
2624	3175	4
2624	3176	3
2624	3196	4
2624	3251	4
2624	3267	3
2624	3269	4
2624	3334	4
2624	3359	5
2624	3362	4
2624	3418	5
2624	3421	4
2624	3424	4
2624	3468	4
2624	3471	4
2624	3479	3
2624	3489	4
2624	3501	4
2624	3638	3
2624	3668	4
2624	3685	5
2624	3698	4
2624	3700	2
2624	3702	4
2624	3703	4
2624	3704	3
2624	3877	4
2624	3926	3
2624	3927	4
2625	70	5
2625	110	5
2625	480	3
2625	527	3
2625	780	4
2625	968	5
2625	969	4
2625	1130	3
2625	1193	4
2625	1200	5
2625	1204	4
2625	1214	4
2625	1215	5
2625	1222	3
2625	1242	5
2625	1258	3
2625	1261	4
2625	1278	1
2625	1333	3
2625	1340	3
2625	1341	3
2625	1347	3
2625	1387	4
2625	1388	3
2625	1407	4
2625	1445	2
2625	1974	4
2625	1982	5
2625	1994	3
2625	1997	4
2625	2118	3
2625	2120	2
2625	2121	3
2625	2202	3
2625	2287	3
2625	2377	3
2625	2459	5
2625	2461	3
2625	2533	3
2625	2617	4
2625	2635	3
2625	2647	4
2625	2649	4
2625	2652	3
2625	2664	4
2625	2716	3
2625	2719	4
2625	2746	1
2625	2781	3
2625	2784	3
2625	2817	3
2625	2995	3
2625	3062	4
2625	3196	5
2625	3367	4
2625	3372	3
2625	3476	3
2625	3499	3
2625	3638	3
2625	3643	3
2625	3654	4
2625	3693	1
2625	3708	3
2625	3753	5
2625	3836	3
2625	3840	3
2625	3932	3
2635	70	5
2635	158	2
2635	293	3
2635	480	4
2635	608	2
2635	1673	5
2635	1970	4
2635	1972	4
2635	1986	1
2635	2399	3
2635	2456	2
2635	2529	3
2635	2530	2
2635	2531	2
2635	2532	2
2635	2533	2
2635	3354	4
2635	3409	4
2635	3877	5
2635	3937	4
2635	3939	5
2635	3940	5
2635	3942	5
2644	110	4
2644	480	4
2644	608	4
2644	743	1
2644	908	3
2644	1222	4
2644	1580	4
2644	2529	5
2655	785	3
2655	2147	1
2655	2336	4
2655	2369	2
2655	2492	2
2655	2580	2
2655	2629	3
2655	2712	2
2655	2716	5
2655	2719	2
2655	2761	4
2655	2770	2
2655	2771	3
2655	2826	3
2655	2881	3
2655	2908	4
2655	2995	2
2655	2997	3
2655	3005	3
2655	3051	3
2655	3175	3
2655	3203	4
2655	3238	1
2655	3409	3
2655	3510	4
2655	3513	3
2655	3578	5
2655	3857	2
2656	34	4
2656	110	4
2656	296	2
2656	317	4
2656	457	5
2656	480	5
2656	587	5
2656	588	4
2656	903	5
2656	909	4
2656	910	4
2656	914	4
2656	924	4
2656	969	5
2656	1276	4
2656	1286	4
2656	1408	4
2656	1460	2
2656	1569	5
2656	1580	4
2656	1616	5
2656	1704	2
2656	1721	5
2656	1722	4
2656	1792	4
2656	1835	4
2656	1917	3
2656	1947	5
2656	1950	5
2656	1953	4
2656	1964	4
2656	1982	4
2656	2018	5
2656	2080	4
2656	2081	5
2656	2353	4
2656	2391	4
2656	2395	1
2656	2396	4
2656	2407	4
2656	2490	4
2656	2583	5
2656	2617	3
2656	2716	5
2656	2763	4
2656	2796	5
2656	2804	5
2656	2881	5
2656	3040	4
2656	3086	4
2656	3176	5
2656	3178	5
2656	3253	4
2656	3256	5
2656	3269	4
2656	3510	5
2656	3513	4
2656	3555	4
2656	3578	3
2656	3744	3
2656	3753	5
2656	3784	4
2656	3824	3
2656	3893	2
2657	110	5
2657	318	4
2657	527	5
2657	593	4
2657	628	4
2657	1499	1
2657	1704	5
2657	1997	3
2657	2716	4
2657	3114	4
2667	34	4
2667	497	5
2667	908	3
2667	914	4
2667	1183	2
2667	1230	4
2667	1265	4
2667	1277	3
2667	1674	5
2667	2081	1
2667	2289	4
2667	2396	5
2667	3668	4
2667	3684	3
2670	34	4
2670	111	5
2670	144	4
2670	231	2
2670	235	5
2670	246	2
2670	296	5
2670	300	4
2670	357	3
2670	376	3
2670	480	3
2670	515	5
2670	538	4
2670	549	3
2670	588	4
2670	593	4
2670	608	4
2670	788	3
2670	858	5
2670	903	5
2670	908	5
2670	909	4
2670	910	4
2670	915	4
2670	926	5
2670	931	4
2670	934	4
2670	943	4
2670	952	4
2670	968	3
2670	1019	4
2670	1028	3
2670	1032	3
2670	1078	3
2670	1079	3
2670	1084	4
2670	1086	4
2670	1094	4
2670	1136	4
2670	1178	5
2670	1184	4
2670	1193	5
2670	1198	4
2670	1199	3
2670	1200	2
2670	1204	5
2670	1206	5
2670	1213	5
2670	1214	3
2670	1220	3
2670	1225	4
2670	1226	4
2670	1227	4
2670	1228	5
2670	1234	4
2670	1242	4
2670	1246	4
2670	1265	3
2670	1272	5
2670	1276	4
2670	1278	3
2670	1287	4
2670	1288	4
2670	1289	3
2670	1292	4
2670	1357	3
2670	1387	4
2670	1393	3
2670	1394	4
2670	1414	4
2670	1617	4
2670	1747	4
2670	1784	4
2670	1925	3
2670	1927	4
2670	1938	4
2670	1947	5
2670	1949	5
2670	1962	3
2670	1963	3
2670	2001	3
2670	2080	3
2670	2102	3
2670	2112	3
2670	2130	3
2670	2146	1
2670	2203	4
2670	2204	3
2670	2212	3
2670	2289	3
2670	2302	3
2670	2359	4
2670	2396	4
2670	2416	3
2670	2529	3
2670	2539	3
2670	2664	4
2670	2670	4
2670	2716	3
2670	2726	5
2670	2745	4
2670	2788	3
2670	2915	3
2670	2917	3
2670	2997	4
2670	3040	3
2670	3062	4
2670	3072	3
2670	3102	2
2670	3148	2
2670	3169	3
2670	3176	3
2670	3196	5
2670	3198	4
2670	3244	3
2670	3253	4
2670	3263	3
2670	3359	3
2670	3418	3
2670	3421	3
2670	3424	3
2670	3505	3
2670	3547	3
2670	3552	3
2670	3578	3
2670	3608	3
2670	3671	3
2670	3685	3
2670	3700	3
2670	3707	1
2670	3733	4
2670	3819	4
2670	3836	4
2670	3927	3
2677	110	3
2677	527	4
2677	537	3
2677	593	5
2677	866	4
2677	1092	5
2677	1573	3
2677	1610	4
2677	1617	2
2677	1674	5
2677	1834	4
2677	1912	3
2677	2121	2
2677	2320	3
2677	2353	4
2677	3176	2
2677	3203	3
2677	3584	3
2677	3707	3
2678	24	4
2678	198	5
2678	480	4
2678	608	5
2678	780	3
2678	969	3
2678	1206	3
2678	1214	5
2678	1258	4
2678	1264	5
2678	1278	4
2678	1374	3
2678	1387	5
2678	1580	4
2678	1994	3
2678	2011	3
2678	2396	4
2678	2716	3
2678	2916	5
2678	3198	3
2678	3499	5
2678	3527	5
2678	3702	5
2678	3793	5
2679	6	4
2679	10	3
2679	17	4
2679	36	4
2679	95	3
2679	110	4
2679	163	2
2679	293	3
2679	296	4
2679	307	3
2679	308	3
2679	317	3
2679	318	5
2679	348	3
2679	357	5
2679	434	3
2679	454	2
2679	457	4
2679	480	4
2679	497	4
2679	514	5
2679	527	5
2679	529	4
2679	538	3
2679	588	5
2679	593	5
2679	595	4
2679	608	5
2679	653	3
2679	671	4
2679	720	5
2679	736	2
2679	788	3
2679	832	3
2679	838	4
2679	849	1
2679	858	5
2679	861	2
2679	901	3
2679	903	3
2679	905	5
2679	908	5
2679	909	4
2679	910	5
2679	914	3
2679	915	3
2679	916	5
2679	933	5
2679	948	4
2679	953	5
2679	969	4
2679	1028	4
2679	1031	3
2679	1032	5
2679	1079	4
2679	1086	5
2679	1104	5
2679	1136	4
2679	1198	5
2679	1199	5
2679	1200	4
2679	1204	5
2679	1206	4
2679	1213	4
2679	1214	4
2679	1215	3
2679	1220	5
2679	1222	3
2679	1225	3
2679	1230	4
2679	1234	5
2679	1242	5
2679	1246	5
2679	1252	5
2679	1258	5
2679	1261	3
2679	1265	3
2679	1275	3
2679	1278	4
2679	1288	3
2679	1333	3
2679	1387	4
2679	1393	3
2679	1394	4
2679	1396	5
2679	1411	5
2679	1449	4
2679	1573	3
2679	1580	4
2679	1610	4
2679	1617	5
2679	1639	4
2679	1641	5
2679	1704	3
2679	1722	3
2679	1747	3
2679	1784	4
2679	1834	5
2679	1892	2
2679	1912	3
2679	1917	3
2679	1923	3
2679	1955	4
2679	1962	3
2679	1967	3
2679	2081	5
2679	2100	4
2679	2125	4
2679	2161	4
2679	2183	4
2679	2184	3
2679	2202	3
2679	2203	5
2679	2205	5
2679	2248	5
2679	2302	4
2679	2336	4
2679	2353	3
2679	2390	4
2679	2395	5
2679	2396	5
2679	2405	3
2679	2416	4
2679	2490	2
2679	2692	4
2679	2712	2
2679	2739	4
2679	2746	5
2679	2761	5
2679	2763	3
2679	2804	5
2679	2866	3
2679	2890	3
2679	2915	3
2679	2916	2
2679	2997	4
2679	3006	4
2679	3019	2
2679	3020	3
2679	3039	4
2679	3044	4
2679	3061	3
2679	3072	3
2679	3088	4
2679	3107	3
2679	3114	5
2679	3145	4
2679	3175	4
2679	3176	3
2679	3253	4
2679	3256	3
2679	3438	3
2679	3489	4
2679	3527	2
2679	3552	4
2679	3555	3
2679	3578	4
2679	3671	4
2679	3740	3
2683	6	5
2683	10	4
2683	22	5
2683	34	2
2683	36	4
2683	95	5
2683	110	5
2683	111	5
2683	153	3
2683	161	5
2683	198	4
2683	235	2
2683	296	4
2683	317	3
2683	318	5
2683	329	3
2683	339	4
2683	357	5
2683	379	4
2683	434	3
2683	457	5
2683	476	4
2683	480	4
2683	494	5
2683	500	4
2683	514	4
2683	527	5
2683	537	3
2683	587	5
2683	590	4
2683	593	5
2683	608	4
2683	736	4
2683	780	5
2683	786	5
2683	858	5
2683	1042	4
2683	1079	5
2683	1193	4
2683	1198	5
2683	1200	5
2683	1213	5
2683	1214	5
2683	1220	5
2683	1225	4
2683	1230	2
2683	1234	5
2683	1242	5
2683	1265	4
2683	1278	5
2683	1288	3
2683	1293	4
2683	1333	5
2683	1372	3
2683	1374	5
2683	1387	5
2683	1393	4
2683	1396	4
2683	1485	4
2683	1573	5
2683	1580	5
2683	1610	5
2683	1611	1
2683	1617	4
2683	1641	4
2683	1674	5
2683	1690	4
2683	1704	5
2683	1721	5
2683	1729	4
2683	1747	4
2683	1784	5
2683	1792	5
2683	1892	5
2683	1917	4
2683	1918	5
2683	1923	5
2683	1947	4
2683	2012	5
2683	2023	5
2683	2058	5
2683	2100	5
2683	2262	5
2683	2289	4
2683	2302	5
2683	2346	5
2683	2353	4
2683	2359	4
2683	2369	4
2683	2396	3
2683	2433	4
2683	2490	4
2683	2539	4
2683	2640	4
2683	2716	5
2683	2763	5
2683	2770	3
2683	2795	5
2683	2915	5
2683	2916	5
2683	2917	5
2683	2919	5
2683	3005	4
2683	3006	5
2683	3068	5
2683	3072	5
2683	3107	5
2683	3114	4
2683	3169	5
2683	3175	5
2683	3247	5
2683	3253	5
2683	3255	5
2683	3256	5
2683	3263	3
2683	3362	5
2683	3418	4
2683	3421	5
2683	3424	4
2683	3426	4
2683	3466	5
2683	3476	4
2683	3505	5
2683	3527	5
2683	3552	5
2683	3578	4
2683	3697	5
2683	3753	5
2683	3798	3
2690	111	4
2690	318	5
2690	339	4
2690	593	5
2690	608	5
2690	858	5
2690	1213	5
2690	1272	4
2690	1393	3
2690	1953	4
2690	1954	4
2690	2401	4
2690	3362	4
2690	3471	4
2691	19	3
2691	34	5
2691	76	4
2691	110	4
2691	111	5
2691	198	5
2691	296	5
2691	318	5
2691	410	3
2691	413	3
2691	457	4
2691	480	5
2691	527	5
2691	536	5
2691	588	5
2691	593	5
2691	608	5
2691	720	5
2691	858	5
2691	903	5
2691	908	5
2691	924	5
2691	968	5
2691	999	4
2691	1019	4
2691	1032	3
2691	1050	5
2691	1079	4
2691	1084	5
2691	1131	4
2691	1132	4
2691	1136	5
2691	1175	5
2691	1178	4
2691	1193	5
2691	1198	5
2691	1199	5
2691	1200	5
2691	1201	4
2691	1204	5
2691	1206	5
2691	1213	5
2691	1214	5
2691	1215	5
2691	1222	5
2691	1225	5
2691	1228	5
2691	1230	4
2691	1237	4
2691	1242	5
2691	1252	5
2691	1265	4
2691	1276	5
2691	1278	5
2691	1287	4
2691	1288	5
2691	1289	5
2691	1293	5
2691	1356	5
2691	1367	3
2691	1372	5
2691	1374	5
2691	1387	5
2691	1391	5
2691	1396	4
2691	1419	5
2691	1580	4
2691	1609	3
2691	1617	5
2691	1690	3
2691	1704	4
2691	1734	5
2691	1859	5
2691	1931	5
2691	1949	4
2691	2011	4
2691	2046	5
2691	2093	4
2691	2202	5
2691	2311	3
2691	2329	5
2691	2396	4
2691	2407	4
2691	2529	4
2691	2640	5
2691	2692	5
2691	2716	4
2691	2731	5
2691	2761	5
2691	2804	5
2691	2826	2
2691	2871	5
2691	2890	5
2691	2916	4
2691	2997	5
2691	3006	5
2691	3033	5
2691	3093	5
2691	3114	5
2691	3175	5
2691	3213	4
2691	3300	4
2691	3365	4
2691	3424	4
2691	3466	3
2691	3468	5
2691	3471	5
2691	3510	4
2691	3578	5
2691	3702	5
2691	3703	5
2691	3704	3
2691	3745	5
2691	3793	5
2693	432	4
2693	527	4
2693	590	2
2693	593	5
2693	608	5
2693	628	4
2693	858	5
2693	905	3
2693	908	4
2693	909	3
2693	918	2
2693	926	4
2693	942	5
2693	953	4
2693	969	5
2693	971	4
2693	982	5
2693	1006	4
2693	1084	5
2693	1086	4
2693	1183	3
2693	1193	4
2693	1198	4
2693	1213	4
2693	1222	4
2693	1234	4
2693	1252	5
2693	1272	3
2693	1276	4
2693	1278	5
2693	1283	5
2693	1387	4
2693	1617	4
2693	1683	5
2693	1704	4
2693	1927	4
2693	1931	5
2693	1935	4
2693	1936	3
2693	1938	3
2693	1942	4
2693	1953	5
2693	1954	4
2693	2018	3
2693	2202	4
2693	2302	4
2693	2313	4
2693	2612	4
2693	2670	3
2693	2729	3
2693	2734	3
2693	2871	3
2693	3019	5
2693	3037	2
2693	3100	2
2693	3196	3
2693	3198	4
2693	3252	5
2693	3256	4
2693	3334	5
2693	3365	4
2693	3467	4
2693	3545	3
2693	3551	4
2693	3671	4
2693	3685	3
2693	3789	5
2693	3929	4
2694	19	5
2694	110	5
2694	293	5
2694	480	5
2694	512	4
2694	532	4
2694	608	5
2694	780	5
2694	1025	5
2694	1193	5
2694	1215	5
2694	1261	5
2694	1339	5
2694	1342	5
2694	1407	5
2694	1617	5
2694	1690	3
2694	1920	2
2694	1970	2
2694	1972	2
2694	1973	4
2694	2021	5
2694	2143	5
2694	2159	5
2694	2161	5
2694	2193	5
2694	2826	5
2694	3499	5
2694	3869	2
2694	3873	5
2694	3939	4
2694	3942	4
2699	34	5
2699	36	5
2699	296	3
2699	318	4
2699	527	5
2699	588	2
2699	593	5
2699	595	3
2699	858	4
2699	910	5
2699	914	5
2699	918	5
2699	938	4
2699	969	4
2699	1028	5
2699	1029	3
2699	1032	3
2699	1057	4
2699	1088	3
2699	1193	3
2699	1204	2
2699	1213	3
2699	1230	3
2699	1265	5
2699	1287	5
2699	1393	4
2699	1465	4
2699	1617	3
2699	1704	5
2699	1935	5
2699	1947	5
2699	2080	3
2699	2083	4
2699	2396	3
2699	2567	4
2699	2746	5
2699	2747	5
2699	2804	5
2699	2846	4
2699	2971	3
2699	3061	5
2699	3114	4
2699	3159	5
2699	3252	4
2699	3545	5
2699	3675	5
2699	3893	4
2704	34	5
2704	36	3
2704	110	4
2704	318	4
2704	527	5
2704	593	5
2704	858	5
2704	908	5
2704	953	4
2704	1193	5
2704	1225	5
2704	1228	4
2704	1242	4
2704	1272	4
2704	1276	4
2704	1704	4
2704	1942	4
2704	1949	4
2704	1953	4
2704	1957	4
2704	2120	3
2704	2313	3
2704	2866	3
2704	3037	4
2704	3468	4
2704	3508	3
2704	3654	3
2704	3789	4
2705	593	5
2705	608	5
2705	1094	2
2705	1183	2
2705	1200	5
2705	1242	5
2705	1356	5
2705	1374	4
2705	1721	5
2705	1954	5
2705	2433	3
2705	3421	5
2705	3552	5
2717	17	5
2717	318	4
2717	480	4
2717	590	5
2717	593	3
2717	608	3
2717	1092	4
2717	1213	5
2717	1367	4
2717	1610	3
2717	1617	3
2717	1721	4
2717	2053	4
2717	2916	3
2717	3418	5
2719	111	5
2719	235	4
2719	905	4
2719	908	4
2719	910	5
2719	922	5
2719	924	5
2719	947	5
2719	1136	5
2719	1198	4
2719	1199	5
2719	1206	5
2719	1214	4
2719	1217	4
2719	1230	5
2719	1234	4
2719	1252	5
2719	1258	4
2719	1276	3
2719	1278	3
2719	1394	4
2719	1997	4
2719	2009	4
2719	2010	4
2719	2075	5
2719	2178	4
2719	2203	4
2719	2210	4
2719	2520	3
2719	2535	3
2719	2632	5
2719	2788	4
2719	2871	2
2719	2877	3
2719	2932	4
2719	2971	3
2719	3015	4
2719	3037	4
2719	3244	3
2719	3284	5
2719	3334	4
2719	3471	4
2719	3635	3
2719	3638	3
2719	3671	4
2719	3733	4
2719	3760	4
2719	3812	4
2719	3927	3
2726	36	5
2726	111	5
2726	296	4
2726	318	5
2726	527	4
2726	593	5
2726	608	5
2726	832	4
2726	858	5
2726	1079	5
2726	1088	4
2726	1147	5
2726	1198	5
2726	1213	5
2726	1225	4
2726	1226	5
2726	1230	3
2726	1234	5
2726	1252	4
2726	1276	5
2726	1387	5
2726	1610	4
2726	1617	5
2726	1704	5
2726	1721	4
2726	1950	5
2726	1953	5
2726	1957	4
2726	1962	5
2726	2132	4
2726	2997	3
2726	3006	4
2726	3039	5
2726	3068	5
2726	3104	5
2726	3135	5
2726	3196	4
2726	3362	5
2726	3421	5
2726	3468	5
2726	3634	4
2726	3811	5
2727	173	2
2727	329	4
2727	379	3
2727	480	3
2727	588	4
2727	590	3
2727	671	2
2727	741	3
2727	780	3
2727	849	2
2727	924	3
2727	969	3
2727	986	4
2727	1198	4
2727	1220	5
2727	1275	5
2727	1287	5
2727	1356	3
2727	1372	4
2727	1373	3
2727	1374	5
2727	1391	3
2727	1396	3
2727	1573	4
2727	1580	3
2727	1610	4
2727	2012	3
2727	2019	5
2727	2105	3
2727	2311	1
2727	2640	3
2727	2692	3
2727	2794	2
2727	2905	5
2727	2916	4
2727	3104	3
2727	3175	1
2727	3354	3
2727	3697	3
2727	3698	4
2727	3702	5
2727	3703	3
2727	3704	2
2727	3753	3
2728	110	3
2728	329	2
2728	339	3
2728	480	4
2728	587	3
2728	736	3
2728	780	3
2728	1198	5
2728	1200	4
2728	1214	4
2728	1356	4
2728	1372	4
2728	1374	4
2728	1393	3
2728	1566	4
2728	1721	4
2728	1882	1
2728	2012	3
2728	2021	2
2728	2266	3
2728	2407	4
2728	2424	4
2728	2529	3
2728	2822	3
2728	2916	3
2728	3148	4
2728	3354	2
2728	3450	3
2728	3555	4
2728	3638	3
2728	3697	3
2728	3834	3
2728	3869	1
2731	36	5
2731	282	3
2731	296	5
2731	300	5
2731	318	5
2731	339	3
2731	410	1
2731	457	5
2731	608	4
2731	909	5
2731	910	4
2731	1059	4
2731	1078	5
2731	1079	5
2731	1084	5
2731	1147	4
2731	1193	4
2731	1198	5
2731	1200	5
2731	1201	4
2731	1220	3
2731	1225	5
2731	1227	4
2731	1228	5
2731	1246	5
2731	1258	4
2731	1265	5
2731	1272	5
2731	1276	4
2731	1278	4
2731	1287	5
2731	1288	4
2731	1292	5
2731	1297	4
2731	1333	4
2731	1347	3
2731	1374	4
2731	1387	5
2731	1392	4
2731	1393	5
2731	1394	3
2731	1396	4
2731	1485	5
2731	1573	4
2731	1580	5
2731	1610	5
2731	1673	4
2731	1674	4
2731	1704	5
2731	1747	4
2731	1784	5
2731	1797	5
2731	1883	2
2731	1923	5
2731	1947	5
2731	1950	4
2731	1954	5
2731	1957	4
2731	1962	5
2731	1967	4
2731	1997	4
2731	2011	4
2731	2100	5
2731	2130	5
2731	2245	4
2731	2248	5
2731	2261	4
2731	2278	3
2731	2289	5
2731	2302	5
2731	2312	5
2731	2396	5
2731	2529	5
2731	2532	2
2731	2664	4
2731	2716	5
2731	2739	4
2731	2746	3
2731	2788	4
2731	2795	4
2731	2804	4
2731	2846	5
2731	2866	4
2731	2871	5
2731	2917	4
2731	2919	4
2731	2971	5
2731	2993	5
2731	3019	4
2731	3029	2
2731	3033	2
2731	3037	5
2731	3039	5
2731	3068	4
2731	3072	3
2731	3102	5
2731	3104	4
2731	3148	4
2731	3169	5
2731	3175	4
2731	3196	5
2731	3203	4
2731	3244	3
2731	3253	5
2731	3255	5
2731	3308	4
2731	3421	4
2731	3424	4
2731	3426	4
2731	3461	4
2731	3471	5
2731	3501	5
2731	3505	5
2731	3527	2
2731	3552	5
2731	3608	4
2731	3635	4
2731	3685	3
2731	3703	4
2731	3704	3
2731	3740	3
2731	3793	5
2741	6	5
2741	161	5
2741	457	5
2741	593	5
2741	608	2
2741	628	4
2741	832	4
2741	891	1
2741	1407	2
2741	1610	5
2741	1617	5
2741	2353	5
2741	2391	3
2741	2763	5
2741	2916	5
2741	3578	5
2741	3685	4
2751	222	3
2751	342	3
2751	357	3
2751	480	3
2751	497	2
2751	500	5
2751	587	4
2751	903	5
2751	908	4
2751	911	4
2751	926	5
2751	929	4
2751	933	3
2751	934	4
2751	1079	3
2751	1086	4
2751	1088	3
2751	1091	5
2751	1092	3
2751	1094	4
2751	1135	4
2751	1136	3
2751	1183	5
2751	1193	5
2751	1198	3
2751	1230	3
2751	1246	4
2751	1252	2
2751	1258	4
2751	1265	4
2751	1286	3
2751	1333	4
2751	1393	2
2751	1394	4
2751	1441	5
2751	1513	4
2751	1569	3
2751	1610	4
2751	1633	5
2751	1639	3
2751	1641	5
2751	1704	2
2751	1721	3
2751	1784	4
2751	1955	4
2751	1957	3
2751	1962	4
2751	1994	3
2751	2100	3
2751	2110	2
2751	2146	3
2751	2179	3
2751	2202	4
2751	2203	4
2751	2208	5
2751	2210	3
2751	2211	3
2751	2245	4
2751	2248	4
2751	2257	4
2751	2261	4
2751	2262	3
2751	2369	2
2751	2396	3
2751	2469	3
2751	2506	2
2751	2612	4
2751	2716	2
2751	2746	2
2751	2794	4
2751	2795	4
2751	2796	4
2751	2915	4
2751	2950	3
2751	2972	4
2751	3015	2
2751	3020	5
2751	3072	3
2751	3247	3
2751	3253	1
2751	3256	4
2751	3334	3
2751	3391	2
2751	3505	5
2751	3524	3
2751	3546	3
2751	3608	2
2751	3671	2
2753	8	2
2753	17	5
2753	28	4
2753	34	4
2753	41	4
2753	52	3
2753	111	4
2753	144	3
2753	151	4
2753	211	4
2753	222	3
2753	232	5
2753	235	3
2753	242	4
2753	294	3
2753	317	3
2753	326	5
2753	342	3
2753	348	3
2753	357	4
2753	389	3
2753	446	5
2753	457	4
2753	477	4
2753	497	4
2753	500	3
2753	529	4
2753	571	4
2753	588	4
2753	590	4
2753	608	3
2753	671	4
2753	728	3
2753	828	2
2753	838	4
2753	858	5
2753	903	4
2753	905	4
2753	907	3
2753	908	5
2753	909	4
2753	910	4
2753	911	4
2753	914	5
2753	915	4
2753	916	4
2753	922	4
2753	924	5
2753	926	3
2753	929	3
2753	931	4
2753	933	4
2753	934	3
2753	940	4
2753	942	4
2753	945	4
2753	947	4
2753	952	3
2753	953	5
2753	959	4
2753	969	5
2753	971	3
2753	982	4
2753	986	5
2753	1017	3
2753	1019	4
2753	1020	3
2753	1028	4
2753	1042	4
2753	1066	4
2753	1078	3
2753	1079	5
2753	1084	3
2753	1086	5
2753	1092	4
2753	1094	4
2753	1096	3
2753	1104	4
2753	1131	4
2753	1132	4
2753	1136	5
2753	1150	4
2753	1162	4
2753	1178	4
2753	1183	3
2753	1184	4
2753	1193	4
2753	1198	5
2753	1204	5
2753	1214	4
2753	1217	5
2753	1223	5
2753	1225	3
2753	1226	3
2753	1230	3
2753	1234	5
2753	1237	4
2753	1238	4
2753	1252	4
2753	1264	3
2753	1265	3
2753	1272	5
2753	1275	4
2753	1276	4
2753	1277	5
2753	1278	4
2753	1287	4
2753	1288	4
2753	1292	4
2753	1293	5
2753	1357	4
2753	1387	4
2753	1393	3
2753	1394	4
2753	1413	3
2753	1419	4
2753	1449	4
2753	1569	3
2753	1580	4
2753	1610	4
2753	1617	4
2753	1641	5
2753	1674	4
2753	1683	3
2753	1689	1
2753	1784	2
2753	1896	2
2753	1918	3
2753	1923	1
2753	1925	5
2753	1931	4
2753	1947	5
2753	1949	5
2753	1950	4
2753	1953	4
2753	1954	4
2753	1955	5
2753	1957	5
2753	1962	4
2753	1964	4
2753	2001	4
2753	2019	5
2753	2046	3
2753	2075	4
2753	2077	3
2753	2078	3
2753	2080	5
2753	2081	5
2753	2100	4
2753	2130	4
2753	2132	4
2753	2184	3
2753	2202	4
2753	2203	5
2753	2208	4
2753	2238	4
2753	2245	3
2753	2247	4
2753	2248	2
2753	2289	4
2753	2295	4
2753	2302	4
2753	2313	5
2753	2346	2
2753	2349	4
2753	2359	4
2753	2369	4
2753	2396	4
2753	2407	4
2753	2424	2
2753	2469	4
2753	2501	5
2753	2583	2
2753	2609	4
2753	2612	3
2753	2716	4
2753	2746	3
2753	2747	3
2753	2752	2
2753	2788	4
2753	2795	2
2753	2866	4
2753	2871	4
2753	2883	3
2753	2905	4
2753	2915	4
2753	2917	4
2753	2919	4
2753	2932	4
2753	2951	4
2753	3022	5
2753	3028	3
2753	3037	4
2753	3040	2
2753	3044	4
2753	3061	3
2753	3062	5
2753	3068	3
2753	3072	3
2753	3088	3
2753	3114	4
2753	3135	4
2753	3176	3
2753	3196	4
2753	3198	4
2753	3217	4
2753	3222	4
2753	3244	4
2753	3247	3
2753	3251	4
2753	3255	3
2753	3308	3
2753	3330	4
2753	3334	4
2753	3359	4
2753	3379	4
2753	3421	4
2753	3447	4
2753	3450	3
2753	3461	4
2753	3467	4
2753	3468	4
2753	3471	5
2753	3478	4
2753	3500	3
2753	3501	4
2753	3546	3
2753	3551	4
2753	3552	2
2753	3598	4
2753	3654	4
2753	3668	5
2753	3671	5
2753	3685	4
2753	3712	3
2753	3740	4
2753	3789	4
2753	3811	5
2753	3819	4
2753	3873	4
2753	3927	4
2756	10	5
2756	24	4
2756	34	5
2756	95	2
2756	110	4
2756	153	3
2756	173	3
2756	329	2
2756	376	3
2756	457	5
2756	480	4
2756	494	4
2756	527	5
2756	588	3
2756	590	4
2756	593	5
2756	595	4
2756	647	5
2756	671	5
2756	736	3
2756	780	2
2756	786	3
2756	858	5
2756	924	4
2756	1008	3
2756	1028	4
2756	1042	4
2756	1060	4
2756	1136	5
2756	1198	5
2756	1200	5
2756	1214	5
2756	1215	5
2756	1220	5
2756	1222	5
2756	1234	4
2756	1265	5
2756	1272	5
2756	1275	4
2756	1276	4
2756	1287	5
2756	1288	4
2756	1356	4
2756	1372	4
2756	1374	5
2756	1387	4
2756	1391	3
2756	1394	4
2756	1396	5
2756	1573	4
2756	1580	4
2756	1610	4
2756	1616	4
2756	1617	5
2756	1641	5
2756	1687	3
2756	1690	5
2756	1722	3
2756	1784	5
2756	1883	4
2756	1912	3
2756	1917	4
2756	1918	4
2756	1947	4
2756	1954	5
2756	2001	4
2756	2011	4
2756	2012	5
2756	2021	4
2756	2046	4
2756	2078	4
2756	2080	3
2756	2081	4
2756	2193	4
2756	2278	2
2756	2302	5
2756	2311	4
2756	2346	4
2756	2353	2
2756	2410	4
2756	2411	4
2756	2490	4
2756	2529	5
2756	2539	4
2756	2617	5
2756	2640	4
2756	2642	1
2756	2692	5
2756	2716	5
2756	2722	3
2756	2735	3
2756	2770	5
2756	2804	5
2756	2916	3
2756	2986	2
2756	2997	5
2756	3020	4
2756	3253	5
2756	3255	4
2756	3438	3
2756	3471	4
2756	3527	5
2756	3578	5
2756	3608	5
2756	3654	5
2756	3672	3
2756	3675	4
2756	3697	3
2756	3698	3
2756	3702	4
2756	3703	4
2756	3793	2
2756	3836	5
2756	3873	5
2756	3877	2
2756	3893	4
2758	934	4
2758	1136	3
2758	1220	4
2758	1257	5
2758	1265	5
2758	1288	4
2758	2396	4
2758	2804	2
2758	2997	5
2758	3114	5
2759	83	4
2759	110	5
2759	527	4
2759	593	3
2759	1542	4
2759	2248	5
2759	2359	3
2759	2815	2
2766	34	2
2766	318	5
2766	457	4
2766	590	4
2766	595	4
2766	608	2
2766	908	3
2766	924	5
2766	934	5
2766	953	5
2766	969	4
2766	1028	5
2766	1029	4
2766	1078	3
2766	1084	3
2766	1136	3
2766	1193	5
2766	1198	4
2766	1220	5
2766	1226	5
2766	1234	5
2766	1265	3
2766	1278	5
2766	1460	3
2766	1721	5
2766	1772	3
2766	1784	3
2766	1954	4
2766	1957	3
2766	2018	5
2766	2080	4
2766	2302	5
2766	2526	3
2766	2716	5
2766	2770	4
2766	2788	5
2766	2846	3
2766	3034	4
2766	3039	5
2766	3114	5
2766	3196	5
2766	3421	2
2766	3471	5
2766	3513	3
2766	3671	5
2766	3685	3
2766	3733	4
2766	3753	5
2766	3836	5
2766	3873	5
2777	5	4
2777	6	4
2777	10	3
2777	17	3
2777	19	4
2777	22	4
2777	24	4
2777	26	3
2777	31	4
2777	34	4
2777	38	3
2777	42	2
2777	54	4
2777	61	3
2777	63	3
2777	70	3
2777	79	3
2777	89	3
2777	95	4
2777	105	3
2777	110	5
2777	113	4
2777	140	3
2777	144	4
2777	145	5
2777	147	1
2777	151	4
2777	153	3
2777	158	3
2777	161	3
2777	163	4
2777	174	4
2777	180	5
2777	186	4
2777	203	2
2777	205	3
2777	209	3
2777	215	4
2777	216	5
2777	222	4
2777	231	4
2777	235	2
2777	236	3
2777	256	3
2777	262	2
2777	271	3
2777	276	4
2777	282	3
2777	293	2
2777	296	5
2777	300	5
2777	303	3
2777	312	2
2777	317	4
2777	318	5
2777	325	3
2777	329	3
2777	333	5
2777	339	3
2777	342	2
2777	354	2
2777	355	2
2777	357	4
2777	360	4
2777	371	4
2777	372	5
2777	376	4
2777	378	3
2777	379	3
2777	381	3
2777	408	5
2777	410	3
2777	413	4
2777	415	3
2777	419	2
2777	429	2
2777	432	4
2777	433	2
2777	441	5
2777	443	2
2777	447	2
2777	454	5
2777	457	4
2777	466	2
2777	472	3
2777	480	4
2777	484	3
2777	497	3
2777	500	4
2777	505	2
2777	511	5
2777	514	4
2777	518	4
2777	527	5
2777	529	5
2777	532	3
2777	536	4
2777	537	3
2777	548	3
2777	550	5
2777	555	3
2777	577	3
2777	587	4
2777	588	4
2777	590	5
2777	593	5
2777	595	5
2777	605	3
2777	608	5
2777	628	4
2777	647	4
2777	697	1
2777	709	3
2777	780	4
2777	782	3
2777	784	4
2777	785	4
2777	788	4
2777	798	2
2777	805	5
2777	830	3
2777	832	3
2777	833	3
2777	837	4
2777	838	3
2777	840	3
2777	866	4
2777	870	2
2777	875	4
2777	886	4
2777	1003	2
2777	1015	3
2777	1020	5
2777	1042	4
2777	1059	4
2777	1060	5
2777	1064	4
2777	1079	3
2777	1088	4
2777	1091	4
2777	1092	4
2777	1113	3
2777	1126	4
2777	1167	4
2777	1183	3
2777	1198	4
2777	1213	3
2777	1242	5
2777	1257	5
2777	1265	5
2777	1271	4
2777	1297	5
2777	1339	3
2777	1342	2
2777	1355	4
2777	1363	4
2777	1366	3
2777	1367	4
2777	1372	3
2777	1373	3
2777	1374	3
2777	1378	3
2777	1379	3
2777	1390	4
2777	1391	3
2777	1393	5
2777	1394	3
2777	1396	4
2777	1398	4
2777	1407	4
2777	1408	4
2777	1431	3
2777	1432	4
2777	1441	4
2777	1445	4
2777	1453	3
2777	1457	4
2777	1465	3
2777	1466	4
2777	1485	4
2777	1488	3
2777	1498	5
2777	1513	2
2777	1542	4
2777	1565	3
2777	1569	4
2777	1573	4
2777	1580	4
2777	1592	3
2777	1594	2
2777	1598	2
2777	1605	3
2777	1609	2
2777	1610	4
2777	1615	3
2777	1616	3
2777	1617	5
2777	1624	1
2777	1632	3
2777	1639	5
2777	1641	4
2777	1647	4
2777	1662	3
2777	1665	2
2777	1671	4
2777	1673	4
2777	1680	3
2777	1687	4
2777	1689	3
2777	1703	4
2777	1704	5
2777	1721	4
2777	1722	3
2777	1729	2
2777	1746	4
2777	1747	4
2777	1769	3
2777	1783	3
2777	1784	5
2777	1792	4
2777	1804	4
2777	1806	4
2777	1817	4
2777	1833	4
2777	1835	4
2777	1837	2
2777	1840	4
2777	1845	5
2777	1854	4
2777	1863	3
2777	1883	4
2777	1887	3
2777	1888	3
2777	1892	4
2777	1895	5
2777	1912	4
2777	1916	3
2777	1917	4
2777	1918	5
2777	1923	5
2777	1974	2
2777	2001	4
2777	2004	2
2777	2011	4
2777	2012	4
2777	2036	2
2777	2045	4
2777	2046	4
2777	2050	4
2777	2053	2
2777	2059	3
2777	2060	3
2777	2072	4
2777	2081	3
2777	2100	4
2777	2111	4
2777	2123	3
2777	2125	4
2777	2142	4
2777	2151	4
2777	2152	2
2777	2161	4
2777	2193	4
2777	2195	4
2777	2248	5
2777	2249	4
2777	2252	3
2777	2261	2
2777	2264	3
2777	2265	4
2777	2266	3
2777	2267	3
2777	2272	3
2777	2289	4
2777	2302	5
2777	2316	3
2777	2322	3
2777	2329	5
2777	2353	4
2777	2359	4
2777	2369	2
2777	2374	4
2777	2380	4
2777	2382	4
2777	2391	3
2777	2395	5
2777	2396	5
2777	2399	3
2777	2405	4
2777	2407	3
2777	2408	3
2777	2410	4
2777	2416	3
2777	2424	5
2777	2433	2
2777	2468	3
2777	2471	2
2777	2474	4
2777	2477	3
2777	2485	3
2777	2500	3
2777	2501	5
2777	2539	4
2777	2546	2
2777	2558	3
2777	2567	4
2777	2574	3
2777	2577	4
2777	2580	4
2777	2581	4
2777	2589	2
2777	2597	5
2777	2598	3
2777	2606	2
2777	2642	4
2777	2712	2
2777	2714	3
2777	2716	4
2777	2735	4
2777	2746	3
2777	2763	4
2777	2770	3
2777	2794	4
2777	2795	5
2777	2796	4
2777	2798	2
2777	2822	3
2777	2829	3
2777	2834	3
2777	2860	4
2777	2881	2
2777	2883	3
2777	2889	4
2777	2890	1
2777	2915	4
2777	2916	4
2777	2928	2
2777	2950	3
2777	2953	3
2777	2978	4
2777	2990	3
2777	2997	4
2777	3005	3
2777	3006	3
2777	3020	4
2777	3033	4
2777	3039	3
2777	3043	3
2777	3044	4
2777	3063	3
2777	3072	3
2777	3100	4
2777	3107	5
2777	3145	4
2777	3146	4
2777	3148	5
2777	3157	3
2777	3175	2
2777	3176	2
2777	3178	3
2777	3214	3
2777	3243	4
2777	3247	3
2777	3252	5
2777	3253	5
2777	3255	4
2777	3256	4
2777	3263	4
2777	3269	3
2777	3274	3
2777	3388	5
2777	3391	4
2777	3398	3
2777	3418	2
2777	3438	3
2777	3444	3
2777	3450	5
2777	3477	4
2777	3478	3
2777	3489	4
2777	3499	4
2777	3500	3
2777	3510	4
2777	3524	3
2777	3552	5
2777	3578	4
2777	3608	4
2777	3616	4
2777	3697	3
2777	3712	3
2777	3753	3
2777	3821	1
2777	3841	3
2777	3869	4
2777	3877	3
2779	34	4
2779	110	2
2779	111	5
2779	527	3
2779	608	4
2779	681	5
2779	720	5
2779	858	5
2779	903	4
2779	908	4
2779	924	5
2779	1079	4
2779	1084	4
2779	1104	4
2779	1136	4
2779	1147	4
2779	1189	5
2779	1193	2
2779	1199	3
2779	1202	4
2779	1206	4
2779	1211	4
2779	1214	5
2779	1217	4
2779	1228	5
2779	1230	4
2779	1234	3
2779	1252	5
2779	1276	3
2779	1278	5
2779	1288	4
2779	1339	4
2779	1394	5
2779	1419	4
2779	1580	3
2779	1617	3
2779	1673	3
2779	1784	2
2779	1785	3
2779	1949	5
2779	1953	4
2779	1954	4
2779	1970	4
2779	2010	5
2779	2019	5
2779	2210	5
2779	2238	4
2779	2248	5
2779	2289	4
2779	2380	1
2779	2529	3
2779	2530	3
2779	2531	2
2779	2532	3
2779	2533	3
2779	2716	4
2779	2761	5
2779	2769	4
2779	2788	4
2779	2932	5
2779	2937	4
2779	2970	4
2779	2997	4
2779	3006	5
2779	3077	5
2779	3093	4
2779	3114	4
2779	3196	4
2779	3359	3
2779	3362	4
2779	3467	4
2779	3468	5
2779	3508	5
2779	3521	4
2779	3545	2
2779	3598	5
2779	3671	4
2779	3727	4
2779	3793	3
2779	3811	4
2779	3834	4
2779	3836	3
2779	3927	3
2785	110	3
2785	144	3
2785	157	2
2785	161	3
2785	276	3
2785	339	3
2785	357	4
2785	415	3
2785	432	3
2785	466	3
2785	500	3
2785	527	4
2785	532	3
2785	647	3
2785	780	3
2785	909	4
2785	910	4
2785	933	3
2785	1079	3
2785	1094	3
2785	1135	3
2785	1183	3
2785	1220	4
2785	1226	4
2785	1238	3
2785	1265	3
2785	1276	4
2785	1292	3
2785	1390	3
2785	1394	2
2785	1398	3
2785	1408	4
2785	1569	3
2785	1580	4
2785	1747	3
2785	1784	5
2785	1837	3
2785	1863	3
2785	1923	3
2785	2001	3
2785	2011	3
2785	2100	3
2785	2245	3
2785	2262	3
2785	2266	3
2785	2359	3
2785	2396	1
2785	2424	3
2785	2433	3
2785	2458	2
2785	2469	3
2785	2471	3
2785	2539	2
2785	2598	4
2785	2670	3
2785	2701	2
2785	2716	3
2785	2734	3
2785	2752	3
2785	2763	3
2785	2794	2
2785	2881	3
2785	2890	3
2785	2915	3
2785	2977	2
2785	3037	3
2785	3039	3
2785	3072	3
2785	3088	3
2785	3104	3
2785	3185	3
2785	3263	3
2785	3450	4
2785	3506	3
2785	3524	3
2785	3537	3
2785	3552	3
2785	3638	4
2785	3685	4
2785	3836	3
2785	3869	3
2785	3873	3
2785	3928	3
2789	80	3
2789	110	5
2789	198	2
2789	457	4
2789	480	4
2789	780	4
2789	788	3
2789	858	5
2789	924	5
2789	1198	5
2789	1200	5
2789	1214	5
2789	1215	4
2789	1220	5
2789	1222	5
2789	1242	4
2789	1287	4
2789	1387	5
2789	1391	4
2789	1396	5
2789	1408	4
2789	1449	5
2789	1573	3
2789	1580	3
2789	1610	4
2789	1917	3
2789	1954	5
2789	2011	4
2789	2012	4
2789	2046	3
2789	2311	4
2789	2353	4
2789	2529	4
2789	2916	4
2789	3033	4
2789	3107	4
2789	3175	4
2789	3269	4
2789	3418	3
2789	3471	5
2789	3527	4
2790	198	3
2790	318	4
2790	480	4
2790	515	4
2790	593	4
2790	608	5
2790	610	5
2790	741	5
2790	858	5
2790	924	4
2790	1084	4
2790	1175	4
2790	1193	5
2790	1199	5
2790	1200	5
2790	1206	5
2790	1213	4
2790	1214	4
2790	1225	4
2790	1228	5
2790	1272	4
2790	1276	5
2790	1293	5
2790	1356	4
2790	1374	4
2790	1513	4
2790	1580	4
2790	1957	5
2790	2009	5
2790	2011	4
2790	2021	5
2790	2105	3
2790	2311	4
2790	2336	4
2790	2369	3
2790	2395	5
2790	2396	5
2790	2407	3
2790	2529	5
2790	2640	4
2790	2716	4
2790	2734	4
2790	2763	4
2790	3176	5
2790	3198	5
2790	3203	4
2790	3362	5
2790	3468	5
2790	3471	4
2790	3527	4
2790	3668	5
2790	3702	5
2790	3703	5
2790	3704	4
2790	3745	4
2794	34	4
2794	36	5
2794	246	5
2794	296	4
2794	514	4
2794	527	4
2794	529	3
2794	593	3
2794	608	3
2794	728	3
2794	858	4
2794	910	3
2794	953	4
2794	1041	5
2794	1094	4
2794	1132	4
2794	1136	4
2794	1150	4
2794	1200	4
2794	1204	5
2794	1213	3
2794	1214	5
2794	1225	4
2794	1238	4
2794	1242	4
2794	1252	4
2794	1265	4
2794	1272	4
2794	1276	4
2794	1293	5
2794	1387	4
2794	1393	4
2794	1641	4
2794	1674	5
2794	1704	4
2794	1729	2
2794	1912	4
2794	1953	5
2794	1963	4
2794	2313	5
2794	2329	4
2794	2336	4
2794	2396	5
2794	2501	4
2794	2692	2
2794	2716	4
2794	2719	2
2794	2722	3
2794	2734	3
2794	2763	3
2794	2770	3
2794	2819	5
2794	2840	2
2794	2881	3
2794	2919	4
2794	3006	4
2794	3176	4
2794	3185	3
2794	3267	4
2794	3334	5
2794	3354	3
2794	3409	2
2794	3424	4
2794	3510	4
2794	3555	4
2794	3578	4
2794	3654	4
2794	3728	4
2794	3745	3
2794	3793	3
2794	3952	4
2797	70	3
2797	480	2
2797	538	5
2797	608	2
2797	908	5
2797	968	3
2797	1258	5
2797	1261	3
2797	1278	4
2797	1333	3
2797	1387	1
2797	1407	2
2797	1580	3
2797	1673	4
2797	1896	3
2797	1970	1
2797	2380	1
2797	2533	3
2797	2716	4
2797	3676	1
2797	3869	1
2800	105	1
2800	318	4
2800	339	4
2800	357	3
2800	480	5
2800	587	3
2800	593	4
2800	608	1
2800	628	5
2800	647	5
2800	780	5
2800	832	4
2800	858	5
2800	1265	2
2800	1366	1
2800	1408	4
2800	1466	4
2800	1721	5
2800	1784	2
2800	1835	3
2800	2125	5
2800	2302	4
2800	2424	3
2800	2822	3
2800	3100	4
2800	3107	4
2800	3148	5
2800	3185	4
2800	3238	1
2800	3256	4
2800	3418	1
2800	3450	1
2800	3513	5
2800	3515	1
2800	3578	3
2800	3579	1
2800	3798	4
2800	3882	4
2804	44	3
2804	95	3
2804	110	4
2804	153	4
2804	163	5
2804	170	5
2804	198	4
2804	222	4
2804	293	3
2804	317	5
2804	329	4
2804	357	3
2804	379	4
2804	434	4
2804	480	5
2804	494	4
2804	527	5
2804	533	4
2804	587	4
2804	610	4
2804	780	4
2804	914	4
2804	933	5
2804	943	4
2804	969	4
2804	1019	4
2804	1028	4
2804	1094	4
2804	1198	4
2804	1200	5
2804	1220	3
2804	1230	3
2804	1265	5
2804	1275	4
2804	1356	4
2804	1357	5
2804	1372	4
2804	1373	3
2804	1374	5
2804	1391	2
2804	1393	5
2804	1408	5
2804	1438	4
2804	1562	1
2804	1580	4
2804	1639	4
2804	1687	3
2804	1702	4
2804	1722	4
2804	1833	3
2804	1917	5
2804	1918	4
2804	1920	4
2804	1947	5
2804	1954	4
2804	1967	4
2804	2001	4
2804	2080	5
2804	2100	3
2804	2125	4
2804	2143	4
2804	2153	1
2804	2193	4
2804	2248	3
2804	2322	4
2804	2353	4
2804	2396	4
2804	2405	3
2804	2468	5
2804	2529	3
2804	2549	3
2804	2617	5
2804	2763	5
2804	2826	4
2804	2916	3
2804	3107	4
2804	3418	5
2804	3438	4
2804	3452	4
2804	3479	4
2804	3489	4
2804	3668	5
2804	3685	3
2804	3702	3
2804	3704	4
2804	3841	3
2804	3927	3
2806	17	1
2806	34	1
2806	110	3
2806	480	3
2806	529	3
2806	595	1
2806	671	5
2806	720	3
2806	861	3
2806	1029	2
2806	1136	4
2806	1198	5
2806	1222	4
2806	1223	4
2806	1265	5
2806	1393	2
2806	1722	4
2806	1840	3
2806	1883	4
2806	1947	2
2806	1957	3
2806	2018	1
2806	2329	4
2806	2353	3
2806	2395	4
2806	2396	2
2806	2709	3
2806	2729	3
2806	3033	5
2806	3034	2
2806	3114	3
2806	3253	3
2806	3452	3
2806	3510	4
2806	3513	3
2806	3671	5
2806	3753	3
2806	3793	3
2807	17	4
2807	34	4
2807	36	4
2807	52	3
2807	64	2
2807	110	3
2807	111	3
2807	144	4
2807	232	4
2807	235	4
2807	262	4
2807	300	3
2807	318	5
2807	329	2
2807	342	4
2807	348	4
2807	357	3
2807	480	1
2807	488	2
2807	500	2
2807	515	5
2807	527	3
2807	529	3
2807	535	4
2807	588	3
2807	590	3
2807	593	3
2807	780	1
2807	832	1
2807	905	5
2807	908	4
2807	909	5
2807	910	5
2807	914	3
2807	916	3
2807	918	4
2807	922	4
2807	924	5
2807	926	4
2807	931	3
2807	933	3
2807	940	3
2807	945	4
2807	947	4
2807	953	4
2807	969	4
2807	971	3
2807	1057	1
2807	1066	4
2807	1078	4
2807	1079	5
2807	1084	3
2807	1094	3
2807	1096	4
2807	1104	4
2807	1136	4
2807	1150	4
2807	1162	4
2807	1171	4
2807	1178	5
2807	1193	4
2807	1198	1
2807	1200	1
2807	1204	5
2807	1206	4
2807	1214	1
2807	1217	5
2807	1223	4
2807	1226	4
2807	1230	4
2807	1234	3
2807	1237	5
2807	1242	4
2807	1264	4
2807	1265	2
2807	1271	4
2807	1272	3
2807	1277	4
2807	1278	5
2807	1292	4
2807	1293	4
2807	1356	3
2807	1372	2
2807	1374	2
2807	1507	3
2807	1566	3
2807	1569	2
2807	1784	5
2807	1827	5
2807	1883	5
2807	1947	3
2807	1949	5
2807	1955	3
2807	1962	3
2807	1963	4
2807	2009	1
2807	2019	5
2807	2075	5
2807	2100	1
2807	2112	2
2807	2183	3
2807	2202	3
2807	2245	2
2807	2287	1
2807	2289	5
2807	2302	4
2807	2313	5
2807	2336	3
2807	2349	3
2807	2351	5
2807	2356	3
2807	2396	3
2807	2529	1
2807	2539	4
2807	2612	3
2807	2640	1
2807	2664	2
2807	2716	3
2807	2729	3
2807	2731	4
2807	2739	3
2807	2788	4
2807	2905	4
2807	2919	4
2807	2997	5
2807	3006	3
2807	3028	3
2807	3033	3
2807	3037	4
2807	3061	3
2807	3068	4
2807	3072	4
2807	3090	5
2807	3104	4
2807	3114	4
2807	3175	4
2807	3198	3
2807	3247	2
2807	3251	4
2807	3255	3
2807	3334	3
2807	3359	4
2807	3418	3
2807	3421	1
2807	3424	4
2807	3429	4
2807	3450	3
2807	3471	3
2807	3500	2
2807	3527	1
2807	3545	3
2807	3638	1
2807	3668	3
2807	3671	4
2807	3684	3
2807	3712	4
2807	3811	4
2807	3819	5
2807	3869	2
2807	3873	2
2807	3927	2
2808	17	4
2808	173	1
2808	198	4
2808	329	4
2808	480	5
2808	587	3
2808	780	5
2808	866	5
2808	903	4
2808	910	5
2808	924	5
2808	1094	4
2808	1104	4
2808	1199	5
2808	1200	5
2808	1206	3
2808	1214	4
2808	1287	4
2808	1356	4
2808	1372	4
2808	1374	5
2808	1393	4
2808	1573	4
2808	1580	4
2808	1617	4
2808	1641	4
2808	1690	4
2808	1779	4
2808	1923	4
2808	1954	4
2808	2010	4
2808	2011	3
2808	2012	3
2808	2021	5
2808	2245	5
2808	2396	4
2808	2529	4
2808	2583	4
2808	2600	1
2808	2640	4
2808	2642	4
2808	2692	5
2808	2970	5
2808	2997	5
2808	3175	4
2808	3176	4
2808	3354	2
2808	3471	5
2808	3527	4
2808	3578	5
2808	3745	5
2808	3783	4
2808	3793	5
2808	3893	5
2808	3910	3
2808	3952	4
2809	34	5
2809	36	4
2809	140	1
2809	232	5
2809	235	5
2809	300	4
2809	318	5
2809	357	4
2809	371	1
2809	457	4
2809	515	5
2809	527	5
2809	587	4
2809	593	5
2809	608	4
2809	836	2
2809	858	5
2809	910	4
2809	1136	5
2809	1198	5
2809	1220	5
2809	1225	5
2809	1265	5
2809	1278	4
2809	1396	2
2809	1610	4
2809	1617	4
2809	1784	5
2809	1954	5
2809	2193	5
2809	2247	4
2809	2396	5
2809	2407	5
2809	2410	5
2809	2411	3
2809	2716	5
2809	2795	5
2809	2804	5
2809	2866	4
2809	2915	5
2809	3072	5
2809	3104	4
2809	3421	5
2809	3471	4
2809	3552	5
2809	3671	4
2817	10	4
2817	34	4
2817	110	5
2817	161	4
2817	318	5
2817	480	4
2817	497	5
2817	587	5
2817	590	5
2817	593	4
2817	595	4
2817	608	4
2817	858	5
2817	908	4
2817	1136	5
2817	1183	2
2817	1198	5
2817	1199	3
2817	1200	5
2817	1214	5
2817	1215	4
2817	1265	4
2817	1287	5
2817	1356	4
2817	1396	4
2817	1542	4
2817	1617	4
2817	1923	5
2817	2353	4
2817	2391	4
2817	2396	5
2817	2890	4
2817	2916	4
2817	2997	4
2817	3114	4
2817	3175	5
2817	3263	3
2817	3354	3
2817	3578	5
2817	3793	4
2817	3927	4
2819	2410	3
2819	3072	3
2819	3148	5
2819	3326	4
2819	3354	5
2819	3513	5
2819	3545	3
2819	3555	5
2819	3579	5
2822	215	4
2822	269	4
2822	279	4
2822	342	3
2822	419	2
2822	671	3
2822	914	4
2822	924	2
2822	932	3
2822	940	4
2822	947	4
2822	969	4
2822	999	4
2822	1198	5
2822	1204	3
2822	1251	3
2822	1287	3
2822	1292	3
2822	1367	3
2822	1390	1
2822	1441	4
2822	1569	4
2822	1641	5
2822	2077	5
2822	2302	4
2822	2581	4
2822	2617	3
2822	2829	3
2822	2970	5
2822	2997	4
2822	3175	3
2822	3521	4
2822	3538	5
2822	3869	5
2823	110	5
2823	235	3
2823	457	4
2823	480	2
2823	527	4
2823	529	3
2823	858	5
2823	1060	4
2823	1213	4
2823	1639	3
2823	1641	3
2823	1914	1
2823	2391	3
2823	2395	2
2823	2396	2
2823	2580	3
2823	2692	2
2823	2817	1
2823	3006	2
2823	3267	3
2823	3864	1
2830	110	3
2830	466	2
2830	527	4
2830	608	5
2830	858	4
2830	908	4
2830	942	4
2830	968	4
2830	969	4
2830	1092	3
2830	1198	4
2830	1200	3
2830	1201	3
2830	1214	4
2830	1220	3
2830	1222	4
2830	1242	3
2830	1258	4
2830	1278	4
2830	1333	4
2830	1341	3
2830	1387	4
2830	1391	2
2830	1394	4
2830	1407	1
2830	1580	4
2830	1610	4
2830	1617	4
2830	1892	3
2830	1997	3
2830	2396	4
2830	2459	2
2830	2734	3
2830	2747	1
2830	2763	3
2830	3062	4
2830	3107	3
2830	3157	3
2830	3175	2
2830	3176	4
2830	3219	3
2830	3256	2
2830	3418	3
2830	3499	3
2830	3836	4
2830	3893	3
2830	3927	3
2833	299	3
2833	968	5
2833	2105	4
2833	2318	4
2833	2336	5
2833	2369	3
2833	2492	1
2833	2580	3
2833	2606	1
2833	2692	5
2833	2701	1
2833	2712	5
2833	2716	4
2833	2722	1
2833	2734	3
2833	2761	3
2833	2908	4
2833	2997	4
2833	3114	4
2833	3157	4
2833	3159	4
2833	3219	3
2833	3754	1
2835	110	3
2835	144	3
2835	480	3
2835	608	5
2835	908	5
2835	1292	5
2835	1673	4
2835	2023	2
2835	2529	3
2835	3148	3
2835	3263	3
2835	3515	4
2835	3823	4
2835	3834	2
2835	3952	3
2839	785	2
2839	968	3
2839	1230	5
2839	2369	3
2839	2395	4
2839	2485	3
2839	2598	2
2839	2701	3
2839	2716	4
2839	2734	2
2839	2997	4
2839	3219	2
2840	6	5
2840	10	4
2840	19	1
2840	20	3
2840	22	1
2840	34	2
2840	36	2
2840	42	2
2840	44	3
2840	63	3
2840	70	4
2840	71	2
2840	95	2
2840	110	5
2840	122	2
2840	145	4
2840	147	5
2840	153	2
2840	161	3
2840	163	3
2840	170	2
2840	173	1
2840	180	3
2840	216	2
2840	231	1
2840	246	5
2840	293	4
2840	296	5
2840	303	2
2840	317	2
2840	318	4
2840	329	4
2840	352	3
2840	355	2
2840	410	1
2840	424	2
2840	432	2
2840	434	1
2840	441	1
2840	457	4
2840	466	2
2840	479	2
2840	480	3
2840	493	5
2840	494	2
2840	497	3
2840	527	4
2840	529	4
2840	555	4
2840	588	5
2840	590	5
2840	593	4
2840	595	3
2840	606	3
2840	608	5
2840	628	4
2840	647	2
2840	736	4
2840	780	3
2840	782	2
2840	784	2
2840	786	3
2840	830	2
2840	849	2
2840	924	2
2840	1006	3
2840	1029	3
2840	1060	3
2840	1088	3
2840	1092	4
2840	1206	2
2840	1213	4
2840	1215	2
2840	1220	2
2840	1246	3
2840	1261	2
2840	1265	4
2840	1342	4
2840	1356	4
2840	1366	3
2840	1391	2
2840	1393	5
2840	1438	2
2840	1466	4
2840	1484	4
2840	1488	3
2840	1499	2
2840	1562	2
2840	1573	4
2840	1580	4
2840	1594	3
2840	1605	2
2840	1610	4
2840	1616	3
2840	1639	4
2840	1673	2
2840	1687	2
2840	1688	3
2840	1690	2
2840	1704	5
2840	1722	4
2840	1784	4
2840	1792	2
2840	1882	2
2840	1895	3
2840	1912	4
2840	1917	3
2840	1918	3
2840	1923	2
2840	2011	4
2840	2012	3
2840	2018	4
2840	2023	2
2840	2058	5
2840	2153	1
2840	2171	5
2840	2278	3
2840	2302	3
2840	2329	3
2840	2336	4
2840	2353	3
2840	2391	4
2840	2395	4
2840	2396	5
2840	2490	4
2840	2539	4
2840	2567	3
2840	2617	3
2840	2701	2
2840	2712	3
2840	2722	3
2840	2763	4
2840	2804	2
2840	2812	4
2840	2881	2
2840	2890	5
2840	2908	3
2840	2916	3
2840	2997	4
2840	3005	3
2840	3020	3
2840	3107	4
2840	3114	4
2840	3213	3
2840	3238	1
2840	3253	3
2840	3256	3
2840	3267	4
2840	3274	2
2840	3438	2
2840	3444	3
2840	3452	2
2840	3513	3
2840	3552	3
2840	3555	4
2840	3578	3
2840	3753	3
2840	3793	3
2843	70	1
2843	144	4
2843	480	2
2843	608	5
2843	1193	5
2843	1230	5
2843	1580	3
2843	1673	3
2843	2302	2
2843	3072	4
2843	3263	1
2843	3450	4
2852	76	5
2852	329	3
2852	480	4
2852	593	5
2852	610	5
2852	735	5
2852	780	4
2852	849	4
2852	880	3
2852	968	5
2852	1214	5
2852	1215	5
2852	1241	5
2852	1258	4
2852	1261	4
2852	1278	5
2852	1340	5
2852	1346	4
2852	1347	4
2852	1356	3
2852	1372	4
2852	1387	5
2852	1391	4
2852	1396	4
2852	1407	4
2852	1580	5
2852	1690	3
2852	1762	4
2852	1779	4
2852	1882	3
2852	1917	4
2852	1974	4
2852	1975	4
2852	1979	3
2852	1982	5
2852	1984	1
2852	1986	4
2852	1997	5
2852	2012	4
2852	2118	5
2852	2159	5
2852	2232	5
2852	2322	4
2852	2459	4
2852	2549	1
2852	2606	4
2852	2664	5
2852	2701	1
2852	2716	5
2852	2746	5
2852	2804	5
2852	2916	4
2852	3175	5
2852	3300	5
2852	3476	4
2852	3499	5
2852	3745	4
2852	3793	5
2852	3798	4
2852	3864	5
2852	3932	5
2852	3952	4
2858	317	5
2858	342	1
2858	736	4
2858	788	4
2858	1042	3
2858	1059	3
2858	1088	5
2858	1393	3
2858	1431	3
2858	1569	5
2858	1605	4
2858	1639	2
2858	1703	4
2858	1721	4
2858	1784	4
2858	1888	4
2858	2018	4
2858	2059	4
2858	2080	4
2858	2081	5
2858	2316	5
2858	2385	4
2858	2424	5
2858	2485	5
2858	2581	5
2858	3114	4
2862	110	3
2862	457	4
2862	527	5
2862	588	4
2862	595	5
2862	858	5
2862	910	3
2862	914	4
2862	938	3
2862	969	3
2862	1079	4
2862	1094	3
2862	1198	5
2862	1200	4
2862	1214	5
2862	1220	4
2862	1222	3
2862	1225	5
2862	1226	4
2862	1234	5
2862	1242	4
2862	1272	5
2862	1276	5
2862	1278	5
2862	1287	4
2862	1387	4
2862	1947	5
2862	1953	5
2862	1963	3
2862	2078	3
2862	2080	3
2862	2770	2
2862	3061	4
2862	3062	5
2862	3114	4
2862	3196	5
2862	3418	4
2862	3421	5
2862	3545	4
2862	3635	3
2862	3654	5
2862	3698	3
2862	3703	3
2862	3753	5
2862	3836	4
2862	3873	3
2862	3929	3
2864	480	3
2864	593	5
2864	785	1
2864	1513	3
2864	1721	4
2864	2369	3
2864	2395	5
2864	2396	5
2864	2433	3
2864	2490	3
2864	2546	3
2864	2598	3
2864	2712	2
2864	2716	3
2864	2763	4
2864	2770	2
2864	2881	3
2864	2908	5
2864	2976	2
2864	2995	1
2864	3005	4
2864	3114	5
2864	3157	3
2864	3176	3
2864	3219	3
2864	3615	2
2864	3798	4
2873	17	5
2873	34	5
2873	65	2
2873	105	5
2873	110	5
2873	151	3
2873	158	4
2873	236	3
2873	247	1
2873	262	3
2873	300	3
2873	318	5
2873	339	5
2873	351	4
2873	357	3
2873	448	1
2873	457	3
2873	480	4
2873	497	2
2873	500	4
2873	527	5
2873	588	4
2873	590	4
2873	593	5
2873	595	4
2873	608	3
2873	653	2
2873	837	3
2873	838	5
2873	915	3
2873	932	5
2873	1017	4
2873	1025	3
2873	1028	4
2873	1029	4
2873	1042	4
2873	1059	4
2873	1086	4
2873	1088	4
2873	1136	5
2873	1183	4
2873	1198	5
2873	1200	4
2873	1214	3
2873	1215	2
2873	1258	3
2873	1265	4
2873	1271	3
2873	1287	4
2873	1356	3
2873	1387	3
2873	1393	4
2873	1398	5
2873	1408	5
2873	1580	4
2873	1680	4
2873	1683	2
2873	1688	4
2873	1721	4
2873	1895	5
2873	1947	5
2873	1967	2
2873	1997	4
2873	2001	3
2873	2018	4
2873	2045	3
2873	2046	4
2873	2059	4
2873	2071	3
2873	2077	3
2873	2078	4
2873	2080	5
2873	2081	5
2873	2100	3
2873	2125	4
2873	2161	4
2873	2280	1
2873	2329	4
2873	2353	2
2873	2396	5
2873	2424	4
2873	2485	3
2873	2506	5
2873	2529	2
2873	2581	4
2873	2617	3
2873	2640	3
2873	2690	2
2873	2739	3
2873	2804	4
2873	2846	4
2873	2915	2
2873	2920	2
2873	2997	2
2873	3034	4
2873	3100	2
2873	3114	5
2873	3125	2
2873	3159	4
2873	3175	3
2873	3185	4
2873	3398	4
2873	3461	3
2873	3479	4
2873	3675	5
2873	3753	4
2883	19	1
2883	24	1
2883	145	2
2883	147	4
2883	153	1
2883	235	3
2883	410	2
2883	415	1
2883	588	4
2883	785	4
2883	851	1
2883	924	4
2883	968	4
2883	1031	4
2883	1092	2
2883	1200	4
2883	1215	3
2883	1230	4
2883	1330	1
2883	1499	1
2883	1513	3
2883	1562	1
2883	1690	1
2883	1784	3
2883	1917	1
2883	2011	3
2883	2012	3
2883	2018	3
2883	2023	2
2883	2071	3
2883	2072	1
2883	2093	1
2883	2147	1
2883	2153	1
2883	2262	1
2883	2311	2
2883	2320	1
2883	2329	5
2883	2336	4
2883	2369	1
2883	2395	5
2883	2396	4
2883	2416	3
2883	2458	1
2883	2539	3
2883	2560	1
2883	2580	4
2883	2581	1
2883	2598	2
2883	2692	5
2883	2701	1
2883	2709	1
2883	2712	3
2883	2716	3
2883	2748	1
2883	2761	3
2883	2772	3
2883	2788	4
2883	2846	3
2883	2870	4
2883	2908	4
2883	2976	5
2883	2995	1
2883	2997	4
2883	3005	1
2883	3107	3
2883	3157	4
2883	3176	3
2883	3219	1
2883	3272	3
2883	3420	3
2883	3421	4
2883	3478	3
2883	3524	1
2883	3710	1
2883	3841	1
2884	1246	4
2884	1356	3
2884	1834	5
2884	2396	5
2884	2501	5
2884	2690	5
2884	3114	5
2884	3159	5
2884	3733	4
2886	6	3
2886	10	4
2886	20	4
2886	44	3
2886	71	3
2886	95	5
2886	153	5
2886	376	3
2886	434	5
2886	457	5
2886	780	5
2886	798	4
2886	849	4
2886	886	4
2886	1382	4
2886	1432	4
2886	1438	4
2886	1562	5
2886	1573	5
2886	1580	4
2886	1610	4
2886	1616	3
2886	1687	3
2886	1722	4
2886	1769	2
2886	1772	4
2886	1792	4
2886	1833	4
2886	1918	5
2886	2023	5
2886	2058	2
2886	2424	5
2886	2617	4
2886	2701	1
2886	2722	5
2886	2763	3
2886	2881	5
2886	2916	4
2886	3107	5
2886	3256	5
2886	3515	3
2887	5	3
2887	6	5
2887	10	5
2887	19	3
2887	22	4
2887	34	3
2887	36	5
2887	79	3
2887	89	3
2887	95	4
2887	110	5
2887	145	3
2887	151	4
2887	153	4
2887	161	3
2887	163	4
2887	173	3
2887	186	3
2887	216	3
2887	231	5
2887	236	4
2887	246	5
2887	276	3
2887	277	3
2887	296	5
2887	300	3
2887	303	2
2887	317	4
2887	318	5
2887	329	5
2887	333	4
2887	339	3
2887	340	4
2887	360	3
2887	381	4
2887	424	3
2887	432	3
2887	434	4
2887	454	4
2887	457	4
2887	458	3
2887	465	3
2887	466	3
2887	479	5
2887	480	4
2887	494	3
2887	500	4
2887	527	5
2887	587	3
2887	588	4
2887	593	4
2887	595	5
2887	605	3
2887	608	5
2887	610	1
2887	628	4
2887	647	3
2887	653	4
2887	662	3
2887	736	4
2887	780	4
2887	783	4
2887	786	5
2887	788	4
2887	805	3
2887	832	4
2887	837	3
2887	838	1
2887	861	4
2887	880	2
2887	924	4
2887	953	4
2887	1003	3
2887	1006	3
2887	1015	4
2887	1017	3
2887	1020	3
2887	1028	3
2887	1030	3
2887	1042	4
2887	1059	4
2887	1091	4
2887	1092	3
2887	1135	3
2887	1136	4
2887	1198	5
2887	1200	4
2887	1201	5
2887	1204	3
2887	1214	5
2887	1246	3
2887	1257	4
2887	1258	4
2887	1265	3
2887	1271	1
2887	1272	4
2887	1276	5
2887	1278	3
2887	1293	4
2887	1347	3
2887	1356	5
2887	1357	5
2887	1372	3
2887	1373	3
2887	1374	3
2887	1378	5
2887	1379	5
2887	1387	3
2887	1388	3
2887	1391	4
2887	1393	4
2887	1394	4
2887	1407	3
2887	1408	5
2887	1438	2
2887	1449	5
2887	1457	3
2887	1485	4
2887	1488	4
2887	1562	4
2887	1569	3
2887	1573	2
2887	1580	4
2887	1599	2
2887	1605	3
2887	1610	5
2887	1616	3
2887	1617	4
2887	1687	4
2887	1688	4
2887	1704	5
2887	1721	4
2887	1722	5
2887	1727	3
2887	1792	4
2887	1804	4
2887	1834	5
2887	1835	4
2887	1840	4
2887	1882	2
2887	1888	3
2887	1892	3
2887	1917	4
2887	1918	3
2887	1923	4
2887	1954	4
2887	1967	3
2887	1970	2
2887	1972	2
2887	1973	2
2887	1994	3
2887	1997	1
2887	2001	4
2887	2004	3
2887	2011	3
2887	2012	3
2887	2018	3
2887	2021	2
2887	2022	1
2887	2050	2
2887	2057	4
2887	2078	3
2887	2080	4
2887	2100	3
2887	2105	2
2887	2122	3
2887	2147	2
2887	2151	3
2887	2161	3
2887	2188	3
2887	2193	3
2887	2248	3
2887	2252	4
2887	2261	4
2887	2278	3
2887	2302	3
2887	2311	3
2887	2313	4
2887	2336	4
2887	2353	4
2887	2391	5
2887	2396	3
2887	2405	2
2887	2407	3
2887	2410	3
2887	2411	3
2887	2424	3
2887	2429	3
2887	2433	3
2887	2459	1
2887	2468	3
2887	2471	2
2887	2474	3
2887	2490	4
2887	2501	5
2887	2558	3
2887	2567	4
2887	2568	4
2887	2617	4
2887	2640	3
2887	2642	3
2887	2664	3
2887	2712	3
2887	2716	3
2887	2722	2
2887	2735	4
2887	2739	4
2887	2745	4
2887	2746	4
2887	2748	3
2887	2763	5
2887	2764	5
2887	2794	3
2887	2795	5
2887	2804	5
2887	2815	2
2887	2822	3
2887	2871	1
2887	2890	4
2887	2916	5
2887	2950	2
2887	2953	3
2887	2986	3
2887	2990	5
2887	2993	5
2887	2997	5
2887	3006	4
2887	3020	5
2887	3033	3
2887	3034	3
2887	3036	2
2887	3039	3
2887	3100	4
2887	3104	2
2887	3107	4
2887	3114	4
2887	3157	3
2887	3175	4
2887	3176	4
2887	3178	4
2887	3247	3
2887	3253	3
2887	3255	4
2887	3256	3
2887	3269	4
2887	3274	3
2887	3300	3
2887	3354	3
2887	3388	3
2887	3398	2
2887	3421	3
2887	3424	2
2887	3438	1
2887	3450	4
2887	3478	3
2887	3489	5
2887	3499	3
2887	3527	5
2887	3552	3
2887	3555	4
2887	3578	5
2887	3608	2
2887	3635	4
2887	3638	5
2887	3668	3
2887	3671	3
2887	3672	3
2887	3697	3
2887	3698	5
2887	3704	4
2887	3710	3
2887	3718	4
2887	3740	3
2887	3753	5
2887	3793	5
2887	3844	2
2887	3864	3
2887	3869	3
2889	34	3
2889	36	4
2889	151	2
2889	161	4
2889	318	5
2889	357	5
2889	454	4
2889	457	4
2889	500	3
2889	527	4
2889	588	5
2889	590	4
2889	593	4
2889	595	4
2889	608	2
2889	628	4
2889	647	4
2889	783	4
2889	805	4
2889	908	5
2889	910	4
2889	914	4
2889	938	2
2889	945	5
2889	948	4
2889	969	5
2889	1028	5
2889	1066	4
2889	1079	5
2889	1088	4
2889	1094	5
2889	1136	4
2889	1193	5
2889	1204	4
2889	1206	3
2889	1214	4
2889	1225	4
2889	1226	4
2889	1234	5
2889	1237	4
2889	1238	4
2889	1246	4
2889	1258	2
2889	1265	5
2889	1276	4
2889	1278	5
2889	1283	4
2889	1293	4
2889	1374	3
2889	1379	2
2889	1387	4
2889	1407	4
2889	1441	4
2889	1480	2
2889	1610	5
2889	1617	3
2889	1674	5
2889	1835	2
2889	1947	4
2889	1949	2
2889	1955	2
2889	1957	4
2889	1967	3
2889	2019	5
2889	2078	5
2889	2080	4
2889	2081	5
2889	2138	4
2889	2142	2
2889	2193	4
2889	2302	4
2889	2391	3
2889	2501	4
2889	2716	4
2889	2746	4
2889	2871	4
2889	2971	2
2889	2997	4
2889	3006	4
2889	3036	4
2889	3068	3
2889	3100	4
2889	3148	5
2889	3252	5
2889	3256	4
2889	3334	4
2889	3418	5
2889	3421	3
2889	3508	4
2889	3510	4
2889	3527	2
2889	3545	5
2889	3578	4
2889	3633	4
2889	3654	4
2889	3668	4
2889	3671	5
2889	3798	3
2889	3945	1
2893	36	4
2893	42	2
2893	924	5
2893	1193	5
2893	1222	5
2893	1246	5
2893	2110	2
2893	2311	3
2893	3793	4
2900	6	4
2900	44	4
2900	70	5
2900	95	3
2900	110	4
2900	153	3
2900	163	5
2900	170	5
2900	198	5
2900	296	5
2900	318	5
2900	457	4
2900	466	2
2900	480	4
2900	529	4
2900	555	5
2900	588	3
2900	593	5
2900	608	5
2900	610	2
2900	736	3
2900	780	5
2900	786	3
2900	788	3
2900	858	5
2900	880	2
2900	924	3
2900	953	4
2900	1019	3
2900	1025	5
2900	1028	4
2900	1034	4
2900	1079	3
2900	1104	5
2900	1136	4
2900	1198	5
2900	1206	5
2900	1213	5
2900	1215	5
2900	1220	4
2900	1230	3
2900	1234	5
2900	1246	5
2900	1257	5
2900	1261	5
2900	1265	5
2900	1275	3
2900	1288	5
2900	1378	5
2900	1382	3
2900	1387	4
2900	1388	3
2900	1391	4
2900	1393	5
2900	1411	3
2900	1431	3
2900	1466	5
2900	1562	2
2900	1573	4
2900	1580	4
2900	1590	3
2900	1610	5
2900	1617	5
2900	1639	5
2900	1673	5
2900	1680	5
2900	1704	5
2900	1721	4
2900	1923	5
2900	1954	4
2900	1957	3
2900	2010	3
2900	2011	3
2900	2012	3
2900	2023	5
2900	2046	3
2900	2078	3
2900	2105	4
2900	2125	3
2900	2193	3
2900	2278	4
2900	2282	3
2900	2322	2
2900	2353	4
2900	2395	5
2900	2396	5
2900	2410	5
2900	2490	4
2900	2568	3
2900	2580	4
2900	2617	4
2900	2672	4
2900	2692	5
2900	2716	5
2900	2722	3
2900	2735	4
2900	2763	4
2900	2804	3
2900	2815	3
2900	2816	2
2900	2881	3
2900	2890	5
2900	2916	3
2900	2986	3
2900	2997	5
2900	3020	5
2900	3033	3
2900	3114	4
2900	3148	4
2900	3159	4
2900	3175	4
2900	3263	5
2900	3354	2
2900	3421	5
2900	3444	4
2900	3450	4
2900	3452	5
2900	3527	5
2900	3552	5
2900	3578	5
2900	3668	4
2900	3693	2
2900	3697	3
2900	3698	3
2900	3793	5
2900	3840	2
2900	3869	4
2900	3882	3
2918	31	4
2918	34	4
2918	36	4
2918	70	3
2918	95	2
2918	110	3
2918	144	4
2918	147	4
2918	157	2
2918	170	3
2918	173	1
2918	215	4
2918	216	2
2918	231	2
2918	235	5
2918	246	5
2918	296	5
2918	300	4
2918	307	4
2918	308	4
2918	318	5
2918	333	4
2918	334	5
2918	372	3
2918	373	5
2918	386	2
2918	429	4
2918	441	4
2918	454	2
2918	457	3
2918	480	3
2918	527	4
2918	532	4
2918	535	4
2918	549	4
2918	587	1
2918	593	4
2918	600	2
2918	608	5
2918	647	3
2918	720	5
2918	741	4
2918	766	4
2918	780	4
2918	784	4
2918	830	2
2918	832	3
2918	851	4
2918	861	2
2918	866	3
2918	908	4
2918	910	4
2918	929	3
2918	1041	4
2918	1060	5
2918	1092	3
2918	1094	4
2918	1136	5
2918	1147	5
2918	1171	5
2918	1189	5
2918	1198	5
2918	1199	5
2918	1213	4
2918	1214	5
2918	1215	4
2918	1223	5
2918	1228	4
2918	1230	5
2918	1242	4
2918	1258	5
2918	1261	4
2918	1265	4
2918	1288	5
2918	1306	4
2918	1339	2
2918	1374	3
2918	1391	2
2918	1393	3
2918	1394	5
2918	1407	4
2918	1449	5
2918	1466	3
2918	1513	4
2918	1562	2
2918	1573	3
2918	1580	4
2918	1594	3
2918	1610	4
2918	1611	4
2918	1616	3
2918	1617	4
2918	1639	4
2918	1641	4
2918	1649	3
2918	1670	4
2918	1673	4
2918	1729	4
2918	1747	3
2918	1769	3
2918	1834	4
2918	1840	4
2918	1862	1
2918	1883	4
2918	1912	4
2918	1914	5
2918	1916	3
2918	1917	2
2918	1923	3
2918	2046	4
2918	2112	3
2918	2159	3
2918	2173	4
2918	2248	4
2918	2249	4
2918	2278	4
2918	2282	4
2918	2289	5
2918	2313	5
2918	2318	4
2918	2322	1
2918	2329	3
2918	2353	3
2918	2359	4
2918	2391	5
2918	2395	4
2918	2416	2
2918	2424	1
2918	2433	4
2918	2549	2
2918	2580	4
2918	2598	1
2918	2600	3
2918	2609	4
2918	2617	2
2918	2693	5
2918	2701	3
2918	2714	4
2918	2763	2
2918	2770	4
2918	2772	3
2918	2804	4
2918	2840	4
2918	2890	5
2918	2912	3
2918	2916	4
2918	2997	4
2918	3006	4
2918	3019	5
2918	3020	2
2918	3033	1
2918	3044	3
2918	3077	5
2918	3090	5
2918	3114	4
2918	3159	4
2918	3175	4
2918	3178	4
2918	3243	3
2918	3253	4
2918	3263	4
2918	3274	3
2918	3317	4
2918	3354	1
2918	3362	4
2918	3418	5
2918	3424	5
2918	3425	3
2918	3476	4
2918	3495	4
2918	3499	5
2918	3521	5
2918	3527	3
2918	3538	4
2918	3544	5
2918	3578	3
2918	3700	5
2918	3703	4
2918	3704	3
2918	3793	4
2918	3858	4
2918	3893	4
2918	3952	4
2923	1079	3
2923	1136	5
2923	1214	4
2923	1265	4
2923	1278	5
2923	2788	3
2923	3671	5
2925	886	5
2925	1271	5
2925	1580	3
2925	1688	4
2925	2023	4
2925	3185	2
2925	3510	4
2925	3555	4
2925	3578	5
2925	3753	5
2925	3798	4
2925	3857	4
2925	3882	3
2926	5	4
2926	17	5
2926	28	3
2926	34	3
2926	41	3
2926	110	5
2926	122	1
2926	153	1
2926	163	2
2926	180	5
2926	198	4
2926	203	4
2926	231	3
2926	236	4
2926	247	3
2926	276	1
2926	282	4
2926	296	4
2926	300	4
2926	317	2
2926	318	4
2926	333	3
2926	342	4
2926	351	4
2926	357	5
2926	381	3
2926	424	2
2926	434	1
2926	441	4
2926	454	4
2926	457	4
2926	458	3
2926	466	2
2926	480	4
2926	483	3
2926	497	4
2926	500	4
2926	514	2
2926	527	5
2926	532	5
2926	536	3
2926	537	2
2926	588	3
2926	595	4
2926	608	4
2926	671	4
2926	720	4
2926	736	3
2926	780	4
2926	805	3
2926	830	3
2926	832	3
2926	838	4
2926	842	2
2926	1042	3
2926	1092	4
2926	1167	2
2926	1265	4
2926	1271	4
2926	1379	5
2926	1390	3
2926	1391	4
2926	1392	2
2926	1396	4
2926	1407	4
2926	1449	3
2926	1485	4
2926	1488	3
2926	1498	2
2926	1542	4
2926	1562	1
2926	1566	3
2926	1569	4
2926	1573	4
2926	1580	4
2926	1610	3
2926	1616	3
2926	1617	4
2926	1639	4
2926	1641	5
2926	1648	5
2926	1673	5
2926	1688	3
2926	1689	1
2926	1704	4
2926	1721	5
2926	1722	3
2926	1746	3
2926	1784	4
2926	1835	2
2926	1887	1
2926	1888	3
2926	1912	2
2926	1918	3
2926	1923	3
2926	2012	1
2926	2046	3
2926	2072	4
2926	2083	5
2926	2125	3
2926	2153	1
2926	2249	2
2926	2302	4
2926	2336	4
2926	2353	4
2926	2395	3
2926	2396	5
2926	2424	3
2926	2485	3
2926	2490	3
2926	2567	4
2926	2581	3
2926	2712	3
2926	2770	3
2926	2771	3
2926	2889	3
2926	2890	4
2926	2997	3
2926	3006	5
2926	3051	3
2926	3079	3
2926	3100	3
2926	3148	4
2926	3157	3
2926	3176	4
2926	3238	1
2926	3247	4
2926	3253	3
2926	3255	4
2926	3256	4
2926	3263	4
2926	3269	3
2926	3299	2
2926	3317	3
2926	3325	3
2926	3409	3
2926	3438	3
2926	3450	4
2926	3477	2
2926	3500	1
2926	3513	2
2926	3555	1
2926	3578	5
2926	3616	4
2926	3712	4
2926	3719	4
2926	3720	4
2926	3753	3
2926	3754	1
2926	3793	3
2926	3796	4
2926	3798	1
2926	3824	3
2926	3869	1
2926	3882	2
2926	3893	3
2926	3952	4
2929	6	3
2929	10	3
2929	22	3
2929	36	4
2929	70	3
2929	89	2
2929	95	3
2929	110	5
2929	111	5
2929	161	3
2929	173	2
2929	198	3
2929	235	3
2929	296	5
2929	318	5
2929	330	2
2929	348	3
2929	376	3
2929	441	4
2929	446	4
2929	454	3
2929	457	4
2929	480	4
2929	527	5
2929	535	5
2929	565	4
2929	587	4
2929	590	5
2929	593	5
2929	608	5
2929	735	4
2929	736	2
2929	780	3
2929	832	4
2929	842	3
2929	849	3
2929	858	5
2929	866	4
2929	908	5
2929	924	5
2929	968	5
2929	1019	4
2929	1060	4
2929	1084	5
2929	1092	4
2929	1094	4
2929	1104	5
2929	1130	4
2929	1136	5
2929	1175	4
2929	1193	5
2929	1198	4
2929	1199	5
2929	1200	5
2929	1206	5
2929	1213	5
2929	1214	5
2929	1215	4
2929	1220	4
2929	1222	4
2929	1225	5
2929	1227	4
2929	1228	4
2929	1230	5
2929	1241	4
2929	1242	4
2929	1246	5
2929	1251	4
2929	1252	5
2929	1258	5
2929	1261	5
2929	1265	4
2929	1277	5
2929	1278	4
2929	1288	5
2929	1330	2
2929	1339	4
2929	1347	5
2929	1357	5
2929	1387	4
2929	1391	4
2929	1393	4
2929	1394	4
2929	1396	3
2929	1407	4
2929	1411	4
2929	1449	4
2929	1573	4
2929	1580	4
2929	1610	4
2929	1615	4
2929	1617	5
2929	1633	5
2929	1639	5
2929	1641	4
2929	1648	4
2929	1673	5
2929	1674	4
2929	1683	4
2929	1690	3
2929	1699	4
2929	1704	4
2929	1721	4
2929	1729	3
2929	1747	5
2929	1769	3
2929	1779	3
2929	1784	4
2929	1834	4
2929	1892	3
2929	1954	5
2929	1962	4
2929	1970	4
2929	1972	3
2929	1974	4
2929	1979	2
2929	1982	5
2929	1992	3
2929	1994	4
2929	1997	5
2929	2004	3
2929	2010	5
2929	2011	4
2929	2012	4
2929	2046	3
2929	2058	3
2929	2093	2
2929	2118	4
2929	2159	4
2929	2248	5
2929	2287	4
2929	2289	5
2929	2353	4
2929	2395	5
2929	2396	5
2929	2407	4
2929	2459	5
2929	2462	1
2929	2529	5
2929	2589	2
2929	2640	4
2929	2664	4
2929	2701	2
2929	2712	4
2929	2716	5
2929	2746	4
2929	2781	4
2929	2788	4
2929	2804	4
2929	2916	4
2929	2986	3
2929	2997	5
2929	3013	3
2929	3033	4
2929	3044	4
2929	3072	3
2929	3100	4
2929	3219	3
2929	3256	3
2929	3362	4
2929	3398	3
2929	3418	4
2929	3424	4
2929	3471	5
2929	3476	4
2929	3499	4
2929	3527	5
2929	3668	5
2929	3671	4
2929	3676	5
2929	3693	4
2929	3702	5
2929	3703	4
2929	3704	4
2929	3709	3
2931	6	5
2931	10	4
2931	20	3
2931	34	5
2931	36	5
2931	153	4
2931	161	3
2931	163	3
2931	180	4
2931	246	5
2931	293	5
2931	296	5
2931	318	5
2931	357	3
2931	372	1
2931	434	2
2931	441	2
2931	457	4
2931	466	1
2931	477	3
2931	479	3
2931	480	3
2931	497	3
2931	527	5
2931	546	2
2931	588	5
2931	595	5
2931	608	5
2931	720	5
2931	780	3
2931	858	5
2931	1017	4
2931	1042	5
2931	1198	5
2931	1213	4
2931	1271	2
2931	1356	3
2931	1372	2
2931	1387	5
2931	1388	4
2931	1393	5
2931	1408	3
2931	1411	5
2931	1431	2
2931	1466	3
2931	1499	1
2931	1562	1
2931	1573	3
2931	1580	2
2931	1610	4
2931	1639	5
2931	1673	5
2931	1687	3
2931	1704	5
2931	1722	3
2931	1729	5
2931	1744	2
2931	1753	4
2931	1769	4
2931	1772	3
2931	1784	4
2931	1792	3
2931	1833	2
2931	1882	2
2931	1883	5
2931	1912	5
2931	1917	4
2931	1923	5
2931	2058	4
2931	2059	5
2931	2329	5
2931	2353	4
2931	2501	5
2931	2540	1
2931	2629	2
2931	2692	5
2931	2701	2
2931	2709	5
2931	2712	4
2931	2763	1
2931	2807	1
2931	2881	3
2931	2890	5
2931	2908	5
2931	2916	2
2931	2997	5
2931	3020	3
2931	3100	3
2931	3107	5
2931	3114	5
2931	3145	5
2931	3148	4
2931	3157	3
2931	3159	4
2931	3176	4
2931	3213	4
2931	3252	4
2931	3253	5
2931	3255	3
2931	3256	4
2931	3398	5
2931	3452	2
2931	3477	4
2931	3513	2
2931	3555	4
2931	3596	1
2931	3616	3
2931	3753	5
2931	3841	1
2933	34	5
2933	36	2
2933	110	5
2933	111	4
2933	161	3
2933	296	5
2933	318	5
2933	357	4
2933	454	3
2933	457	3
2933	527	5
2933	588	2
2933	590	5
2933	593	3
2933	608	3
2933	832	3
2933	1079	5
2933	1094	4
2933	1175	4
2933	1199	5
2933	1200	5
2933	1213	5
2933	1222	5
2933	1242	4
2933	1265	5
2933	1393	3
2933	1394	5
2933	1407	4
2933	1408	4
2933	1465	5
2933	1573	5
2933	1617	4
2933	1633	4
2933	1673	4
2933	1704	5
2933	1729	3
2933	1784	5
2933	1912	2
2933	1923	5
2933	1970	1
2933	2058	2
2933	2329	4
2933	2396	3
2933	2580	5
2933	2716	4
2933	2890	4
2933	2908	3
2933	2976	3
2933	2997	4
2933	3006	4
2933	3145	1
2933	3148	4
2933	3252	5
2933	3253	3
2933	3256	4
2933	3263	2
2933	3354	3
2933	3471	3
2933	3476	4
2933	3499	3
2933	3703	4
2933	3712	1
2939	34	4
2939	68	3
2939	110	4
2939	293	5
2939	296	5
2939	317	4
2939	318	4
2939	339	5
2939	454	3
2939	457	5
2939	480	4
2939	558	2
2939	593	4
2939	608	5
2939	653	2
2939	861	3
2939	903	3
2939	908	5
2939	924	3
2939	926	3
2939	933	3
2939	1060	4
2939	1066	5
2939	1079	4
2939	1096	3
2939	1131	4
2939	1132	3
2939	1136	5
2939	1193	3
2939	1200	4
2939	1225	4
2939	1252	4
2939	1276	5
2939	1293	5
2939	1394	4
2939	1407	4
2939	1480	4
2939	1610	5
2939	1617	4
2939	1674	4
2939	1722	3
2939	1834	4
2939	1845	5
2939	1967	3
2939	1994	3
2939	2015	4
2939	2021	4
2939	2058	3
2939	2100	4
2939	2105	3
2939	2138	4
2939	2143	4
2939	2161	3
2939	2183	4
2939	2193	3
2939	2252	1
2939	2396	4
2939	2763	4
2939	2804	5
2939	2916	3
2939	2997	3
2939	3072	5
2939	3114	5
2939	3256	3
2939	3267	5
2939	3362	3
2939	3479	5
2939	3489	4
2939	3505	4
2949	968	4
2949	1513	3
2949	1721	3
2949	1972	1
2949	2041	3
2949	2336	3
2949	2369	3
2949	2490	4
2949	2701	3
2949	2716	4
2949	2763	3
2949	2770	5
2949	2881	4
2949	3053	2
2949	3114	5
2949	3159	4
2949	3175	5
2949	3578	5
2949	3675	4
2949	3793	4
2949	3864	4
2960	111	4
2960	296	5
2960	318	4
2960	527	4
2960	593	4
2960	886	2
2960	1178	4
2960	1193	4
2960	1225	4
2960	1230	5
2960	1276	5
2960	1293	4
2960	1617	5
2960	2396	5
2960	2804	2
2960	2908	5
2960	3093	2
2960	3421	4
2960	3450	3
2962	6	4
2962	10	2
2962	22	3
2962	36	4
2962	70	3
2962	72	3
2962	76	2
2962	89	3
2962	111	3
2962	153	2
2962	161	2
2962	163	3
2962	198	3
2962	209	2
2962	216	2
2962	247	4
2962	293	3
2962	295	2
2962	318	4
2962	329	2
2962	373	3
2962	376	2
2962	381	3
2962	392	2
2962	454	3
2962	457	3
2962	480	4
2962	494	2
2962	554	2
2962	555	3
2962	587	3
2962	593	3
2962	606	2
2962	608	3
2962	610	2
2962	628	3
2962	662	2
2962	707	2
2962	720	3
2962	780	3
2962	786	1
2962	832	2
2962	858	5
2962	861	2
2962	866	3
2962	901	3
2962	903	3
2962	908	3
2962	911	4
2962	914	4
2962	916	3
2962	922	5
2962	924	3
2962	929	2
2962	931	3
2962	933	3
2962	942	3
2962	947	3
2962	959	3
2962	968	3
2962	1003	2
2962	1017	4
2962	1019	4
2962	1079	3
2962	1086	3
2962	1092	2
2962	1130	2
2962	1131	5
2962	1132	4
2962	1150	3
2962	1175	3
2962	1189	4
2962	1198	3
2962	1199	4
2962	1200	4
2962	1204	5
2962	1206	4
2962	1214	3
2962	1215	3
2962	1217	4
2962	1222	4
2962	1225	4
2962	1226	4
2962	1227	4
2962	1228	3
2962	1238	2
2962	1242	3
2962	1252	2
2962	1258	1
2962	1264	5
2962	1271	4
2962	1293	4
2962	1306	2
2962	1342	3
2962	1356	2
2962	1372	2
2962	1374	4
2962	1391	2
2962	1394	2
2962	1396	3
2962	1407	4
2962	1449	4
2962	1480	4
2962	1562	1
2962	1573	2
2962	1580	3
2962	1610	2
2962	1616	1
2962	1617	4
2962	1674	3
2962	1683	2
2962	1687	2
2962	1689	2
2962	1690	4
2962	1722	2
2962	1770	3
2962	1783	3
2962	1792	2
2962	1892	2
2962	1918	3
2962	1927	4
2962	1933	3
2962	1949	5
2962	1953	4
2962	1957	2
2962	1974	3
2962	1975	2
2962	1979	2
2962	1994	4
2962	1995	2
2962	2001	3
2962	2009	2
2962	2010	3
2962	2015	3
2962	2041	1
2962	2058	1
2962	2080	4
2962	2100	3
2962	2105	3
2962	2110	3
2962	2111	3
2962	2118	3
2962	2121	2
2962	2122	2
2962	2177	2
2962	2178	2
2962	2179	3
2962	2181	2
2962	2183	3
2962	2184	3
2962	2201	3
2962	2202	3
2962	2203	2
2962	2204	2
2962	2208	3
2962	2210	3
2962	2211	2
2962	2212	2
2962	2248	3
2962	2267	2
2962	2278	3
2962	2287	3
2962	2311	2
2962	2313	4
2962	2320	4
2962	2346	3
2962	2349	3
2962	2351	3
2962	2353	2
2962	2382	1
2962	2391	3
2962	2405	3
2962	2407	3
2962	2468	2
2962	2490	2
2962	2523	2
2962	2529	3
2962	2532	2
2962	2551	3
2962	2554	2
2962	2600	3
2962	2617	3
2962	2640	4
2962	2642	2
2962	2651	3
2962	2659	3
2962	2664	3
2962	2672	3
2962	2675	3
2962	2722	3
2962	2743	3
2962	2763	2
2962	2764	2
2962	2788	4
2962	2796	2
2962	2804	3
2962	2812	2
2962	2819	2
2962	2822	3
2962	2871	2
2962	2903	1
2962	2916	4
2962	2917	4
2962	2919	4
2962	2935	3
2962	2937	3
2962	2967	4
2962	2983	2
2962	3005	3
2962	3015	2
2962	3019	3
2962	3033	2
2962	3037	4
2962	3044	3
2962	3072	4
2962	3075	4
2962	3079	3
2962	3093	4
2962	3102	2
2962	3112	3
2962	3148	3
2962	3169	4
2962	3176	3
2962	3203	4
2962	3213	3
2962	3219	2
2962	3223	3
2962	3238	2
2962	3240	3
2962	3243	3
2962	3252	3
2962	3256	2
2962	3267	3
2962	3269	2
2962	3300	3
2962	3325	2
2962	3334	1
2962	3379	4
2962	3398	3
2962	3402	3
2962	3409	2
2962	3420	2
2962	3424	4
2962	3445	3
2962	3452	3
2962	3461	3
2962	3466	3
2962	3468	3
2962	3471	3
2962	3476	4
2962	3479	4
2962	3501	2
2962	3505	2
2962	3527	2
2962	3546	4
2962	3551	3
2962	3555	3
2962	3578	3
2962	3584	2
2962	3637	3
2962	3646	4
2962	3678	2
2962	3679	2
2962	3698	1
2962	3700	4
2962	3702	2
2962	3703	2
2962	3704	2
2962	3708	2
2962	3728	4
2962	3744	3
2962	3745	4
2962	3753	3
2962	3758	2
2962	3777	3
2962	3783	4
2962	3793	3
2962	3811	3
2962	3819	3
2962	3821	3
2962	3823	3
2962	3830	4
2962	3849	3
2962	3850	3
2962	3872	5
2962	3879	2
2962	3896	4
2962	3910	4
2962	3926	3
2962	3927	4
2962	3932	3
2962	3937	3
2966	10	4
2966	36	5
2966	105	4
2966	222	4
2966	231	3
2966	232	5
2966	235	2
2966	270	3
2966	276	3
2966	296	5
2966	317	3
2966	339	3
2966	342	5
2966	351	3
2966	357	5
2966	372	4
2966	441	4
2966	446	3
2966	457	5
2966	480	4
2966	500	4
2966	587	4
2966	590	5
2966	593	5
2966	605	4
2966	608	5
2966	736	4
2966	785	3
2966	788	5
2966	910	3
2966	1031	5
2966	1042	4
2966	1059	5
2966	1088	3
2966	1147	5
2966	1198	5
2966	1213	5
2966	1223	4
2966	1265	3
2966	1339	3
2966	1357	5
2966	1393	4
2966	1394	5
2966	1441	4
2966	1485	4
2966	1542	4
2966	1569	4
2966	1580	5
2966	1605	2
2966	1617	4
2966	1641	5
2966	1702	3
2966	1721	4
2966	1784	4
2966	1883	4
2966	1888	3
2966	1892	3
2966	1912	4
2966	1914	4
2966	1920	3
2966	1923	4
2966	1954	4
2966	2058	4
2966	2081	3
2966	2100	4
2966	2125	5
2966	2248	3
2966	2289	5
2966	2353	4
2966	2359	4
2966	2385	2
2966	2391	3
2966	2395	4
2966	2396	5
2966	2581	4
2966	2640	5
2966	2716	3
2966	2795	3
2966	2822	2
2966	2908	5
2966	2997	5
2966	3176	3
2966	3178	5
2966	3238	3
2966	3255	4
2966	3256	4
2966	3263	3
2966	3404	4
2966	3418	5
2966	3429	5
2966	3489	3
2966	3783	5
2967	34	3
2967	52	2
2967	70	3
2967	95	2
2967	99	4
2967	111	5
2967	163	3
2967	235	5
2967	246	4
2967	247	5
2967	293	3
2967	296	5
2967	348	2
2967	392	3
2967	441	2
2967	444	2
2967	448	4
2967	501	3
2967	532	2
2967	535	3
2967	549	1
2967	555	3
2967	574	2
2967	593	4
2967	608	4
2967	681	3
2967	702	4
2967	741	3
2967	746	4
2967	759	3
2967	785	3
2967	858	5
2967	861	5
2967	866	3
2967	903	2
2967	905	3
2967	908	3
2967	909	4
2967	910	4
2967	911	4
2967	916	2
2967	922	5
2967	924	4
2967	926	4
2967	933	3
2967	942	3
2967	945	4
2967	953	5
2967	1029	4
2967	1034	4
2967	1060	3
2967	1079	4
2967	1084	5
2967	1086	3
2967	1092	2
2967	1094	2
2967	1104	5
2967	1131	4
2967	1136	5
2967	1147	5
2967	1175	5
2967	1178	4
2967	1189	5
2967	1193	5
2967	1198	4
2967	1200	4
2967	1201	5
2967	1202	3
2967	1204	5
2967	1206	5
2967	1211	4
2967	1213	3
2967	1214	5
2967	1220	3
2967	1222	3
2967	1225	4
2967	1226	4
2967	1227	4
2967	1228	5
2967	1230	5
2967	1234	5
2967	1236	4
2967	1237	4
2967	1238	3
2967	1251	5
2967	1252	5
2967	1261	5
2967	1264	3
2967	1265	5
2967	1278	4
2967	1288	4
2967	1292	5
2967	1293	3
2967	1387	3
2967	1394	5
2967	1419	2
2967	1449	3
2967	1466	2
2967	1573	4
2967	1580	4
2967	1611	4
2967	1617	3
2967	1633	3
2967	1641	2
2967	1649	2
2967	1673	4
2967	1674	4
2967	1690	1
2967	1699	2
2967	1704	4
2967	1715	4
2967	1722	3
2967	1729	3
2967	1734	3
2967	1769	2
2967	1785	3
2967	1797	2
2967	1856	3
2967	1859	4
2967	1912	5
2967	1916	5
2967	1923	3
2967	1938	4
2967	1953	3
2967	1954	4
2967	1963	4
2967	1994	3
2967	2019	5
2967	2024	3
2967	2078	4
2967	2080	4
2967	2081	4
2967	2110	2
2967	2118	5
2967	2130	4
2967	2282	3
2967	2289	3
2967	2311	2
2967	2313	5
2967	2318	5
2967	2323	4
2967	2329	2
2967	2351	5
2967	2356	2
2967	2374	2
2967	2389	1
2967	2390	3
2967	2391	4
2967	2395	4
2967	2396	4
2967	2511	5
2967	2529	4
2967	2551	4
2967	2600	3
2967	2617	1
2967	2632	4
2967	2640	2
2967	2692	4
2967	2693	2
2967	2716	3
2967	2726	4
2967	2729	3
2967	2746	2
2967	2747	4
2967	2761	4
2967	2763	2
2967	2813	2
2967	2819	4
2967	2871	4
2967	2890	2
2967	2908	4
2967	2912	4
2967	2915	2
2967	2916	2
2967	2932	5
2967	2935	4
2967	2951	5
2967	2952	4
2967	2967	5
2967	2997	4
2967	3002	3
2967	3019	5
2967	3022	4
2967	3037	3
2967	3039	3
2967	3044	1
2967	3075	3
2967	3077	4
2967	3090	5
2967	3104	4
2967	3135	4
2967	3176	4
2967	3196	4
2967	3203	4
2967	3223	3
2967	3304	3
2967	3308	3
2967	3359	4
2967	3362	5
2967	3404	3
2967	3418	4
2967	3424	4
2967	3452	2
2967	3468	4
2967	3479	4
2967	3521	3
2967	3545	3
2967	3546	4
2967	3551	5
2967	3555	2
2967	3578	2
2967	3608	4
2967	3655	3
2967	3671	4
2967	3676	4
2967	3678	4
2967	3685	3
2967	3698	2
2967	3700	5
2967	3702	4
2967	3703	4
2967	3704	2
2967	3728	4
2967	3729	3
2967	3744	1
2967	3747	3
2967	3783	4
2967	3811	5
2967	3819	4
2967	3893	4
2970	110	5
2970	296	4
2970	318	5
2970	441	3
2970	457	4
2970	588	5
2970	866	4
2970	1265	4
2970	1446	5
2970	1610	4
2970	1617	5
2970	1704	5
2970	1784	4
2970	1923	1
2970	2501	4
2970	2997	2
2970	3114	5
2970	3252	5
2970	3255	5
2970	3477	4
2970	3753	4
2970	3793	4
2976	6	4
2976	24	3
2976	293	4
2976	296	5
2976	303	4
2976	413	3
2976	466	3
2976	610	5
2976	924	4
2976	999	4
2976	1060	4
2976	1135	3
2976	1136	5
2976	1200	4
2976	1214	4
2976	1215	3
2976	1261	3
2976	1265	4
2976	1275	4
2976	1276	4
2976	1278	4
2976	1288	5
2976	1352	3
2976	1394	5
2976	1601	3
2976	1610	4
2976	1690	4
2976	1721	3
2976	1753	5
2976	1887	4
2976	1923	4
2976	1982	4
2976	1994	4
2976	1995	3
2976	2050	3
2976	2072	4
2976	2125	3
2976	2149	2
2976	2311	3
2976	2316	2
2976	2318	5
2976	2329	5
2976	2374	3
2976	2380	2
2976	2385	2
2976	2395	4
2976	2529	4
2976	2719	3
2976	2788	4
2976	2804	4
2976	2826	4
2976	2997	5
2976	3036	4
2976	3388	3
2976	3421	5
2976	3424	3
2976	3490	3
2976	3527	4
2976	3552	5
2976	3654	4
2976	3661	3
2976	3671	4
2976	3697	3
2976	3710	3
2976	3928	3
2985	19	3
2985	110	5
2985	153	4
2985	303	5
2985	317	3
2985	329	4
2985	466	3
2985	480	4
2985	497	4
2985	546	1
2985	595	5
2985	610	2
2985	736	4
2985	780	4
2985	914	3
2985	953	3
2985	1030	4
2985	1031	3
2985	1094	2
2985	1198	4
2985	1200	4
2985	1214	4
2985	1225	4
2985	1265	3
2985	1275	5
2985	1339	3
2985	1356	5
2985	1372	5
2985	1373	4
2985	1374	4
2985	1387	5
2985	1393	4
2985	1499	4
2985	1513	2
2985	1562	4
2985	1580	4
2985	1674	2
2985	1690	3
2985	1704	4
2985	1721	3
2985	1862	4
2985	1917	5
2985	1918	4
2985	1954	3
2985	1967	3
2985	2011	4
2985	2012	4
2985	2015	4
2985	2018	3
2985	2041	4
2985	2046	4
2985	2078	4
2985	2081	4
2985	2100	4
2985	2143	4
2985	2151	2
2985	2161	5
2985	2193	4
2985	2336	3
2985	2396	3
2985	2399	3
2985	2405	3
2985	2407	3
2985	2408	3
2985	2429	3
2985	2529	4
2985	2617	4
2985	2640	3
2985	2642	4
2985	2701	4
2985	2712	4
2985	2716	4
2985	2746	2
2985	2804	4
2985	2916	3
2985	3033	3
2985	3034	5
2985	3114	4
2985	3157	4
2985	3255	2
2985	3471	2
2985	3479	4
2985	3489	4
2985	3704	1
2985	3793	4
2987	180	4
2987	318	5
2987	457	4
2987	527	4
2987	608	4
2987	924	4
2987	1258	5
2987	1396	5
2987	1639	4
2987	1721	3
2987	1912	5
2987	1962	4
2987	2125	3
2987	2336	3
2987	2396	5
2987	2997	4
2987	3114	4
2987	3438	2
2987	3578	3
2987	3857	1
3003	10	4
3003	110	5
3003	242	3
3003	293	5
3003	303	4
3003	329	3
3003	454	2
3003	480	4
3003	608	5
3003	741	5
3003	940	1
3003	1116	3
3003	1175	5
3003	1200	4
3003	1206	2
3003	1214	5
3003	1275	4
3003	1356	4
3003	1372	3
3003	1374	4
3003	1387	3
3003	1396	5
3003	1580	5
3003	2077	4
3003	2105	1
3003	2161	4
3003	2193	5
3003	2302	2
3003	2617	5
3003	2640	3
3003	2916	4
3003	3034	4
3003	3148	4
3003	3175	4
3003	3702	5
3003	3703	4
3003	3793	5
3003	3841	4
3005	246	3
3005	329	5
3005	610	3
3005	780	2
3005	924	5
3005	968	5
3005	1193	5
3005	1199	5
3005	1200	5
3005	1214	5
3005	1222	3
3005	1356	3
3005	1372	1
3005	1374	4
3005	1387	5
3005	1388	4
3005	1391	4
3005	1573	2
3005	1690	2
3005	2009	4
3005	2011	4
3005	2105	5
3005	2147	1
3005	2287	3
3005	2336	5
3005	2396	4
3005	2407	4
3005	2526	3
3005	2529	5
3005	2640	4
3005	2664	4
3005	2672	5
3005	2716	5
3005	2734	4
3005	2763	3
3005	2840	4
3005	2916	2
3005	2995	2
3005	2997	3
3005	3114	3
3005	3159	3
3005	3175	4
3005	3219	3
3005	3471	3
3005	3527	5
3005	3555	3
3005	3635	4
3005	3638	3
3005	3698	1
3005	3702	4
3005	3704	2
3005	3927	4
3019	293	4
3019	608	5
3019	908	5
3019	1230	5
3019	1374	5
3019	1580	5
3019	2302	4
3019	2529	3
3019	2997	4
3019	3812	4
3019	3873	5
3023	968	2
3023	1198	5
3023	1356	3
3023	1513	3
3023	1580	4
3023	2093	3
3023	2336	4
3023	2369	3
3023	2395	1
3023	2396	4
3023	2433	4
3023	2474	3
3023	2490	3
3023	2629	3
3023	2690	4
3023	2701	2
3023	2716	4
3023	2770	4
3023	2881	3
3023	3005	4
3023	3114	4
3023	3148	4
3023	3175	3
3023	3176	3
3023	3308	3
3023	3578	5
3023	3615	4
3023	3798	4
3023	3844	4
3023	3877	2
3023	3879	4
3023	3882	4
3023	3893	4
3028	34	3
3028	329	4
3028	480	4
3028	546	2
3028	780	4
3028	849	3
3028	858	5
3028	924	4
3028	1020	4
3028	1028	4
3028	1136	4
3028	1215	2
3028	1265	4
3028	1356	4
3028	1372	4
3028	1373	3
3028	1374	5
3028	1391	3
3028	1580	4
3028	1690	3
3028	1747	5
3028	1779	1
3028	1784	4
3028	1882	2
3028	1883	5
3028	1917	3
3028	1923	4
3028	2011	4
3028	2012	4
3028	2053	2
3028	2078	4
3028	2080	4
3028	2081	4
3028	2105	4
3028	2302	3
3028	2395	4
3028	2396	4
3028	2539	4
3028	2640	4
3028	2672	4
3028	2870	3
3028	2883	4
3028	2997	5
3028	3033	4
3028	3175	4
3028	3255	5
3028	3398	4
3028	3793	5
3028	3869	4
3028	3877	3
3028	3927	4
3031	6	4
3031	19	4
3031	34	4
3031	36	5
3031	52	5
3031	70	3
3031	105	4
3031	110	4
3031	122	3
3031	140	4
3031	153	3
3031	180	3
3031	186	4
3031	198	4
3031	205	5
3031	215	4
3031	216	4
3031	229	5
3031	231	4
3031	232	4
3031	235	4
3031	293	5
3031	296	5
3031	300	4
3031	317	3
3031	318	5
3031	333	4
3031	339	2
3031	355	3
3031	357	4
3031	410	4
3031	419	3
3031	429	4
3031	432	3
3031	433	4
3031	441	3
3031	454	3
3031	465	4
3031	500	3
3031	514	4
3031	527	5
3031	529	4
3031	532	4
3031	536	4
3031	555	3
3031	588	3
3031	590	4
3031	593	4
3031	595	4
3031	608	4
3031	610	4
3031	628	3
3031	647	3
3031	671	4
3031	720	4
3031	736	3
3031	766	3
3031	780	3
3031	783	5
3031	785	4
3031	788	4
3031	805	4
3031	832	4
3031	837	5
3031	999	4
3031	1030	5
3031	1042	5
3031	1050	5
3031	1051	5
3031	1057	4
3031	1059	4
3031	1060	5
3031	1079	4
3031	1088	4
3031	1091	3
3031	1094	3
3031	1126	3
3031	1183	5
3031	1220	4
3031	1222	5
3031	1225	4
3031	1242	4
3031	1257	4
3031	1265	5
3031	1271	3
3031	1288	5
3031	1293	4
3031	1339	5
3031	1352	5
3031	1356	3
3031	1357	4
3031	1378	4
3031	1379	4
3031	1387	4
3031	1391	4
3031	1392	4
3031	1393	5
3031	1394	5
3031	1396	4
3031	1407	4
3031	1408	4
3031	1411	4
3031	1414	4
3031	1431	3
3031	1441	4
3031	1449	5
3031	1457	4
3031	1466	4
3031	1488	4
3031	1513	4
3031	1562	2
3031	1563	3
3031	1569	4
3031	1573	3
3031	1594	5
3031	1598	4
3031	1601	3
3031	1605	3
3031	1610	4
3031	1617	4
3031	1641	4
3031	1647	4
3031	1673	5
3031	1690	4
3031	1704	4
3031	1721	2
3031	1727	5
3031	1729	4
3031	1747	4
3031	1784	5
3031	1785	4
3031	1827	4
3031	1845	5
3031	1895	5
3031	1912	5
3031	1916	4
3031	1918	3
3031	1923	4
3031	1947	4
3031	1973	4
3031	1992	2
3031	2001	4
3031	2004	5
3031	2011	4
3031	2021	4
3031	2041	4
3031	2059	3
3031	2060	4
3031	2072	4
3031	2077	4
3031	2080	4
3031	2081	4
3031	2083	5
3031	2100	4
3031	2110	4
3031	2112	5
3031	2146	4
3031	2151	4
3031	2159	4
3031	2195	5
3031	2248	3
3031	2252	3
3031	2278	4
3031	2289	4
3031	2292	3
3031	2295	5
3031	2302	3
3031	2318	1
3031	2329	4
3031	2336	4
3031	2380	3
3031	2385	4
3031	2395	5
3031	2396	4
3031	2416	3
3031	2435	1
3031	2506	4
3031	2568	3
3031	2574	2
3031	2580	5
3031	2581	4
3031	2712	5
3031	2716	4
3031	2735	4
3031	2739	5
3031	2746	5
3031	2763	3
3031	2794	4
3031	2798	3
3031	2804	5
3031	2890	5
3031	2912	5
3031	2953	3
3031	2976	2
3031	2986	3
3031	2997	5
3031	3006	4
3031	3020	4
3031	3033	5
3031	3039	4
3031	3053	4
3031	3100	4
3031	3107	3
3031	3145	5
3031	3148	4
3031	3169	4
3031	3176	3
3031	3247	3
3031	3252	3
3031	3253	4
3031	3255	3
3031	3269	4
3031	3354	3
3031	3388	3
3031	3418	3
3031	3450	3
3031	3477	3
3031	3499	5
3031	3500	3
3031	3513	4
3031	3552	4
3031	3596	3
3031	3608	5
3031	3669	3
3031	3684	4
3031	3692	2
3031	3712	3
3031	3753	2
3033	6	5
3033	19	4
3033	34	4
3033	153	2
3033	180	4
3033	216	4
3033	296	5
3033	318	5
3033	329	3
3033	333	1
3033	379	1
3033	457	4
3033	480	4
3033	527	5
3033	546	1
3033	587	4
3033	588	5
3033	593	3
3033	595	5
3033	608	3
3033	780	4
3033	858	5
3033	866	4
3033	1064	2
3033	1200	3
3033	1265	4
3033	1356	5
3033	1367	1
3033	1372	4
3033	1374	4
3033	1408	4
3033	1562	1
3033	1566	5
3033	1573	3
3033	1580	4
3033	1639	5
3033	1704	5
3033	1882	1
3033	1918	4
3033	1923	5
3033	1962	3
3033	2001	5
3033	2011	3
3033	2012	3
3033	2018	2
3033	2023	3
3033	2059	3
3033	2081	5
3033	2395	3
3033	2396	2
3033	2701	1
3033	2761	4
3033	2916	4
3033	2953	1
3033	3006	4
3033	3114	4
3033	3175	4
3033	3255	4
3033	3578	4
3033	3698	4
3033	3753	3
3033	3793	4
3037	17	4
3037	22	4
3037	110	4
3037	121	4
3037	296	5
3037	300	4
3037	307	5
3037	318	5
3037	321	5
3037	357	5
3037	408	4
3037	480	3
3037	590	4
3037	593	5
3037	608	5
3037	832	5
3037	1271	4
3037	1357	5
3037	1411	4
3037	1721	4
3037	1784	5
3037	2329	5
3037	2336	5
3037	2692	5
3037	2997	3
3037	3006	4
3037	3176	4
3037	3178	4
3037	3252	5
3037	3477	3
3037	3578	4
3038	95	1
3038	480	3
3038	527	5
3038	610	5
3038	671	4
3038	858	5
3038	901	4
3038	914	4
3038	915	4
3038	924	5
3038	943	4
3038	968	5
3038	969	5
3038	1019	5
3038	1028	5
3038	1031	4
3038	1079	4
3038	1183	1
3038	1193	5
3038	1199	5
3038	1206	5
3038	1215	4
3038	1220	5
3038	1230	3
3038	1261	5
3038	1288	5
3038	1387	5
3038	1542	4
3038	1580	4
3038	1721	5
3038	1947	5
3038	2365	5
3038	2396	5
3038	2405	4
3038	2407	4
3038	2529	3
3038	2539	5
3038	2640	5
3038	2664	5
3038	2746	4
3038	2877	5
3038	2916	3
3038	3061	4
3038	3146	4
3038	3175	4
3038	3247	4
3038	3471	5
3038	3578	5
3038	3671	5
3038	3685	3
3038	3702	5
3038	3703	5
3038	3793	4
3038	3932	4
3042	17	3
3042	24	4
3042	110	5
3042	318	5
3042	351	3
3042	357	4
3042	365	4
3042	454	5
3042	480	3
3042	500	4
3042	514	4
3042	527	5
3042	529	5
3042	590	4
3042	593	5
3042	1028	3
3042	1193	5
3042	1265	2
3042	1271	3
3042	1277	5
3042	1393	4
3042	1610	5
3042	1641	5
3042	1673	3
3042	1689	3
3042	1704	4
3042	1721	3
3042	1784	5
3042	1888	4
3042	2396	4
3042	2399	2
3042	3100	5
3042	3107	4
3042	3253	3
3042	3255	5
3042	3418	4
3045	111	5
3045	293	5
3045	296	5
3045	318	5
3045	373	5
3045	457	5
3045	480	5
3045	527	5
3045	593	5
3045	608	5
3045	671	4
3045	681	5
3045	858	5
3045	903	4
3045	922	4
3045	924	5
3045	942	4
3045	968	5
3045	1086	4
3045	1198	4
3045	1199	4
3045	1200	5
3045	1206	4
3045	1214	5
3045	1252	5
3045	1276	5
3045	1356	4
3045	1374	4
3045	1396	2
3045	1573	3
3045	1580	4
3045	1617	5
3045	1674	5
3045	1783	4
3045	1950	3
3045	1953	4
3045	2009	3
3045	2010	4
3045	2011	5
3045	2021	5
3045	2105	2
3045	2153	3
3045	2202	5
3045	2203	4
3045	2391	5
3045	2396	5
3045	2407	3
3045	2529	3
3045	2533	3
3045	2554	4
3045	2600	5
3045	2640	4
3045	2664	5
3045	2764	4
3045	2819	3
3045	2871	4
3045	2916	4
3045	2997	5
3045	3175	4
3045	3267	5
3045	3471	3
3045	3476	5
3045	3527	3
3045	3702	4
3045	3703	4
3045	3926	4
3045	3927	3
3045	3932	4
3046	419	3
3046	532	1
3046	747	1
3046	785	1
3046	788	4
3046	1407	5
3046	2107	3
3046	2188	4
3046	2433	4
3046	2580	5
3046	2581	3
3046	2600	4
3046	2606	2
3046	2617	2
3046	2629	3
3046	2672	3
3046	2692	5
3046	2714	2
3046	2719	2
3046	2840	5
3046	2881	1
3046	2908	4
3046	2995	5
3046	2997	4
3046	3114	5
3046	3159	4
3046	3176	5
3046	3185	2
3046	3325	1
3046	3409	4
3046	3578	4
3046	3798	5
3048	110	5
3048	318	5
3048	480	4
3048	858	4
3048	924	2
3048	1079	4
3048	1198	5
3048	1200	5
3048	1214	2
3048	1223	4
3048	1242	4
3048	1275	2
3048	1288	4
3048	1374	4
3048	1394	4
3048	1610	5
3048	1827	1
3048	1912	5
3048	1954	5
3048	2396	4
3048	2716	5
3048	2796	2
3048	2804	4
3048	2883	3
3048	2912	2
3048	2916	4
3048	2997	1
3048	3175	4
3048	3404	2
3048	3578	3
3048	3793	5
3051	10	4
3051	19	1
3051	22	3
3051	42	2
3051	63	2
3051	70	2
3051	95	3
3051	110	5
3051	111	3
3051	145	3
3051	153	3
3051	163	3
3051	170	2
3051	173	2
3051	180	4
3051	216	4
3051	276	1
3051	296	4
3051	318	5
3051	329	2
3051	333	4
3051	381	4
3051	432	1
3051	457	4
3051	480	3
3051	493	4
3051	500	4
3051	548	2
3051	587	5
3051	588	4
3051	590	4
3051	593	4
3051	595	4
3051	608	2
3051	671	4
3051	720	5
3051	736	2
3051	780	2
3051	785	5
3051	786	4
3051	805	4
3051	832	4
3051	849	2
3051	858	4
3051	861	4
3051	866	3
3051	999	2
3051	1034	2
3051	1059	4
3051	1060	3
3051	1086	5
3051	1092	4
3051	1136	4
3051	1198	5
3051	1200	4
3051	1206	2
3051	1213	4
3051	1214	4
3051	1222	4
3051	1258	3
3051	1271	3
3051	1347	3
3051	1387	3
3051	1388	3
3051	1393	3
3051	1394	1
3051	1396	3
3051	1407	4
3051	1457	4
3051	1499	3
3051	1562	1
3051	1569	3
3051	1573	4
3051	1580	2
3051	1590	3
3051	1601	3
3051	1617	4
3051	1639	5
3051	1673	3
3051	1679	3
3051	1680	4
3051	1687	3
3051	1704	4
3051	1721	2
3051	1722	3
3051	1729	2
3051	1744	3
3051	1779	3
3051	1784	2
3051	1792	5
3051	1804	3
3051	1840	2
3051	1892	4
3051	1912	3
3051	1917	2
3051	1918	4
3051	1923	3
3051	1973	2
3051	2011	4
3051	2012	4
3051	2018	4
3051	2058	4
3051	2060	2
3051	2080	4
3051	2125	3
3051	2142	3
3051	2188	3
3051	2195	2
3051	2278	5
3051	2302	4
3051	2329	5
3051	2353	3
3051	2389	2
3051	2395	2
3051	2396	4
3051	2433	3
3051	2485	2
3051	2490	3
3051	2492	2
3051	2500	2
3051	2529	4
3051	2530	3
3051	2531	3
3051	2532	3
3051	2533	3
3051	2539	4
3051	2540	3
3051	2548	2
3051	2568	3
3051	2580	3
3051	2692	5
3051	2701	1
3051	2714	3
3051	2716	5
3051	2719	3
3051	2722	2
3051	2763	3
3051	2771	3
3051	2794	3
3051	2795	4
3051	2829	3
3051	2840	2
3051	2890	3
3051	2916	5
3051	2978	4
3051	2993	4
3051	2997	4
3051	3005	3
3051	3107	3
3051	3175	3
3051	3176	3
3051	3247	3
3051	3253	4
3051	3255	3
3051	3263	3
3051	3267	4
3051	3300	3
3051	3354	3
3051	3409	3
3051	3429	3
3051	3452	3
3051	3499	4
3051	3510	3
3051	3527	5
3051	3555	3
3051	3578	3
3051	3668	3
3051	3697	4
3051	3698	4
3051	3753	4
3051	3760	4
3051	3793	4
3051	3798	4
3051	3869	3
3051	3879	2
3051	3928	3
3051	3943	4
3053	19	2
3053	111	4
3053	148	3
3053	215	3
3053	216	2
3053	296	5
3053	348	4
3053	425	3
3053	427	2
3053	501	4
3053	535	5
3053	593	3
3053	608	4
3053	858	5
3053	866	3
3053	896	4
3053	908	4
3053	910	3
3053	922	4
3053	926	4
3053	932	2
3053	999	2
3053	1041	3
3053	1092	3
3053	1096	4
3053	1104	3
3053	1116	3
3053	1171	3
3053	1198	3
3053	1200	3
3053	1206	4
3053	1220	2
3053	1225	3
3053	1230	4
3053	1237	4
3053	1238	3
3053	1252	4
3053	1257	2
3053	1258	5
3053	1288	4
3053	1333	4
3053	1394	5
3053	1441	2
3053	1465	2
3053	1594	3
3053	1617	4
3053	1673	3
3053	1690	2
3053	1699	3
3053	1704	3
3053	1734	3
3053	1784	2
3053	1997	5
3053	2011	2
3053	2072	1
3053	2188	1
3053	2262	1
3053	2318	4
3053	2336	3
3053	2395	5
3053	2416	2
3053	2511	4
3053	2539	3
3053	2692	5
3053	2716	2
3053	2747	3
3053	2871	4
3053	2908	4
3053	2932	4
3053	2950	2
3053	2967	3
3053	2979	1
3053	2997	3
3053	3006	3
3053	3075	4
3053	3093	5
3053	3107	2
3053	3112	3
3053	3272	3
3053	3418	4
3053	3421	3
3053	3476	4
3053	3478	2
3053	3521	4
3053	3608	5
3054	17	4
3054	34	4
3054	36	4
3054	64	1
3054	65	1
3054	70	2
3054	110	3
3054	111	5
3054	144	3
3054	180	4
3054	222	3
3054	232	3
3054	247	5
3054	296	5
3054	300	4
3054	307	4
3054	318	5
3054	333	2
3054	339	3
3054	357	3
3054	371	3
3054	372	2
3054	376	2
3054	392	3
3054	441	2
3054	454	3
3054	457	3
3054	480	2
3054	497	3
3054	501	4
3054	514	2
3054	527	5
3054	537	3
3054	546	1
3054	550	2
3054	581	3
3054	587	3
3054	588	3
3054	590	3
3054	593	5
3054	595	5
3054	600	1
3054	608	5
3054	628	2
3054	647	3
3054	728	4
3054	741	3
3054	766	4
3054	780	2
3054	783	4
3054	786	2
3054	799	3
3054	805	2
3054	838	4
3054	851	3
3054	858	5
3054	866	4
3054	903	5
3054	905	5
3054	908	5
3054	909	5
3054	910	5
3054	916	4
3054	922	5
3054	924	5
3054	926	5
3054	953	5
3054	969	4
3054	971	5
3054	999	3
3054	1028	4
3054	1041	5
3054	1051	3
3054	1057	3
3054	1059	2
3054	1060	4
3054	1079	4
3054	1084	5
3054	1094	4
3054	1104	5
3054	1136	3
3054	1147	3
3054	1175	5
3054	1183	4
3054	1193	5
3054	1198	3
3054	1199	5
3054	1200	4
3054	1204	4
3054	1206	5
3054	1211	5
3054	1213	5
3054	1214	3
3054	1215	2
3054	1217	5
3054	1222	4
3054	1225	5
3054	1228	5
3054	1230	5
3054	1237	5
3054	1246	4
3054	1251	5
3054	1252	5
3054	1258	3
3054	1261	2
3054	1271	3
3054	1288	4
3054	1292	5
3054	1333	4
3054	1357	4
3054	1387	4
3054	1391	1
3054	1393	3
3054	1394	4
3054	1407	3
3054	1441	2
3054	1446	4
3054	1449	4
3054	1466	4
3054	1485	2
3054	1513	2
3054	1542	3
3054	1569	3
3054	1580	2
3054	1594	5
3054	1617	5
3054	1633	3
3054	1639	3
3054	1641	3
3054	1649	3
3054	1660	4
3054	1670	4
3054	1673	4
3054	1680	3
3054	1683	4
3054	1690	2
3054	1699	4
3054	1704	3
3054	1721	3
3054	1729	4
3054	1734	3
3054	1747	4
3054	1784	4
3054	1794	3
3054	1834	3
3054	1840	2
3054	1845	3
3054	1912	4
3054	1914	3
3054	1916	4
3054	1917	1
3054	1920	1
3054	1923	3
3054	1935	5
3054	1938	4
3054	1947	4
3054	1953	4
3054	1955	4
3054	1997	4
3054	2010	5
3054	2018	3
3054	2019	5
3054	2058	3
3054	2080	3
3054	2081	3
3054	2083	3
3054	2125	3
3054	2132	5
3054	2138	3
3054	2171	3
3054	2238	5
3054	2272	3
3054	2282	2
3054	2289	5
3054	2302	3
3054	2318	5
3054	2329	3
3054	2336	4
3054	2351	4
3054	2359	3
3054	2390	3
3054	2391	3
3054	2395	4
3054	2396	3
3054	2434	3
3054	2437	3
3054	2442	4
3054	2545	3
3054	2580	4
3054	2583	3
3054	2600	4
3054	2624	4
3054	2640	3
3054	2692	4
3054	2693	3
3054	2701	1
3054	2712	4
3054	2716	3
3054	2719	1
3054	2731	5
3054	2739	5
3054	2761	4
3054	2770	1
3054	2804	4
3054	2889	1
3054	2890	4
3054	2908	4
3054	2912	4
3054	2916	3
3054	2920	5
3054	2935	5
3054	2978	2
3054	2997	4
3054	3006	4
3054	3019	5
3054	3022	4
3054	3034	3
3054	3044	2
3054	3100	3
3054	3115	3
3054	3145	3
3054	3148	3
3054	3176	5
3054	3178	3
3054	3247	3
3054	3253	3
3054	3255	3
3054	3274	2
3054	3317	5
3054	3354	1
3054	3365	4
3054	3418	4
3054	3424	5
3054	3468	4
3054	3578	3
3054	3608	4
3054	3668	3
3054	3671	3
3054	3712	3
3054	3723	4
3054	3783	3
3054	3793	3
3054	3854	3
3054	3893	3
3054	3910	2
3057	17	3
3057	34	3
3057	36	5
3057	95	1
3057	110	5
3057	144	3
3057	151	3
3057	180	4
3057	236	4
3057	296	5
3057	318	5
3057	372	3
3057	527	5
3057	593	3
3057	608	5
3057	647	2
3057	858	4
3057	866	4
3057	1028	4
3057	1041	3
3057	1059	4
3057	1060	4
3057	1104	5
3057	1136	5
3057	1183	1
3057	1215	4
3057	1220	5
3057	1258	4
3057	1265	2
3057	1357	5
3057	1387	3
3057	1394	3
3057	1569	3
3057	1617	4
3057	1639	3
3057	1640	2
3057	1704	4
3057	1721	4
3057	1747	2
3057	1772	3
3057	1784	3
3057	1923	3
3057	1997	4
3057	2081	4
3057	2125	3
3057	2248	4
3057	2282	5
3057	2329	5
3057	2336	3
3057	2359	5
3057	2369	2
3057	2396	5
3057	2433	3
3057	2490	2
3057	2692	5
3057	2770	2
3057	2804	4
3057	2997	3
3057	3005	2
3057	3006	3
3057	3020	4
3057	3100	3
3057	3107	3
3057	3146	3
3057	3159	4
3057	3178	2
3057	3252	3
3057	3253	5
3057	3450	5
3057	3578	5
3057	3723	4
3057	3753	3
3057	3793	2
3057	3821	2
3059	318	5
3059	326	5
3059	527	4
3059	593	4
3059	720	5
3059	858	5
3059	953	4
3059	1130	1
3059	1132	5
3059	1136	4
3059	1175	5
3059	1204	5
3059	1225	5
3059	1234	4
3059	1242	5
3059	1265	3
3059	1276	4
3059	1288	3
3059	1387	3
3059	1394	3
3059	1408	4
3059	1617	5
3059	1704	4
3059	1914	4
3059	2019	5
3059	2921	4
3060	22	4
3060	593	4
3060	608	5
3060	628	3
3060	866	4
3060	1084	3
3060	1610	4
3060	1615	4
3060	1617	3
3060	1845	4
3060	1892	3
3060	2853	3
3060	2916	3
3060	3005	4
3061	318	3
3061	480	5
3061	527	5
3061	587	4
3061	590	5
3061	736	5
3061	1198	5
3061	1204	4
3061	1214	4
3061	1265	1
3061	1387	3
3061	1580	4
3061	1947	4
3061	2916	4
3061	3426	5
3061	3671	1
3062	19	1
3062	110	5
3062	216	3
3062	424	3
3062	429	2
3062	784	5
3062	808	3
3062	1019	3
3062	1198	4
3062	1200	4
3062	1214	4
3062	1390	3
3062	1499	1
3062	1690	4
3062	1762	1
3062	1772	1
3062	1784	4
3062	1835	4
3062	1883	4
3062	1887	2
3062	1895	4
3062	1917	4
3062	2023	4
3062	2329	3
3062	2433	4
3062	2722	1
3062	2793	3
3062	2826	4
3062	2976	4
3062	2997	4
3062	3005	4
3062	3452	4
3062	3471	4
3062	3922	3
3065	24	5
3065	34	4
3065	36	4
3065	52	3
3065	105	5
3065	110	4
3065	144	3
3065	147	4
3065	161	2
3065	163	3
3065	180	3
3065	222	2
3065	231	5
3065	235	4
3065	236	4
3065	247	2
3065	271	4
3065	293	4
3065	296	5
3065	300	5
3065	318	5
3065	339	3
3065	342	3
3065	381	3
3065	432	2
3065	441	4
3065	457	4
3065	477	4
3065	480	3
3065	489	3
3065	514	3
3065	527	5
3065	555	5
3065	587	4
3065	588	3
3065	590	5
3065	593	4
3065	595	3
3065	605	3
3065	608	5
3065	628	5
3065	647	4
3065	785	4
3065	788	4
3065	866	3
3065	953	5
3065	1013	5
3065	1028	5
3065	1029	4
3065	1042	4
3065	1059	5
3065	1060	5
3065	1088	5
3065	1094	2
3065	1183	4
3065	1213	4
3065	1271	5
3065	1288	5
3065	1393	4
3065	1407	3
3065	1441	4
3065	1449	5
3065	1457	4
3065	1513	4
3065	1535	4
3065	1563	3
3065	1569	3
3065	1610	2
3065	1639	3
3065	1641	4
3065	1670	4
3065	1673	5
3065	1704	5
3065	1721	5
3065	1784	3
3065	1827	5
3065	1834	3
3065	1845	4
3065	1883	2
3065	1895	4
3065	1912	4
3065	1916	4
3065	1923	5
3065	2078	5
3065	2080	4
3065	2081	4
3065	2248	3
3065	2329	5
3065	2369	5
3065	2395	4
3065	2424	3
3065	2529	5
3065	2558	3
3065	2574	4
3065	2580	4
3065	2692	5
3065	2712	5
3065	2716	4
3065	2770	2
3065	2804	5
3065	2883	4
3065	2890	4
3065	2912	4
3065	2997	5
3065	3006	2
3065	3114	4
3065	3175	1
3065	3176	4
3065	3253	4
3065	3255	4
3065	3267	3
3065	3418	4
3065	3426	2
3065	3438	5
3065	3461	2
3065	3499	4
3065	3510	4
3065	3513	3
3065	3784	3
3065	3793	3
3065	3893	4
3065	3896	4
3066	22	5
3066	70	4
3066	110	5
3066	170	4
3066	180	5
3066	296	4
3066	318	5
3066	588	3
3066	590	3
3066	593	4
3066	780	4
3066	1060	4
3066	1258	2
3066	1265	4
3066	1408	3
3066	1573	4
3066	1580	4
3066	1673	4
3066	1704	5
3066	1916	4
3066	1923	5
3066	2058	4
3066	2302	4
3066	2329	5
3066	2395	4
3066	2580	5
3066	2692	3
3066	2763	3
3066	2916	4
3066	3146	4
3066	3176	4
3066	3255	3
3066	3326	3
3066	3409	5
3066	3578	4
3066	3753	5
3066	3754	3
3072	215	3
3072	246	4
3072	296	3
3072	307	4
3072	308	4
3072	339	3
3072	342	4
3072	348	3
3072	352	4
3072	357	4
3072	454	3
3072	477	3
3072	480	3
3072	489	3
3072	497	5
3072	500	3
3072	506	3
3072	527	5
3072	535	4
3072	590	4
3072	788	2
3072	908	4
3072	934	2
3072	952	3
3072	969	5
3072	971	4
3072	1014	2
3072	1019	3
3072	1094	5
3072	1126	1
3072	1131	4
3072	1132	4
3072	1135	3
3072	1184	3
3072	1193	4
3072	1204	4
3072	1225	3
3072	1230	4
3072	1237	5
3072	1246	4
3072	1265	3
3072	1271	4
3072	1277	4
3072	1295	4
3072	1367	2
3072	1562	2
3072	1569	3
3072	1617	4
3072	1641	5
3072	1660	4
3072	1704	3
3072	1784	3
3072	1840	4
3072	1914	4
3072	1955	3
3072	2011	4
3072	2019	4
3072	2080	1
3072	2151	3
3072	2238	4
3072	2289	4
3072	2302	3
3072	2341	4
3072	2395	3
3072	2396	4
3072	2468	4
3072	2716	4
3072	2739	4
3072	2804	3
3072	3028	5
3072	3037	3
3072	3039	3
3072	3072	3
3072	3088	3
3072	3100	4
3072	3110	3
3072	3247	2
3072	3263	4
3072	3267	3
3072	3424	5
3072	3425	4
3072	3426	4
3072	3450	4
3072	3471	2
3072	3711	3
3072	3819	4
3073	110	4
3073	419	2
3073	457	5
3073	858	5
3073	910	5
3073	1079	5
3073	1200	5
3073	1214	5
3073	1220	5
3073	1222	5
3073	1242	5
3073	1276	5
3073	1387	5
3073	1394	3
3073	1610	4
3073	1912	3
3073	1954	5
3073	2396	5
3073	2407	5
3073	2529	5
3073	2716	5
3073	2997	5
3073	3039	5
3073	3578	4
3073	3654	5
3073	3702	4
3073	3703	5
3074	36	5
3074	110	5
3074	296	5
3074	318	5
3074	357	5
3074	527	5
3074	529	5
3074	593	5
3074	608	5
3074	838	4
3074	858	5
3074	953	5
3074	1198	5
3074	1214	5
3074	1215	3
3074	1265	4
3074	1411	5
3074	1499	1
3074	1580	5
3074	1617	5
3074	1641	5
3074	1721	5
3074	1784	5
3074	1914	4
3074	1923	5
3074	1962	5
3074	2112	5
3074	2302	5
3074	2359	5
3074	2390	4
3074	2395	3
3074	2396	5
3074	2424	4
3074	2501	5
3074	2581	5
3074	2826	2
3074	2883	4
3074	2889	4
3074	2997	4
3074	3114	4
3074	3185	5
3074	3198	5
3074	3253	4
3074	3275	4
3074	3317	4
3074	3325	3
3074	3510	5
3074	3513	4
3074	3537	4
3074	3540	3
3074	3555	5
3074	3578	5
3074	3594	4
3074	3618	4
3074	3720	3
3074	3744	3
3074	3746	5
3074	3747	4
3074	3753	5
3074	3793	4
3074	3824	4
3074	3844	5
3074	3893	4
3074	3912	3
3075	17	4
3075	28	3
3075	36	4
3075	110	4
3075	111	4
3075	293	4
3075	296	4
3075	318	4
3075	357	3
3075	457	4
3075	480	4
3075	527	5
3075	588	5
3075	590	4
3075	593	4
3075	595	4
3075	608	5
3075	741	2
3075	858	5
3075	866	3
3075	903	4
3075	908	4
3075	914	4
3075	915	4
3075	924	3
3075	926	4
3075	929	3
3075	931	4
3075	942	3
3075	1028	3
3075	1029	3
3075	1034	3
3075	1041	4
3075	1088	2
3075	1094	4
3075	1096	3
3075	1193	5
3075	1198	5
3075	1200	3
3075	1213	4
3075	1214	4
3075	1228	3
3075	1230	5
3075	1234	4
3075	1237	3
3075	1252	3
3075	1258	4
3075	1265	4
3075	1288	4
3075	1333	4
3075	1387	3
3075	1393	3
3075	1394	2
3075	1446	4
3075	1466	4
3075	1480	3
3075	1484	4
3075	1594	4
3075	1617	4
3075	1639	3
3075	1674	5
3075	1721	4
3075	1722	3
3075	1734	3
3075	1912	3
3075	1947	5
3075	1963	5
3075	1982	4
3075	1994	3
3075	2018	3
3075	2078	4
3075	2081	5
3075	2100	4
3075	2125	3
3075	2161	4
3075	2193	4
3075	2203	4
3075	2282	2
3075	2305	4
3075	2329	4
3075	2351	3
3075	2391	4
3075	2396	3
3075	2437	3
3075	2501	3
3075	2580	4
3075	2692	4
3075	2716	2
3075	2731	4
3075	2761	4
3075	2764	3
3075	2866	4
3075	2871	4
3075	2908	4
3075	2915	2
3075	2917	4
3075	2996	3
3075	2997	3
3075	3006	3
3075	3072	3
3075	3148	3
3075	3159	3
3075	3176	3
3075	3251	3
3075	3299	2
3075	3317	3
3075	3359	4
3075	3418	4
3075	3466	4
3075	3471	5
3075	3476	2
3075	3499	4
3075	3551	4
3075	3685	3
3075	3784	3
3075	3798	4
3075	3849	4
3075	3929	3
3076	111	5
3076	457	4
3076	480	3
3076	493	5
3076	1573	5
3076	1722	3
3076	2058	4
3076	2716	1
3076	3267	2
3076	3418	5
3080	6	2
3080	17	5
3080	34	5
3080	36	3
3080	68	2
3080	70	4
3080	71	2
3080	99	4
3080	110	4
3080	111	5
3080	144	3
3080	157	3
3080	163	4
3080	180	3
3080	203	2
3080	216	5
3080	231	4
3080	235	4
3080	236	2
3080	246	5
3080	247	5
3080	293	5
3080	296	5
3080	307	4
3080	312	3
3080	318	5
3080	333	5
3080	342	4
3080	348	2
3080	357	1
3080	372	3
3080	373	4
3080	413	4
3080	429	5
3080	441	5
3080	444	1
3080	457	3
3080	466	3
3080	480	3
3080	496	5
3080	497	3
3080	500	1
3080	501	4
3080	514	5
3080	515	3
3080	518	2
3080	529	5
3080	532	3
3080	535	4
3080	537	3
3080	538	4
3080	550	1
3080	555	5
3080	574	4
3080	587	3
3080	593	5
3080	608	5
3080	671	4
3080	707	2
3080	720	5
3080	728	3
3080	785	4
3080	788	3
3080	858	5
3080	861	3
3080	866	4
3080	903	5
3080	908	5
3080	909	5
3080	910	5
3080	922	5
3080	933	5
3080	953	4
3080	969	5
3080	971	5
3080	999	3
3080	1028	5
3080	1041	3
3080	1042	3
3080	1060	5
3080	1079	5
3080	1084	5
3080	1094	4
3080	1096	5
3080	1104	5
3080	1136	5
3080	1147	5
3080	1163	2
3080	1171	5
3080	1175	5
3080	1176	3
3080	1190	3
3080	1193	5
3080	1198	5
3080	1199	5
3080	1201	5
3080	1206	5
3080	1211	5
3080	1213	5
3080	1214	5
3080	1215	5
3080	1220	5
3080	1223	5
3080	1228	5
3080	1230	5
3080	1234	5
3080	1236	5
3080	1252	5
3080	1258	5
3080	1265	5
3080	1271	4
3080	1276	5
3080	1278	5
3080	1288	5
3080	1292	5
3080	1310	3
3080	1333	4
3080	1378	3
3080	1387	4
3080	1391	2
3080	1394	5
3080	1396	3
3080	1407	4
3080	1441	3
3080	1449	5
3080	1457	1
3080	1466	3
3080	1580	3
3080	1594	2
3080	1610	2
3080	1617	4
3080	1639	2
3080	1641	3
3080	1648	4
3080	1649	3
3080	1673	4
3080	1704	5
3080	1747	2
3080	1783	3
3080	1784	4
3080	1816	2
3080	1834	3
3080	1883	4
3080	1912	4
3080	1916	4
3080	1918	2
3080	1923	5
3080	1953	5
3080	1963	5
3080	1964	4
3080	1967	4
3080	1997	4
3080	2001	3
3080	2011	2
3080	2012	2
3080	2015	4
3080	2058	5
3080	2073	2
3080	2078	5
3080	2080	5
3080	2100	4
3080	2111	5
3080	2132	5
3080	2195	1
3080	2203	4
3080	2245	3
3080	2247	1
3080	2248	5
3080	2249	1
3080	2262	3
3080	2282	4
3080	2289	5
3080	2302	4
3080	2329	5
3080	2336	4
3080	2369	4
3080	2395	5
3080	2396	5
3080	2405	3
3080	2416	3
3080	2424	1
3080	2469	2
3080	2501	1
3080	2567	4
3080	2580	4
3080	2692	5
3080	2712	4
3080	2716	5
3080	2726	4
3080	2731	5
3080	2746	4
3080	2788	5
3080	2795	5
3080	2796	1
3080	2819	4
3080	2871	5
3080	2908	5
3080	2912	4
3080	2915	5
3080	2916	4
3080	2919	4
3080	2922	5
3080	2951	4
3080	2997	5
3080	3006	4
3080	3019	5
3080	3028	5
3080	3037	4
3080	3039	5
3080	3040	3
3080	3068	5
3080	3072	2
3080	3104	5
3080	3196	4
3080	3198	5
3080	3243	3
3080	3247	1
3080	3253	5
3080	3255	3
3080	3263	4
3080	3267	4
3080	3317	4
3080	3334	4
3080	3365	4
3080	3388	2
3080	3418	4
3080	3421	5
3080	3424	4
3080	3429	5
3080	3450	3
3080	3468	5
3080	3471	4
3080	3477	4
3080	3499	5
3080	3521	5
3080	3524	2
3080	3544	4
3080	3551	4
3080	3552	5
3080	3578	4
3080	3608	5
3080	3649	4
3080	3671	5
3080	3676	5
3080	3685	4
3080	3693	4
3080	3760	4
3080	3783	3
3080	3786	4
3080	3793	3
3080	3819	5
3080	3823	2
3080	3851	4
3080	3869	2
3080	3882	3
3086	6	3
3086	10	4
3086	34	3
3086	36	5
3086	110	5
3086	151	1
3086	235	3
3086	296	3
3086	318	5
3086	454	5
3086	457	5
3086	480	5
3086	494	3
3086	529	5
3086	593	5
3086	832	5
3086	1046	5
3086	1059	5
3086	1396	5
3086	1407	4
3086	1573	3
3086	1594	1
3086	1612	4
3086	1641	5
3086	1661	3
3086	1673	1
3086	1699	3
3086	1704	5
3086	1721	5
3086	1734	5
3086	1747	4
3086	1784	5
3086	1835	5
3086	1879	5
3086	1923	3
3086	2058	5
3086	2071	5
3086	2125	5
3086	2232	3
3086	2302	5
3086	2329	5
3086	2396	5
3086	2433	4
3086	2442	5
3086	2501	5
3086	2580	5
3086	2890	5
3086	2916	4
3086	2996	5
3086	2997	4
3086	3006	3
3086	3100	5
3086	3148	5
3086	3176	5
3086	3418	5
3086	3450	5
3086	3793	3
3086	3798	4
3090	293	4
3090	296	4
3090	480	3
3090	581	1
3090	608	4
3090	671	4
3090	924	3
3090	1136	5
3090	1193	3
3090	1198	5
3090	1199	4
3090	1200	4
3090	1217	4
3090	1225	5
3090	1242	4
3090	1278	4
3090	1288	5
3090	1341	1
3090	1957	1
3090	2788	4
3090	3114	4
3090	3339	4
3090	3354	1
3090	3421	4
3090	3424	3
3090	3671	3
3090	3819	5
3092	480	3
3092	671	3
3092	924	5
3092	1175	3
3092	1198	4
3092	1199	5
3092	1200	4
3092	1206	5
3092	1214	4
3092	1215	4
3092	1306	4
3092	1374	4
3092	1570	2
3092	2009	5
3092	2529	4
3092	2664	4
3092	3175	3
3092	3471	5
3092	3527	3
3092	3702	5
3092	3703	5
3097	111	5
3097	215	4
3097	247	4
3097	296	5
3097	318	5
3097	527	5
3097	593	5
3097	1265	4
3097	1277	5
3097	1394	5
3097	1408	4
3097	1569	3
3097	1617	4
3097	1639	3
3097	1674	4
3097	1954	1
3097	2390	5
3097	2410	1
3097	2411	1
3097	2996	3
3097	3079	5
3097	3146	1
3097	3148	4
3097	3515	4
3097	3538	5
3097	3578	4
3097	3594	3
3097	3753	4
3098	110	4
3098	145	4
3098	293	5
3098	296	4
3098	376	3
3098	529	3
3098	608	4
3098	780	4
3098	908	4
3098	1028	3
3098	1078	3
3098	1193	4
3098	1204	4
3098	1213	4
3098	1374	2
3098	1387	3
3098	1484	3
3098	1580	4
3098	1616	2
3098	1617	4
3098	1640	2
3098	1785	2
3098	1874	2
3098	1912	5
3098	2221	4
3098	2302	2
3098	2529	3
3098	2530	1
3098	2532	1
3098	2533	1
3098	2997	3
3098	3114	3
3098	3239	4
3098	3326	4
3098	3354	2
3098	3450	3
3098	3452	5
3098	3578	5
3098	3616	3
3098	3618	4
3098	3745	3
3098	3753	5
3098	3793	3
3098	3798	4
3098	3836	3
3098	3869	1
3098	3893	4
3114	63	2
3114	72	3
3114	180	4
3114	231	2
3114	296	5
3114	372	5
3114	441	5
3114	497	2
3114	555	4
3114	1057	2
3114	1060	3
3114	1190	5
3114	1211	3
3114	1265	2
3114	1271	2
3114	1446	4
3114	1449	5
3114	1513	5
3114	1648	3
3114	1673	5
3114	1747	2
3114	1753	2
3114	1895	2
3114	1916	2
3114	1923	5
3114	2011	4
3114	2081	3
3114	2100	1
3114	2248	3
3114	2261	4
3114	2282	3
3114	2395	5
3114	2500	4
3114	2692	5
3114	2716	1
3114	2733	1
3114	2746	2
3114	2752	4
3114	2794	4
3114	2795	5
3114	2997	4
3114	3033	3
3114	3253	3
3114	3255	4
3114	3263	3
3114	3477	2
3114	3712	4
3114	3893	3
3126	6	4
3126	24	4
3126	36	3
3126	163	4
3126	454	3
3126	457	3
3126	480	3
3126	593	5
3126	600	4
3126	608	4
3126	842	2
3126	866	4
3126	1003	3
3126	1214	5
3126	1215	3
3126	1356	3
3126	1372	3
3126	1407	5
3126	1573	4
3126	1580	5
3126	1610	4
3126	1617	4
3126	1648	3
3126	1722	3
3126	1729	4
3126	1762	3
3126	1982	3
3126	2046	3
3126	2058	4
3126	2232	3
3126	2278	3
3126	2316	2
3126	2353	3
3126	2540	3
3126	2560	4
3126	2716	3
3126	2916	4
3126	3176	4
3126	3476	4
3126	3499	3
3128	6	4
3128	17	4
3128	52	3
3128	111	3
3128	158	1
3128	180	2
3128	216	2
3128	231	2
3128	246	4
3128	296	5
3128	348	5
3128	357	3
3128	372	3
3128	441	4
3128	527	5
3128	581	3
3128	588	2
3128	593	4
3128	608	5
3128	728	4
3128	784	5
3128	785	3
3128	838	5
3128	858	5
3128	909	5
3128	910	5
3128	922	4
3128	924	5
3128	926	3
3128	1057	5
3128	1060	3
3128	1079	5
3128	1088	3
3128	1096	5
3128	1136	4
3128	1178	4
3128	1183	4
3128	1190	4
3128	1193	3
3128	1198	3
3128	1199	4
3128	1200	3
3128	1206	5
3128	1214	4
3128	1220	5
3128	1222	4
3128	1225	5
3128	1230	4
3128	1234	5
3128	1242	5
3128	1246	5
3128	1252	5
3128	1258	4
3128	1265	3
3128	1288	4
3128	1297	4
3128	1347	2
3128	1357	4
3128	1374	4
3128	1378	1
3128	1393	4
3128	1394	4
3128	1457	1
3128	1485	2
3128	1571	5
3128	1573	2
3128	1580	4
3128	1585	1
3128	1610	4
3128	1617	5
3128	1639	3
3128	1641	3
3128	1673	3
3128	1683	3
3128	1689	3
3128	1729	5
3128	1834	5
3128	1912	3
3128	1914	2
3128	1918	1
3128	1923	3
3128	1927	5
3128	1947	4
3128	1963	4
3128	2001	1
3128	2011	3
3128	2029	3
3128	2081	3
3128	2105	5
3128	2161	4
3128	2178	4
3128	2248	4
3128	2311	3
3128	2318	4
3128	2351	5
3128	2356	3
3128	2395	5
3128	2396	3
3128	2399	1
3128	2405	2
3128	2407	4
3128	2429	1
3128	2430	1
3128	2492	3
3128	2529	4
3128	2580	3
3128	2589	4
3128	2632	5
3128	2642	1
3128	2649	3
3128	2692	3
3128	2716	4
3128	2729	4
3128	2731	5
3128	2788	4
3128	2819	5
3128	2890	3
3128	2997	4
3128	3015	4
3128	3039	4
3128	3068	4
3128	3146	3
3128	3176	4
3128	3243	2
3128	3247	3
3128	3253	4
3128	3267	3
3128	3317	5
3128	3424	5
3128	3476	3
3128	3477	1
3128	3478	3
3128	3489	1
3128	3515	2
3128	3527	3
3128	3578	4
3128	3598	3
3128	3608	5
3128	3618	3
3128	3841	2
3128	3900	1
3129	6	5
3129	10	4
3129	22	3
3129	31	4
3129	36	4
3129	110	5
3129	111	5
3129	122	3
3129	147	2
3129	153	3
3129	180	5
3129	198	3
3129	222	4
3129	276	3
3129	293	5
3129	296	5
3129	318	5
3129	333	3
3129	357	2
3129	371	5
3129	381	2
3129	415	2
3129	416	2
3129	429	5
3129	432	1
3129	454	3
3129	457	4
3129	466	3
3129	477	3
3129	480	4
3129	500	3
3129	510	2
3129	511	3
3129	555	5
3129	587	2
3129	593	5
3129	628	4
3129	662	3
3129	785	1
3129	788	3
3129	805	4
3129	832	5
3129	858	5
3129	866	3
3129	1042	4
3129	1088	1
3129	1091	3
3129	1130	4
3129	1135	2
3129	1136	1
3129	1161	2
3129	1193	5
3129	1198	5
3129	1200	4
3129	1206	3
3129	1213	5
3129	1214	4
3129	1220	5
3129	1222	2
3129	1225	3
3129	1228	4
3129	1234	4
3129	1246	4
3129	1257	5
3129	1258	5
3129	1265	4
3129	1278	4
3129	1297	5
3129	1330	5
3129	1347	4
3129	1356	4
3129	1366	2
3129	1373	4
3129	1374	4
3129	1378	1
3129	1387	4
3129	1388	4
3129	1391	2
3129	1393	4
3129	1394	3
3129	1408	4
3129	1431	3
3129	1453	1
3129	1457	4
3129	1466	5
3129	1485	3
3129	1569	4
3129	1573	3
3129	1580	3
3129	1598	3
3129	1610	3
3129	1617	3
3129	1621	3
3129	1639	4
3129	1673	3
3129	1704	5
3129	1721	1
3129	1722	4
3129	1729	4
3129	1760	1
3129	1784	4
3129	1863	3
3129	1918	4
3129	1923	3
3129	1954	4
3129	1955	4
3129	1970	3
3129	1972	3
3129	1974	4
3129	1975	3
3129	1982	4
3129	1994	4
3129	1997	4
3129	2001	4
3129	2011	3
3129	2023	3
3129	2058	5
3129	2081	3
3129	2100	3
3129	2105	2
3129	2121	3
3129	2146	1
3129	2147	3
3129	2161	4
3129	2193	5
3129	2241	2
3129	2248	5
3129	2261	2
3129	2265	2
3129	2278	3
3129	2289	4
3129	2302	4
3129	2320	2
3129	2336	3
3129	2359	3
3129	2369	1
3129	2374	3
3129	2391	4
3129	2396	4
3129	2405	2
3129	2407	3
3129	2410	3
3129	2411	3
3129	2416	5
3129	2457	5
3129	2458	3
3129	2459	3
3129	2471	2
3129	2485	1
3129	2490	5
3129	2501	5
3129	2533	3
3129	2539	4
3129	2551	4
3129	2567	3
3129	2581	1
3129	2598	3
3129	2639	3
3129	2640	1
3129	2642	1
3129	2672	1
3129	2712	1
3129	2716	4
3129	2735	4
3129	2746	4
3129	2763	4
3129	2770	2
3129	2794	3
3129	2795	2
3129	2860	3
3129	2871	3
3129	2889	3
3129	2915	3
3129	2916	4
3129	2950	1
3129	2971	3
3129	2976	2
3129	2990	3
3129	2997	3
3129	3006	5
3129	3017	3
3129	3021	4
3129	3029	4
3129	3033	5
3129	3039	5
3129	3040	5
3129	3104	5
3129	3107	4
3129	3115	4
3129	3142	5
3129	3148	3
3129	3157	3
3129	3203	4
3129	3247	3
3129	3253	3
3129	3255	5
3129	3256	4
3129	3308	2
3129	3362	4
3129	3418	3
3129	3420	5
3129	3421	5
3129	3450	3
3129	3466	3
3129	3471	3
3129	3476	3
3129	3478	1
3129	3499	4
3129	3506	3
3129	3508	4
3129	3524	5
3129	3527	3
3129	3552	5
3129	3590	2
3129	3608	2
3129	3638	4
3129	3649	1
3129	3671	4
3129	3692	5
3129	3693	5
3129	3695	4
3129	3698	4
3129	3702	2
3129	3707	2
3129	3740	5
3129	3753	4
3129	3768	1
3129	3791	2
3129	3793	3
3129	3798	4
3129	3807	4
3129	3844	3
3133	110	3
3133	1641	4
3133	1772	2
3133	3146	4
3133	3263	4
3133	3578	3
3133	3646	3
3133	3744	4
3133	3753	4
3133	3793	3
3133	3821	3
3143	5	3
3143	17	4
3143	19	3
3143	28	4
3143	34	5
3143	36	4
3143	110	4
3143	158	3
3143	211	4
3143	222	3
3143	231	3
3143	232	4
3143	235	3
3143	279	3
3143	296	4
3143	318	3
3143	342	4
3143	357	3
3143	429	2
3143	457	3
3143	480	3
3143	527	4
3143	590	3
3143	593	2
3143	595	3
3143	608	4
3143	669	5
3143	784	2
3143	838	5
3143	851	4
3143	858	4
3143	911	4
3143	914	4
3143	916	4
3143	934	3
3143	969	4
3143	1057	4
3143	1078	4
3143	1088	4
3143	1094	4
3143	1171	4
3143	1183	3
3143	1213	4
3143	1223	4
3143	1225	3
3143	1230	4
3143	1251	4
3143	1252	4
3143	1265	3
3143	1292	3
3143	1390	3
3143	1393	3
3143	1441	2
3143	1499	1
3143	1542	3
3143	1562	2
3143	1573	2
3143	1580	3
3143	1610	3
3143	1617	4
3143	1639	2
3143	1660	2
3143	1680	4
3143	1704	4
3143	1721	3
3143	1747	3
3143	1784	4
3143	1883	3
3143	1896	3
3143	1917	3
3143	1947	4
3143	1962	4
3143	2011	3
3143	2012	3
3143	2072	3
3143	2110	4
3143	2153	1
3143	2171	3
3143	2289	4
3143	2302	4
3143	2329	3
3143	2336	4
3143	2391	2
3143	2396	4
3143	2539	4
3143	2546	3
3143	2567	3
3143	2583	2
3143	2624	4
3143	2690	4
3143	2692	4
3143	2712	1
3143	2830	4
3143	2839	4
3143	2842	2
3143	2870	4
3143	2897	4
3143	2908	4
3143	2997	4
3143	3005	4
3143	3044	3
3143	3107	3
3143	3148	4
3143	3178	3
3143	3243	2
3143	3256	3
3143	3524	3
3143	3552	4
3143	3672	4
3143	3684	3
3143	3754	1
3143	3819	4
3143	3869	4
3143	3879	3
3143	3952	4
3146	527	4
3146	593	4
3146	608	4
3146	1020	3
3146	1084	3
3146	1193	5
3146	1214	3
3146	1220	3
3146	1222	4
3146	1226	3
3146	1246	2
3146	1387	4
3146	1394	3
3146	1396	3
3146	1407	4
3146	1673	3
3146	1923	4
3146	1955	3
3146	2313	4
3146	2871	5
3146	2921	5
3146	2922	4
3146	2951	4
3146	3019	4
3146	3135	5
3146	3176	2
3146	3362	4
3146	3418	4
3146	3471	4
3146	3508	5
3146	3671	3
3147	6	4
3147	10	4
3147	34	5
3147	70	3
3147	110	3
3147	144	2
3147	157	3
3147	216	1
3147	296	5
3147	299	4
3147	457	4
3147	466	2
3147	480	4
3147	527	5
3147	590	4
3147	593	5
3147	595	2
3147	608	3
3147	647	3
3147	720	5
3147	728	3
3147	736	5
3147	780	4
3147	788	3
3147	866	4
3147	1041	4
3147	1092	3
3147	1171	3
3147	1183	2
3147	1223	5
3147	1271	5
3147	1288	5
3147	1342	3
3147	1391	3
3147	1396	4
3147	1407	4
3147	1445	3
3147	1464	1
3147	1466	4
3147	1480	3
3147	1488	3
3147	1513	4
3147	1580	4
3147	1610	5
3147	1611	1
3147	1616	3
3147	1617	4
3147	1633	3
3147	1639	4
3147	1704	5
3147	1729	3
3147	1912	3
3147	1916	2
3147	1917	3
3147	2058	5
3147	2083	1
3147	2188	2
3147	2278	4
3147	2280	3
3147	2289	4
3147	2329	4
3147	2353	4
3147	2369	2
3147	2390	4
3147	2395	4
3147	2396	3
3147	2433	3
3147	2490	4
3147	2574	2
3147	2580	4
3147	2598	3
3147	2617	4
3147	2712	1
3147	2716	3
3147	2722	3
3147	2763	3
3147	2770	3
3147	2772	3
3147	2840	3
3147	2881	3
3147	2890	4
3147	2908	5
3147	2912	3
3147	2916	4
3147	2976	3
3147	3005	3
3147	3006	4
3147	3114	5
3147	3157	3
3147	3175	4
3147	3176	2
3147	3256	4
3147	3418	5
3147	3421	5
3147	3555	3
3147	3578	5
3153	63	3
3153	527	5
3153	550	5
3153	934	3
3153	1265	3
3153	1394	5
3153	1747	2
3153	1854	3
3153	1923	4
3153	2001	3
3153	2329	5
3153	2716	2
3153	2915	4
3153	3039	4
3153	3114	2
3153	3253	3
3153	3255	3
3153	3844	4
3156	10	4
3156	42	3
3156	89	4
3156	110	5
3156	329	3
3156	457	4
3156	480	3
3156	555	5
3156	610	4
3156	780	1
3156	1193	4
3156	1228	3
3156	1356	3
3156	1372	2
3156	1396	3
3156	1408	3
3156	1573	2
3156	1610	2
3156	1769	1
3156	1785	3
3156	2058	4
3156	2278	2
3156	2540	4
3156	2692	5
3156	2763	5
3156	2912	2
3156	3146	4
3156	3148	3
3156	3418	4
3156	3444	2
3156	3578	3
3156	3753	5
3156	3841	3
3160	34	3
3160	110	5
3160	610	5
3160	1136	4
3160	1200	5
3160	1214	4
3160	1278	3
3160	2353	4
3160	3471	4
3165	293	5
3165	529	4
3165	608	3
3165	1222	5
3165	1923	3
3165	2001	4
3165	2353	5
3165	2490	2
3165	2712	4
3165	2716	5
3165	3354	2
3165	3578	5
3165	3793	4
3166	34	3
3166	95	2
3166	111	3
3166	296	4
3166	318	5
3166	924	5
3166	1104	3
3166	1136	5
3166	1198	5
3166	1213	5
3166	1258	5
3166	1265	5
3166	1387	4
3166	1617	4
3166	2716	4
3166	2804	4
3166	2997	5
3166	3159	4
3166	3421	5
3166	3668	3
3170	34	4
3170	110	5
3170	246	4
3170	480	5
3170	608	4
3170	720	4
3170	1029	4
3170	1079	3
3170	1198	5
3170	1200	5
3170	1220	4
3170	1242	5
3170	1257	4
3170	1258	3
3170	1297	3
3170	1356	4
3170	1374	4
3170	1394	5
3170	1674	5
3170	1704	4
3170	1962	4
3170	1994	4
3170	2248	4
3170	2716	4
3170	2804	4
3170	3039	3
3170	3505	5
3170	3527	3
3170	3552	3
3177	110	4
3177	231	5
3177	232	5
3177	236	5
3177	318	5
3177	527	5
3177	529	5
3177	593	4
3177	608	1
3177	736	4
3177	858	5
3177	875	5
3177	1028	5
3177	1193	4
3177	1201	5
3177	1265	5
3177	1393	3
3177	1569	3
3177	1617	4
3177	1639	4
3177	1704	4
3177	1900	5
3177	1957	3
3177	2151	5
3177	2302	5
3177	2396	4
3177	2610	3
3177	2712	3
3177	3176	4
3177	3263	5
3177	3819	4
3177	3823	5
3177	3882	5
3180	19	3
3180	24	3
3180	34	3
3180	36	4
3180	42	3
3180	52	4
3180	70	3
3180	110	4
3180	111	5
3180	145	2
3180	147	3
3180	157	1
3180	174	2
3180	186	2
3180	216	1
3180	222	2
3180	231	3
3180	235	4
3180	247	3
3180	250	2
3180	296	4
3180	312	1
3180	352	2
3180	354	3
3180	365	4
3180	372	2
3180	413	2
3180	434	2
3180	441	4
3180	448	4
3180	454	2
3180	457	4
3180	466	2
3180	477	3
3180	493	4
3180	529	3
3180	532	3
3180	535	4
3180	574	3
3180	587	2
3180	588	3
3180	590	4
3180	593	5
3180	608	5
3180	671	3
3180	697	2
3180	747	1
3180	780	2
3180	784	3
3180	785	5
3180	788	2
3180	805	3
3180	832	3
3180	833	1
3180	840	1
3180	858	5
3180	866	3
3180	905	4
3180	915	2
3180	924	5
3180	1028	3
3180	1042	2
3180	1059	3
3180	1078	4
3180	1091	3
3180	1094	3
3180	1126	1
3180	1135	1
3180	1136	4
3180	1167	1
3180	1193	5
3180	1198	4
3180	1199	4
3180	1206	5
3180	1213	5
3180	1214	3
3180	1215	3
3180	1220	3
3180	1222	5
3180	1228	5
3180	1230	5
3180	1242	3
3180	1257	4
3180	1261	3
3180	1265	3
3180	1276	4
3180	1278	5
3180	1288	5
3180	1290	2
3180	1297	3
3180	1387	5
3180	1391	3
3180	1393	4
3180	1394	4
3180	1407	2
3180	1431	2
3180	1439	2
3180	1457	1
3180	1485	3
3180	1490	2
3180	1513	2
3180	1580	2
3180	1611	2
3180	1617	4
3180	1639	4
3180	1648	3
3180	1673	4
3180	1704	4
3180	1729	4
3180	1753	3
3180	1784	4
3180	1785	3
3180	1806	2
3180	1863	1
3180	1883	4
3180	1895	3
3180	1916	4
3180	1923	3
3180	1954	4
3180	1955	3
3180	2001	3
3180	2004	2
3180	2010	2
3180	2011	2
3180	2022	4
3180	2023	2
3180	2027	2
3180	2044	2
3180	2060	3
3180	2072	2
3180	2100	2
3180	2138	3
3180	2146	1
3180	2188	1
3180	2195	2
3180	2247	2
3180	2248	3
3180	2249	2
3180	2262	2
3180	2289	4
3180	2302	3
3180	2329	5
3180	2374	3
3180	2380	2
3180	2382	1
3180	2395	5
3180	2407	3
3180	2408	2
3180	2410	2
3180	2416	3
3180	2457	2
3180	2458	2
3180	2469	3
3180	2474	4
3180	2485	3
3180	2500	1
3180	2539	3
3180	2551	3
3180	2567	2
3180	2580	4
3180	2597	1
3180	2598	3
3180	2639	3
3180	2642	1
3180	2716	3
3180	2734	4
3180	2735	2
3180	2739	2
3180	2752	2
3180	2761	4
3180	2770	3
3180	2794	3
3180	2798	3
3180	2804	4
3180	2848	3
3180	2866	3
3180	2877	2
3180	2890	4
3180	2908	4
3180	2915	3
3180	2997	4
3180	3019	4
3180	3020	3
3180	3033	3
3180	3040	3
3180	3146	1
3180	3148	3
3180	3169	3
3180	3176	2
3180	3214	2
3180	3255	2
3180	3263	2
3180	3359	4
3180	3362	3
3180	3385	2
3180	3391	1
3180	3398	3
3180	3421	4
3180	3424	2
3180	3450	2
3180	3471	4
3180	3475	4
3180	3477	2
3180	3478	2
3180	3544	3
3180	3552	4
3180	3590	2
3180	3608	5
3180	3669	1
3180	3671	5
3180	3684	3
3180	3710	1
3180	3712	2
3180	3729	4
3180	3740	2
3180	3766	2
3180	3791	2
3180	3804	2
3180	3812	3
3180	3836	3
3180	3844	1
3180	3869	2
3184	34	5
3184	36	5
3184	110	4
3184	148	4
3184	215	4
3184	296	5
3184	307	5
3184	308	5
3184	318	5
3184	334	5
3184	410	1
3184	535	4
3184	593	5
3184	595	4
3184	924	5
3184	932	3
3184	952	4
3184	969	5
3184	999	4
3184	1060	5
3184	1094	5
3184	1176	5
3184	1200	5
3184	1213	5
3184	1214	5
3184	1225	4
3184	1230	4
3184	1236	4
3184	1257	4
3184	1292	5
3184	1367	3
3184	1562	2
3184	1639	5
3184	1688	4
3184	1690	3
3184	1704	5
3184	1784	4
3184	1887	2
3184	1914	5
3184	1927	4
3184	2072	3
3184	2262	2
3184	2289	4
3184	2336	4
3184	2456	1
3184	2788	5
3184	2846	4
3184	2870	4
3184	2890	5
3184	2971	4
3184	2997	5
3184	3112	4
3184	3251	4
3184	3272	2
3184	3421	4
3184	3841	1
3187	180	2
3187	608	3
3187	858	5
3187	903	5
3187	908	5
3187	926	5
3187	1193	5
3187	1204	5
3187	1213	4
3187	1234	4
3187	2181	5
3187	3649	3
3192	6	5
3192	110	4
3192	153	3
3192	161	4
3192	180	5
3192	216	5
3192	293	4
3192	296	5
3192	318	5
3192	457	5
3192	480	4
3192	500	5
3192	527	5
3192	555	4
3192	587	4
3192	593	5
3192	608	4
3192	780	4
3192	785	5
3192	924	3
3192	1060	4
3192	1091	5
3192	1198	5
3192	1200	5
3192	1206	4
3192	1213	5
3192	1214	5
3192	1246	5
3192	1265	4
3192	1356	5
3192	1396	5
3192	1408	5
3192	1573	3
3192	1580	4
3192	1610	5
3192	1617	5
3192	1641	4
3192	1704	5
3192	1729	3
3192	1784	4
3192	1834	4
3192	1883	4
3192	1912	4
3192	1923	4
3192	2011	5
3192	2012	4
3192	2105	5
3192	2193	4
3192	2195	3
3192	2289	4
3192	2359	4
3192	2391	4
3192	2395	5
3192	2396	5
3192	2501	5
3192	2539	4
3192	2580	3
3192	2640	4
3192	2761	5
3192	2770	3
3192	2804	5
3192	2916	4
3192	2997	4
3192	3006	5
3192	3033	4
3192	3114	5
3192	3175	4
3192	3178	5
3192	3253	4
3192	3255	5
3192	3256	5
3192	3450	5
3192	3616	2
3192	3697	4
3192	3704	4
3192	3793	4
3200	17	5
3200	28	5
3200	34	5
3200	36	4
3200	49	2
3200	110	2
3200	232	4
3200	247	5
3200	293	3
3200	296	5
3200	308	4
3200	342	4
3200	357	3
3200	457	4
3200	458	3
3200	477	3
3200	480	3
3200	529	4
3200	593	5
3200	608	4
3200	653	4
3200	728	3
3200	838	4
3200	866	5
3200	1041	5
3200	1046	3
3200	1193	5
3200	1211	3
3200	1223	5
3200	1236	5
3200	1252	5
3200	1265	3
3200	1290	2
3200	1356	4
3200	1396	5
3200	1408	3
3200	1580	4
3200	1611	3
3200	1617	4
3200	1639	3
3200	1674	4
3200	1683	5
3200	1704	3
3200	1729	4
3200	1783	1
3200	1834	5
3200	1912	4
3200	1916	4
3200	2100	3
3200	2248	4
3200	2336	4
3200	2391	2
3200	2396	3
3200	2442	3
3200	2469	2
3200	2501	3
3200	2583	5
3200	2600	3
3200	2672	3
3200	2692	4
3200	2890	5
3200	2997	5
3200	3006	3
3200	3044	4
3200	3102	4
3200	3114	4
3200	3175	4
3200	3176	4
3200	3185	4
3200	3429	5
3200	3479	3
3200	3489	3
3200	3501	3
3200	3578	4
3200	3684	4
3200	3893	3
3203	480	4
3203	593	5
3203	608	5
3203	780	4
3203	858	5
3203	986	4
3203	1078	5
3203	1092	4
3203	1094	4
3203	1136	5
3203	1198	3
3203	1206	4
3203	1222	5
3203	1230	5
3203	1258	5
3203	1265	4
3203	1292	5
3203	1387	5
3203	1393	5
3203	1466	4
3203	1513	3
3203	1580	4
3203	1639	5
3203	1673	5
3203	1680	4
3203	1785	5
3203	1912	3
3203	1954	5
3203	1955	4
3203	1997	5
3203	2112	4
3203	2146	2
3203	2289	5
3203	2369	3
3203	2435	1
3203	2581	3
3203	2583	3
3203	2617	4
3203	2889	4
3203	2916	5
3203	3148	5
3203	3169	5
3203	3176	3
3203	3253	4
3203	3317	4
3203	3420	4
3203	3424	5
3203	3471	5
3203	3500	5
3203	3510	4
3203	3578	5
3203	3760	4
3203	3793	4
3203	3812	5
3203	3841	3
3203	3844	4
3203	3869	3
3203	3882	4
3203	3893	4
3203	3896	2
3203	3952	4
3208	6	4
3208	10	3
3208	110	5
3208	111	3
3208	145	3
3208	153	1
3208	161	4
3208	180	4
3208	198	3
3208	231	5
3208	296	5
3208	333	5
3208	379	2
3208	424	1
3208	441	5
3208	457	3
3208	459	2
3208	494	3
3208	555	4
3208	590	4
3208	593	3
3208	595	3
3208	605	3
3208	608	4
3208	610	3
3208	647	3
3208	653	1
3208	697	2
3208	736	3
3208	780	4
3208	784	3
3208	785	3
3208	805	3
3208	849	2
3208	953	3
3208	1030	5
3208	1059	3
3208	1060	4
3208	1079	5
3208	1088	3
3208	1091	3
3208	1136	4
3208	1198	5
3208	1200	4
3208	1201	5
3208	1213	4
3208	1214	4
3208	1220	5
3208	1228	4
3208	1258	3
3208	1276	5
3208	1278	4
3208	1283	4
3208	1306	4
3208	1347	3
3208	1356	2
3208	1372	2
3208	1373	1
3208	1374	5
3208	1378	3
3208	1379	3
3208	1382	3
3208	1387	5
3208	1388	4
3208	1390	3
3208	1391	2
3208	1393	3
3208	1394	5
3208	1439	3
3208	1485	3
3208	1487	3
3208	1499	2
3208	1513	3
3208	1562	1
3208	1580	3
3208	1590	4
3208	1610	4
3208	1615	3
3208	1616	3
3208	1617	5
3208	1639	5
3208	1641	3
3208	1673	5
3208	1674	3
3208	1690	3
3208	1721	3
3208	1784	4
3208	1833	1
3208	1882	2
3208	1888	3
3208	1892	3
3208	1895	4
3208	1917	2
3208	1923	4
3208	1954	4
3208	1982	3
3208	1994	4
3208	1995	2
3208	2001	3
3208	2004	1
3208	2011	3
3208	2012	3
3208	2021	3
3208	2050	3
3208	2073	4
3208	2078	3
3208	2100	4
3208	2107	2
3208	2125	2
3208	2193	2
3208	2266	1
3208	2278	3
3208	2302	4
3208	2336	3
3208	2380	2
3208	2382	1
3208	2396	4
3208	2401	4
3208	2407	3
3208	2411	4
3208	2416	3
3208	2468	1
3208	2500	2
3208	2529	3
3208	2598	4
3208	2642	2
3208	2670	5
3208	2716	4
3208	2722	4
3208	2735	3
3208	2788	3
3208	2794	3
3208	2795	3
3208	2804	4
3208	2871	4
3208	2890	4
3208	2915	3
3208	2916	3
3208	2922	4
3208	2951	3
3208	2952	4
3208	2976	4
3208	3005	3
3208	3033	4
3208	3037	3
3208	3062	3
3208	3100	3
3208	3104	3
3208	3107	3
3208	3114	4
3208	3135	3
3208	3142	4
3208	3157	2
3208	3175	3
3208	3176	2
3208	3203	4
3208	3252	4
3208	3255	4
3208	3256	3
3208	3263	3
3208	3274	2
3208	3300	3
3208	3421	4
3208	3444	3
3208	3461	3
3208	3468	4
3208	3471	3
3208	3489	3
3208	3499	3
3208	3508	4
3208	3527	4
3208	3552	4
3208	3555	4
3208	3578	4
3208	3608	4
3208	3615	3
3208	3681	4
3208	3697	3
3208	3703	4
3208	3704	5
3208	3745	2
3208	3793	3
3208	3834	3
3208	3840	3
3208	3869	3
3214	924	5
3214	926	3
3214	932	4
3214	952	4
3214	969	5
3214	1019	3
3214	1225	5
3214	1230	5
3214	1251	5
3214	1784	5
3214	1917	3
3214	2130	5
3214	2388	5
3214	2539	3
3214	2731	4
3214	2971	4
3214	3649	5
3214	3685	4
3214	3845	5
3214	3855	4
3216	17	4
3216	24	4
3216	36	4
3216	41	4
3216	111	4
3216	173	2
3216	198	3
3216	232	4
3216	235	4
3216	247	4
3216	293	5
3216	296	4
3216	307	4
3216	308	4
3216	318	4
3216	342	3
3216	348	4
3216	351	3
3216	357	4
3216	389	4
3216	410	2
3216	434	2
3216	446	5
3216	467	4
3216	480	3
3216	497	3
3216	515	4
3216	529	4
3216	593	4
3216	608	4
3216	705	4
3216	728	3
3216	736	3
3216	780	1
3216	788	3
3216	838	3
3216	880	1
3216	924	5
3216	933	3
3216	934	2
3216	1028	2
3216	1079	3
3216	1150	4
3216	1175	5
3216	1193	4
3216	1199	5
3216	1217	5
3216	1220	3
3216	1222	4
3216	1225	4
3216	1228	4
3216	1237	4
3216	1238	3
3216	1251	4
3216	1252	4
3216	1265	3
3216	1272	4
3216	1276	4
3216	1277	4
3216	1278	4
3216	1286	2
3216	1293	4
3216	1295	4
3216	1347	1
3216	1356	3
3216	1357	4
3216	1372	2
3216	1374	4
3216	1387	3
3216	1394	4
3216	1411	4
3216	1437	4
3216	1516	3
3216	1533	4
3216	1542	4
3216	1569	2
3216	1573	3
3216	1580	4
3216	1590	2
3216	1617	4
3216	1639	1
3216	1641	4
3216	1673	4
3216	1704	4
3216	1721	3
3216	1734	4
3216	1747	3
3216	1779	3
3216	1784	4
3216	1883	3
3216	1900	4
3216	1914	3
3216	1923	3
3216	1953	3
3216	2001	2
3216	2009	3
3216	2011	2
3216	2019	5
3216	2046	2
3216	2080	3
3216	2081	3
3216	2100	3
3216	2105	1
3216	2171	4
3216	2202	4
3216	2238	4
3216	2282	4
3216	2302	4
3216	2311	3
3216	2313	4
3216	2336	4
3216	2359	4
3216	2369	1
3216	2390	3
3216	2396	4
3216	2407	3
3216	2507	2
3216	2529	3
3216	2594	4
3216	2609	4
3216	2690	3
3216	2701	2
3216	2716	3
3216	2745	4
3216	2746	2
3216	2747	3
3216	2767	3
3216	2883	3
3216	2890	4
3216	2915	3
3216	2916	3
3216	2997	4
3216	3033	2
3216	3037	3
3216	3040	3
3216	3072	4
3216	3079	3
3216	3175	4
3216	3176	3
3216	3217	3
3216	3255	3
3216	3263	3
3216	3269	3
3216	3284	3
3216	3308	3
3216	3362	3
3216	3401	1
3216	3421	3
3216	3471	3
3216	3506	3
3216	3527	3
3216	3552	3
3216	3578	4
3216	3671	4
3216	3685	3
3216	3697	2
3216	3811	4
3216	3812	3
3216	3819	5
3216	3844	3
3226	52	3
3226	111	5
3226	246	5
3226	352	3
3226	457	5
3226	593	5
3226	608	5
3226	858	5
3226	905	5
3226	910	5
3226	926	4
3226	933	5
3226	969	5
3226	1041	5
3226	1078	5
3226	1084	4
3226	1136	5
3226	1147	5
3226	1171	5
3226	1193	5
3226	1198	3
3226	1201	4
3226	1213	5
3226	1220	4
3226	1228	5
3226	1230	5
3226	1251	3
3226	1264	5
3226	1265	3
3226	1276	4
3226	1288	5
3226	1374	5
3226	1784	4
3226	1912	5
3226	1916	4
3226	2019	4
3226	2282	2
3226	2289	5
3226	2318	5
3226	2395	4
3226	2529	4
3226	2731	3
3226	2732	3
3226	2788	4
3226	2908	5
3226	2912	4
3226	2997	5
3226	3037	5
3226	3039	4
3226	3159	2
3226	3362	5
3226	3418	5
3226	3421	5
3226	3424	5
3226	3654	4
3226	3671	5
3226	3702	4
3226	3746	3
3226	3747	4
3231	34	4
3231	110	5
3231	296	1
3231	299	1
3231	300	4
3231	457	5
3231	480	3
3231	527	5
3231	554	4
3231	593	5
3231	595	4
3231	608	1
3231	780	4
3231	788	2
3231	858	5
3231	924	5
3231	953	5
3231	1024	3
3231	1028	5
3231	1066	4
3231	1088	2
3231	1198	4
3231	1214	4
3231	1220	4
3231	1222	5
3231	1225	4
3231	1237	5
3231	1246	5
3231	1258	5
3231	1272	5
3231	1275	5
3231	1287	5
3231	1333	5
3231	1387	5
3231	1610	5
3231	1674	5
3231	1702	3
3231	1949	5
3231	1954	5
3231	1955	2
3231	1997	5
3231	2078	4
3231	2081	4
3231	2100	3
3231	2105	4
3231	2161	4
3231	2262	3
3231	2312	4
3231	2529	4
3231	2640	4
3231	2664	5
3231	2716	3
3231	2739	5
3231	2871	5
3231	2916	4
3231	3053	1
3231	3252	4
3231	3256	5
3231	3418	1
3231	3425	1
3231	3447	5
3231	3461	5
3231	3471	4
3231	3489	5
3231	3654	4
3231	3675	5
3231	3702	3
3231	3723	4
3231	3766	4
3235	1378	4
3235	2396	5
3235	2581	3
3235	2672	3
3235	2712	5
3235	2716	4
3235	2770	4
3235	2840	5
3235	2908	4
3235	2997	5
3235	3157	4
3235	3176	4
3235	3555	4
3235	3578	5
3235	3793	5
3235	3798	4
3248	36	3
3248	111	3
3248	296	4
3248	318	4
3248	480	2
3248	593	4
3248	608	4
3248	858	3
3248	914	5
3248	969	4
3248	1032	3
3248	1084	1
3248	1094	3
3248	1150	3
3248	1213	3
3248	1225	5
3248	1226	5
3248	1258	5
3248	1288	4
3248	1387	4
3248	1394	4
3248	1734	3
3248	1917	1
3248	1931	2
3248	1947	5
3248	2104	3
3248	2336	5
3248	2396	5
3248	2692	3
3248	2804	5
3248	2997	4
3248	3019	2
3248	3475	5
3248	3736	3
3248	3783	3
3248	3882	1
3253	26	4
3253	28	4
3253	34	5
3253	36	5
3253	110	4
3253	161	1
3253	246	5
3253	296	4
3253	318	3
3253	334	2
3253	457	3
3253	465	4
3253	515	4
3253	527	3
3253	529	4
3253	608	4
3253	647	2
3253	905	5
3253	908	4
3253	909	4
3253	910	5
3253	915	4
3253	916	4
3253	933	4
3253	947	4
3253	1041	5
3253	1079	4
3253	1094	4
3253	1136	4
3253	1183	4
3253	1193	4
3253	1211	4
3253	1217	4
3253	1225	3
3253	1230	5
3253	1234	5
3253	1238	5
3253	1276	4
3253	1394	3
3253	1423	5
3253	1446	5
3253	1513	3
3253	1617	4
3253	1641	5
3253	1673	4
3253	1704	4
3253	1729	4
3253	1840	4
3253	1914	4
3253	1916	5
3253	1936	4
3253	1942	4
3253	1964	4
3253	2248	4
3253	2289	4
3253	2329	4
3253	2336	2
3253	2369	4
3253	2390	4
3253	2395	4
3253	2396	3
3253	2598	2
3253	2690	5
3253	2747	4
3253	2788	4
3253	2804	3
3253	2881	4
3253	2912	4
3253	2915	4
3253	2937	5
3253	2997	4
3253	3022	4
3253	3094	4
3253	3175	4
3253	3362	4
3253	3405	3
3253	3418	5
3253	3424	5
3253	3466	4
3253	3467	5
3253	3608	4
3253	3789	4
3253	3819	3
3260	17	5
3260	34	4
3260	110	5
3260	111	4
3260	151	4
3260	161	4
3260	293	5
3260	296	5
3260	300	3
3260	303	3
3260	318	5
3260	340	4
3260	357	4
3260	416	2
3260	457	4
3260	480	5
3260	527	5
3260	590	5
3260	593	5
3260	608	3
3260	628	4
3260	653	1
3260	858	5
3260	910	5
3260	924	3
3260	1060	3
3260	1079	4
3260	1094	5
3260	1136	5
3260	1193	5
3260	1198	5
3260	1200	5
3260	1201	4
3260	1213	4
3260	1214	5
3260	1222	5
3260	1225	4
3260	1226	4
3260	1230	3
3260	1242	5
3260	1246	4
3260	1257	4
3260	1258	4
3260	1265	4
3260	1272	4
3260	1275	5
3260	1278	3
3260	1293	5
3260	1341	2
3260	1374	3
3260	1378	4
3260	1379	3
3260	1393	4
3260	1408	5
3260	1610	4
3260	1617	4
3260	1674	4
3260	1704	5
3260	1721	5
3260	1784	3
3260	1912	2
3260	1927	4
3260	1953	3
3260	1954	5
3260	1955	3
3260	1962	4
3260	1982	4
3260	1997	5
3260	2018	5
3260	2078	4
3260	2080	5
3260	2081	5
3260	2100	2
3260	2138	4
3260	2193	3
3260	2302	4
3260	2318	4
3260	2329	4
3260	2336	3
3260	2396	5
3260	2401	4
3260	2532	4
3260	2620	5
3260	2714	3
3260	2761	4
3260	2795	5
3260	2804	5
3260	2871	3
3260	2889	4
3260	2890	3
3260	2915	3
3260	2919	3
3260	2921	4
3260	2922	4
3260	2951	4
3260	2997	4
3260	3107	4
3260	3114	3
3260	3148	4
3260	3255	5
3260	3256	3
3260	3359	3
3260	3418	3
3260	3466	4
3260	3471	4
3260	3499	5
3260	3505	4
3260	3508	5
3260	3552	3
3260	3578	5
3260	3681	4
3260	3685	3
3260	3702	3
3260	3753	4
3260	3793	4
3263	110	5
3263	151	5
3263	161	5
3263	329	3
3263	457	4
3263	480	4
3263	527	3
3263	780	4
3263	940	3
3263	969	4
3263	1178	3
3263	1198	5
3263	1200	2
3263	1201	5
3263	1204	4
3263	1214	4
3263	1220	5
3263	1222	3
3263	1242	5
3263	1275	4
3263	1287	4
3263	1356	5
3263	1372	5
3263	1387	4
3263	1408	4
3263	1580	5
3263	1610	5
3263	1925	4
3263	1927	4
3263	1936	4
3263	1954	3
3263	2001	4
3263	2312	3
3263	2670	5
3263	2763	5
3263	2815	4
3263	2890	3
3263	2921	4
3263	3062	5
3263	3196	4
3263	3256	4
3263	3367	5
3263	3405	5
3263	3406	4
3263	3527	2
3263	3545	4
3263	3555	3
3263	3578	5
3263	3635	3
3263	3643	4
3263	3654	5
3263	3702	5
3263	3704	3
3263	3753	5
3263	3811	5
3267	34	4
3267	235	3
3267	296	5
3267	342	3
3267	357	3
3267	480	4
3267	555	5
3267	595	4
3267	608	5
3267	785	5
3267	1042	5
3267	1175	4
3267	1265	5
3267	1513	4
3267	1569	3
3267	1580	5
3267	1617	5
3267	1912	5
3267	1923	5
3267	2146	1
3267	2188	2
3267	2289	4
3267	2302	5
3267	2318	4
3267	2336	4
3267	2359	4
3267	2369	2
3267	2395	5
3267	2396	3
3267	2433	3
3267	2434	4
3267	2598	3
3267	2712	4
3267	2716	5
3267	2719	3
3267	2734	3
3267	2770	4
3267	2881	2
3267	2883	5
3267	2976	2
3267	2997	5
3267	3114	4
3267	3175	3
3267	3176	3
3267	3219	4
3267	3253	4
3267	3578	5
3267	3618	4
3267	3793	5
3271	17	3
3271	36	3
3271	42	4
3271	105	4
3271	110	5
3271	151	4
3271	236	3
3271	276	3
3271	279	4
3271	296	4
3271	318	5
3271	339	4
3271	357	4
3271	362	4
3271	378	3
3271	457	5
3271	527	5
3271	550	3
3271	587	4
3271	588	3
3271	590	4
3271	593	5
3271	608	4
3271	709	3
3271	788	2
3271	858	4
3271	914	4
3271	915	4
3271	932	4
3271	969	3
3271	999	3
3271	1030	4
3271	1066	3
3271	1079	5
3271	1088	4
3271	1091	3
3271	1094	5
3271	1131	5
3271	1132	5
3271	1135	3
3271	1183	5
3271	1193	5
3271	1198	5
3271	1200	4
3271	1206	1
3271	1213	4
3271	1214	5
3271	1217	2
3271	1220	3
3271	1234	3
3271	1246	5
3271	1258	5
3271	1265	3
3271	1271	4
3271	1272	3
3271	1278	4
3271	1286	5
3271	1339	3
3271	1346	3
3271	1357	3
3271	1367	4
3271	1373	3
3271	1374	3
3271	1387	5
3271	1393	4
3271	1396	4
3271	1441	3
3271	1569	4
3271	1610	4
3271	1615	5
3271	1617	3
3271	1674	5
3271	1704	4
3271	1721	5
3271	1784	4
3271	1947	4
3271	1954	5
3271	1955	5
3271	1957	5
3271	1962	5
3271	1970	3
3271	1972	2
3271	1974	3
3271	1986	2
3271	1994	4
3271	2001	4
3271	2021	3
3271	2022	3
3271	2095	3
3271	2100	4
3271	2105	3
3271	2110	3
3271	2121	4
3271	2122	1
3271	2146	4
3271	2193	4
3271	2245	4
3271	2262	4
3271	2312	4
3271	2313	4
3271	2346	4
3271	2369	4
3271	2389	4
3271	2391	5
3271	2396	5
3271	2405	5
3271	2407	4
3271	2468	4
3271	2469	3
3271	2501	5
3271	2640	3
3271	2716	4
3271	2764	4
3271	2846	3
3271	2871	4
3271	2908	3
3271	2915	5
3271	2917	5
3271	2950	3
3271	2971	3
3271	2997	4
3271	3006	5
3271	3044	4
3271	3100	4
3271	3102	5
3271	3112	3
3271	3148	5
3271	3159	3
3271	3176	4
3271	3178	4
3271	3185	4
3271	3247	4
3271	3251	3
3271	3388	3
3271	3401	2
3271	3418	5
3271	3420	5
3271	3421	3
3271	3471	3
3271	3476	4
3271	3478	4
3271	3479	4
3271	3501	5
3271	3510	3
3271	3524	5
3271	3552	3
3271	3608	3
3271	3635	3
3271	3638	3
3271	3649	4
3271	3671	3
3271	3684	3
3271	3702	3
3271	3704	3
3271	3707	4
3271	3744	3
3271	3791	4
3271	3821	1
3271	3844	5
3272	6	3
3272	10	4
3272	17	3
3272	22	4
3272	31	3
3272	34	5
3272	36	3
3272	61	4
3272	79	4
3272	95	4
3272	105	3
3272	110	5
3272	111	4
3272	151	4
3272	153	4
3272	161	3
3272	163	4
3272	231	3
3272	293	4
3272	296	3
3272	300	4
3272	303	4
3272	317	5
3272	318	5
3272	329	4
3272	333	4
3272	339	3
3272	351	4
3272	355	3
3272	357	3
3272	362	3
3272	376	3
3272	378	3
3272	379	3
3272	408	4
3272	410	3
3272	415	4
3272	422	4
3272	432	4
3272	434	4
3272	448	4
3272	454	4
3272	457	4
3272	458	4
3272	466	4
3272	480	5
3272	494	4
3272	497	3
3272	500	5
3272	512	3
3272	518	1
3272	527	5
3272	548	4
3272	587	4
3272	588	4
3272	590	5
3272	593	5
3272	595	4
3272	608	4
3272	610	4
3272	628	4
3272	647	4
3272	653	4
3272	736	5
3272	780	4
3272	786	4
3272	788	4
3272	805	4
3272	830	4
3272	832	4
3272	836	3
3272	838	4
3272	840	3
3272	849	4
3272	858	5
3272	866	3
3272	870	3
3272	903	4
3272	914	4
3272	915	3
3272	924	3
3272	940	5
3272	952	4
3272	953	4
3272	969	4
3272	1003	3
3272	1006	3
3272	1008	5
3272	1013	4
3272	1017	5
3272	1019	4
3272	1024	4
3272	1025	4
3272	1028	5
3272	1029	4
3272	1030	4
3272	1031	4
3272	1032	4
3272	1059	3
3272	1079	3
3272	1084	5
3272	1088	4
3272	1091	4
3272	1092	4
3272	1130	3
3272	1135	4
3272	1136	4
3272	1183	3
3272	1193	4
3272	1198	5
3272	1200	4
3272	1201	4
3272	1213	3
3272	1214	4
3272	1220	4
3272	1222	4
3272	1226	5
3272	1242	5
3272	1246	3
3272	1252	4
3272	1258	3
3272	1265	4
3272	1271	3
3272	1272	4
3272	1275	4
3272	1276	4
3272	1278	4
3272	1283	4
3272	1286	4
3272	1287	4
3272	1297	3
3272	1333	4
3272	1339	4
3272	1347	3
3272	1356	4
3272	1363	4
3272	1367	4
3272	1372	4
3272	1374	4
3272	1378	4
3272	1379	4
3272	1382	3
3272	1387	4
3272	1390	4
3272	1393	4
3272	1394	3
3272	1396	3
3272	1401	4
3272	1408	4
3272	1411	4
3272	1438	4
3272	1460	4
3272	1465	4
3272	1485	4
3272	1488	4
3272	1507	3
3272	1562	4
3272	1566	4
3272	1569	3
3272	1573	3
3272	1574	2
3272	1580	4
3272	1606	3
3272	1610	4
3272	1616	4
3272	1621	3
3272	1641	4
3272	1660	4
3272	1661	4
3272	1665	4
3272	1674	4
3272	1687	4
3272	1690	4
3272	1704	4
3272	1721	4
3272	1722	4
3272	1727	4
3272	1779	4
3272	1784	4
3272	1792	4
3272	1797	3
3272	1804	3
3272	1806	3
3272	1833	4
3272	1867	4
3272	1888	4
3272	1892	4
3272	1912	4
3272	1917	4
3272	1918	5
3272	1923	4
3272	1927	4
3272	1928	4
3272	1931	3
3272	1947	5
3272	1953	4
3272	1954	4
3272	1955	3
3272	1962	3
3272	1967	4
3272	1994	4
3272	1997	4
3272	2001	4
3272	2009	3
3272	2011	4
3272	2012	4
3272	2015	4
3272	2018	5
3272	2021	3
3272	2022	3
3272	2023	4
3272	2046	4
3272	2058	4
3272	2059	4
3272	2077	3
3272	2078	4
3272	2080	4
3272	2081	4
3272	2100	4
3272	2102	4
3272	2110	3
3272	2111	4
3272	2118	4
3272	2121	3
3272	2123	4
3272	2125	4
3272	2142	4
3272	2146	3
3272	2151	2
3272	2161	4
3272	2193	4
3272	2245	4
3272	2267	3
3272	2287	3
3272	2302	4
3272	2311	3
3272	2313	3
3272	2316	4
3272	2336	4
3272	2339	3
3272	2346	3
3272	2353	4
3272	2369	3
3272	2370	4
3272	2374	3
3272	2391	3
3272	2396	4
3272	2401	4
3272	2405	4
3272	2407	4
3272	2410	3
3272	2424	4
3272	2433	4
3272	2468	4
3272	2469	3
3272	2471	5
3272	2490	3
3272	2501	3
3272	2520	4
3272	2529	4
3272	2530	3
3272	2533	3
3272	2535	3
3272	2539	4
3272	2548	3
3272	2574	4
3272	2581	4
3272	2617	4
3272	2640	4
3272	2642	4
3272	2652	3
3272	2664	4
3272	2670	4
3272	2701	4
3272	2716	4
3272	2722	3
3272	2746	4
3272	2747	4
3272	2752	4
3272	2763	4
3272	2770	3
3272	2794	4
3272	2795	4
3272	2804	4
3272	2815	4
3272	2819	3
3272	2826	4
3272	2829	3
3272	2866	3
3272	2871	4
3272	2881	4
3272	2889	4
3272	2890	3
3272	2915	4
3272	2916	3
3272	2919	3
3272	2921	4
3272	2922	4
3272	2951	4
3272	2953	3
3272	2990	4
3272	2993	4
3272	3005	4
3272	3019	3
3272	3031	4
3272	3033	4
3272	3034	5
3272	3037	4
3272	3039	3
3272	3040	3
3272	3061	4
3272	3062	4
3272	3068	4
3272	3072	4
3272	3086	5
3272	3093	3
3272	3100	3
3272	3102	4
3272	3104	3
3272	3107	4
3272	3110	3
3272	3114	4
3272	3148	3
3272	3157	5
3272	3159	4
3272	3169	3
3272	3175	4
3272	3176	3
3272	3196	4
3272	3198	4
3272	3203	4
3272	3211	3
3272	3217	3
3272	3243	4
3272	3247	4
3272	3251	3
3272	3252	4
3272	3255	4
3272	3256	4
3272	3263	3
3272	3269	4
3272	3299	3
3272	3362	3
3272	3365	5
3272	3385	3
3272	3418	3
3272	3421	5
3272	3430	4
3272	3445	3
3272	3468	4
3272	3471	5
3272	3478	4
3272	3479	4
3272	3487	4
3272	3489	4
3272	3499	4
3272	3501	4
3272	3505	4
3272	3506	3
3272	3508	4
3272	3524	4
3272	3527	4
3272	3552	4
3272	3579	3
3272	3587	3
3272	3608	3
3272	3633	4
3272	3635	4
3272	3643	4
3272	3654	4
3272	3671	5
3272	3675	5
3272	3681	4
3272	3684	3
3272	3685	3
3272	3697	3
3272	3698	3
3272	3702	4
3272	3703	4
3272	3707	3
3272	3733	3
3272	3740	3
3272	3753	4
3272	3760	3
3272	3791	3
3272	3798	4
3272	3806	4
3272	3836	4
3272	3844	3
3272	3869	5
3272	3873	4
3272	3927	4
3272	3937	4
3277	111	4
3277	232	4
3277	246	5
3277	293	5
3277	296	5
3277	308	5
3277	318	5
3277	515	4
3277	527	4
3277	529	5
3277	538	4
3277	593	4
3277	608	5
3277	736	4
3277	858	5
3277	866	5
3277	903	5
3277	910	5
3277	1028	2
3277	1060	5
3277	1094	3
3277	1104	3
3277	1193	4
3277	1198	5
3277	1201	4
3277	1206	5
3277	1213	5
3277	1214	3
3277	1222	4
3277	1223	5
3277	1228	5
3277	1242	4
3277	1265	5
3277	1276	5
3277	1288	4
3277	1293	4
3277	1374	2
3277	1387	3
3277	1394	3
3277	1484	4
3277	1542	3
3277	1617	4
3277	1639	4
3277	1674	3
3277	1680	3
3277	1704	5
3277	1914	4
3277	1954	3
3277	2001	2
3277	2248	3
3277	2289	5
3277	2329	5
3277	2396	2
3277	2530	1
3277	2533	2
3277	2580	5
3277	2674	5
3277	2692	5
3277	2883	3
3277	2908	5
3277	2950	4
3277	2997	4
3277	3019	5
3277	3100	5
3277	3148	5
3277	3263	2
3277	3424	4
3277	3499	4
3277	3760	4
3277	3819	5
3277	3834	3
3277	3844	3
3277	3869	3
3281	6	5
3281	42	3
3281	95	4
3281	110	4
3281	235	4
3281	318	5
3281	329	3
3281	357	3
3281	457	5
3281	466	5
3281	480	4
3281	514	5
3281	527	4
3281	555	4
3281	593	4
3281	608	5
3281	780	4
3281	798	4
3281	858	5
3281	886	3
3281	934	3
3281	1029	4
3281	1060	3
3281	1136	5
3281	1193	4
3281	1198	5
3281	1200	4
3281	1204	5
3281	1213	4
3281	1214	4
3281	1220	5
3281	1222	5
3281	1234	5
3281	1257	4
3281	1265	5
3281	1275	5
3281	1276	4
3281	1288	5
3281	1356	3
3281	1372	3
3281	1373	2
3281	1374	3
3281	1378	4
3281	1379	4
3281	1391	3
3281	1394	5
3281	1408	4
3281	1573	4
3281	1580	4
3281	1610	5
3281	1722	4
3281	1769	4
3281	1784	4
3281	1785	4
3281	1833	4
3281	1912	2
3281	1917	5
3281	2001	4
3281	2041	4
3281	2058	4
3281	2193	3
3281	2248	5
3281	2261	4
3281	2278	4
3281	2353	4
3281	2370	3
3281	2405	3
3281	2457	3
3281	2490	4
3281	2529	4
3281	2640	4
3281	2642	3
3281	2692	3
3281	2716	5
3281	2735	4
3281	2788	5
3281	2795	5
3281	2804	5
3281	2815	3
3281	2826	3
3281	2916	4
3281	3020	3
3281	3034	4
3281	3104	4
3281	3107	4
3281	3142	4
3281	3256	4
3281	3267	4
3281	3421	5
3281	3444	5
3281	3479	2
3281	3638	4
3281	3671	5
3281	3697	3
3281	3703	3
3281	3704	3
3281	3740	4
3284	110	4
3284	318	5
3284	457	4
3284	527	5
3284	529	5
3284	608	4
3284	1136	4
3284	1193	5
3284	1199	4
3284	1292	4
3284	1357	5
3284	1617	4
3284	1704	5
3284	1906	4
3284	1912	3
3284	2316	2
3284	2395	5
3284	3418	3
3284	3476	4
3284	3740	3
3284	3811	5
3291	34	4
3291	527	4
3291	593	5
3291	1041	4
3291	1213	5
3291	1277	3
3291	1721	3
3291	2794	3
3291	3079	5
3296	145	4
3296	434	4
3296	493	5
3296	529	4
3296	608	5
3296	736	4
3296	780	3
3296	785	5
3296	1387	5
3296	1513	4
3296	2302	4
3296	2395	4
3296	2568	2
3296	2580	5
3296	2709	4
3296	2716	5
3296	2719	5
3296	2722	3
3296	2763	5
3296	2770	4
3296	2772	5
3296	2840	5
3296	2976	5
3296	2995	3
3296	2997	5
3296	3005	5
3296	3146	4
3296	3176	5
3296	3263	5
3304	121	3
3304	235	3
3304	242	5
3304	296	5
3304	318	4
3304	529	4
3304	588	4
3304	593	4
3304	595	5
3304	608	5
3304	858	5
3304	901	4
3304	908	3
3304	914	4
3304	918	4
3304	924	5
3304	968	3
3304	1015	4
3304	1028	5
3304	1029	5
3304	1032	3
3304	1041	5
3304	1079	2
3304	1084	5
3304	1088	3
3304	1094	5
3304	1130	3
3304	1132	5
3304	1193	5
3304	1198	5
3304	1200	5
3304	1214	5
3304	1220	4
3304	1225	5
3304	1234	5
3304	1242	4
3304	1252	5
3304	1258	5
3304	1265	4
3304	1278	4
3304	1288	4
3304	1333	5
3304	1339	2
3304	1340	5
3304	1387	5
3304	1394	5
3304	1566	4
3304	1610	3
3304	1617	4
3304	1688	4
3304	1931	5
3304	1936	4
3304	1947	5
3304	1949	4
3304	1964	3
3304	1994	5
3304	1997	4
3304	2024	5
3304	2080	3
3304	2081	5
3304	2118	4
3304	2329	5
3304	2529	5
3304	2554	4
3304	2635	4
3304	2664	3
3304	2716	5
3304	2746	4
3304	2747	4
3304	2877	4
3304	2908	4
3304	2971	5
3304	3006	5
3304	3039	3
3304	3112	4
3304	3198	4
3304	3243	2
3304	3251	4
3304	3253	5
3304	3359	3
3304	3421	4
3304	3471	4
3304	3499	3
3304	3545	5
3304	3668	5
3305	6	3
3305	17	5
3305	36	5
3305	110	3
3305	161	5
3305	170	4
3305	232	5
3305	293	5
3305	318	5
3305	446	5
3305	457	4
3305	459	4
3305	477	4
3305	515	5
3305	527	5
3305	529	5
3305	555	4
3305	593	4
3305	608	5
3305	628	4
3305	736	1
3305	780	3
3305	1041	5
3305	1094	5
3305	1183	5
3305	1213	5
3305	1379	4
3305	1393	5
3305	1394	4
3305	1480	5
3305	1580	3
3305	1610	4
3305	1616	2
3305	1639	4
3305	1673	4
3305	1683	5
3305	1687	4
3305	1704	5
3305	1792	3
3305	1794	4
3305	1912	3
3305	1914	4
3305	1917	5
3305	2023	5
3305	2058	3
3305	2071	4
3305	2278	3
3305	2329	3
3305	2353	4
3305	2501	5
3305	2539	2
3305	2692	5
3305	2890	5
3305	2908	5
3305	3006	5
3305	3100	5
3305	3178	4
3305	3255	5
3305	3274	5
3305	3418	5
3309	34	4
3309	110	5
3309	157	2
3309	173	2
3309	296	4
3309	317	3
3309	329	3
3309	334	4
3309	357	4
3309	372	3
3309	410	4
3309	480	3
3309	514	3
3309	529	4
3309	588	4
3309	590	4
3309	593	4
3309	595	5
3309	608	4
3309	610	3
3309	653	4
3309	720	4
3309	780	3
3309	783	4
3309	784	3
3309	785	3
3309	788	3
3309	799	4
3309	924	3
3309	1064	3
3309	1079	4
3309	1084	4
3309	1136	4
3309	1198	4
3309	1200	4
3309	1204	3
3309	1214	5
3309	1215	4
3309	1220	4
3309	1223	5
3309	1242	5
3309	1257	5
3309	1261	3
3309	1265	5
3309	1275	4
3309	1278	4
3309	1297	5
3309	1356	4
3309	1372	4
3309	1373	2
3309	1374	5
3309	1393	4
3309	1394	4
3309	1485	3
3309	1566	3
3309	1573	1
3309	1580	4
3309	1641	4
3309	1688	3
3309	1689	3
3309	1690	3
3309	1747	3
3309	1753	4
3309	1784	4
3309	1883	4
3309	1923	4
3309	1954	4
3309	1967	4
3309	2009	5
3309	2011	3
3309	2012	3
3309	2015	3
3309	2021	4
3309	2057	3
3309	2083	4
3309	2105	3
3309	2111	4
3309	2143	3
3309	2161	4
3309	2193	4
3309	2245	3
3309	2247	2
3309	2248	5
3309	2261	4
3309	2262	3
3309	2302	4
3309	2396	5
3309	2407	4
3309	2529	4
3309	2530	4
3309	2531	4
3309	2532	3
3309	2533	3
3309	2581	3
3309	2640	4
3309	2642	3
3309	2709	4
3309	2716	5
3309	2746	4
3309	2788	5
3309	2795	4
3309	2848	4
3309	2883	4
3309	2889	3
3309	2916	2
3309	2986	2
3309	3037	5
3309	3039	4
3309	3040	4
3309	3072	3
3309	3175	4
3309	3253	4
3309	3339	4
3309	3398	3
3309	3421	4
3309	3424	4
3309	3471	3
3309	3479	5
3309	3489	3
3309	3501	4
3309	3552	4
3309	3608	4
3309	3669	3
3309	3671	4
3309	3698	2
3309	3702	3
3309	3793	4
3309	3877	3
3315	6	4
3315	10	5
3315	24	4
3315	110	5
3315	145	4
3315	231	2
3315	276	4
3315	296	5
3315	357	5
3315	457	4
3315	459	4
3315	480	4
3315	511	4
3315	555	4
3315	587	4
3315	588	4
3315	590	4
3315	593	5
3315	595	4
3315	671	1
3315	780	4
3315	785	3
3315	861	5
3315	866	5
3315	999	5
3315	1059	3
3315	1060	5
3315	1198	5
3315	1200	3
3315	1242	4
3315	1246	5
3315	1265	4
3315	1339	4
3315	1342	2
3315	1356	4
3315	1372	4
3315	1393	5
3315	1396	4
3315	1407	5
3315	1411	4
3315	1569	4
3315	1580	4
3315	1610	3
3315	1617	4
3315	1639	5
3315	1641	5
3315	1704	5
3315	1721	3
3315	1722	5
3315	1747	4
3315	1783	4
3315	1784	3
3315	1895	5
3315	1912	4
3315	1917	4
3315	1918	5
3315	1923	4
3315	2001	5
3315	2500	4
3315	2580	5
3315	2763	4
3315	2793	4
3315	2804	5
3315	2915	5
3315	2916	4
3315	3002	1
3315	3148	4
3315	3213	4
3315	3238	3
3315	3252	5
3315	3253	4
3315	3255	3
3315	3256	4
3315	3263	5
3315	3269	3
3315	3452	4
3315	3477	5
3315	3489	3
3315	3578	5
3315	3697	3
3315	3744	2
3315	3793	4
3315	3798	2
3315	3882	4
3315	3884	3
3319	111	3
3319	858	3
3319	866	5
3319	931	4
3319	1096	3
3319	1150	3
3319	1198	3
3319	1201	4
3319	1217	3
3319	1246	3
3319	1272	4
3319	1286	3
3319	1288	3
3319	1293	4
3319	1295	3
3319	1953	4
3319	1954	4
3319	1955	3
3319	1957	4
3319	1962	3
3319	2075	3
3319	2130	4
3319	2238	3
3319	2245	3
3319	2312	3
3319	2313	4
3319	2734	3
3319	2739	4
3319	2745	3
3319	2866	4
3319	2919	4
3319	2932	3
3319	2951	4
3319	3029	3
3319	3037	4
3319	3068	3
3319	3093	4
3319	3198	3
3319	3211	4
3319	3215	3
3319	3362	3
3319	3365	5
3319	3467	5
3319	3478	3
3319	3506	3
3319	3547	4
3319	3681	4
3319	3684	4
3319	3685	4
3319	3737	4
3319	3789	3
3319	3792	1
3319	3811	3
3319	3812	2
3319	3836	4
3319	3844	3
3319	3845	3
3319	3849	4
3319	3872	5
3319	3873	3
3328	22	3
3328	34	4
3328	36	5
3328	52	3
3328	64	3
3328	105	3
3328	110	5
3328	151	4
3328	157	5
3328	163	2
3328	232	4
3328	235	3
3328	271	4
3328	276	4
3328	277	1
3328	300	4
3328	307	4
3328	308	4
3328	318	4
3328	339	4
3328	340	2
3328	354	3
3328	357	4
3328	360	5
3328	371	5
3328	378	5
3328	419	3
3328	425	5
3328	432	1
3328	454	5
3328	527	5
3328	529	4
3328	532	4
3328	537	4
3328	538	4
3328	580	1
3328	587	3
3328	590	5
3328	593	2
3328	605	4
3328	608	5
3328	621	2
3328	628	5
3328	671	2
3328	780	4
3328	830	4
3328	840	4
3328	915	5
3328	956	3
3328	1032	5
3328	1041	4
3328	1094	5
3328	1171	4
3328	1183	4
3328	1190	4
3328	1213	3
3328	1265	4
3328	1306	4
3328	1339	2
3328	1367	4
3328	1387	2
3328	1390	5
3328	1391	2
3328	1393	3
3328	1408	3
3328	1411	4
3328	1445	1
3328	1453	4
3328	1460	1
3328	1487	4
3328	1493	4
3328	1566	3
3328	1569	5
3328	1580	3
3328	1611	3
3328	1646	3
3328	1673	3
3328	1680	4
3328	1689	4
3328	1702	1
3328	1704	4
3328	1721	5
3328	1722	4
3328	1727	2
3328	1747	3
3328	1784	5
3328	1791	3
3328	1816	4
3328	1835	2
3328	1837	1
3328	1863	3
3328	1888	3
3328	1896	5
3328	1923	2
3328	2012	4
3328	2015	5
3328	2023	4
3328	2053	4
3328	2071	4
3328	2112	2
3328	2247	4
3328	2252	4
3328	2266	4
3328	2289	4
3328	2302	4
3328	2316	2
3328	2359	1
3328	2369	5
3328	2395	2
3328	2396	4
3328	2424	2
3328	2433	5
3328	2506	3
3328	2529	5
3328	2539	3
3328	2567	3
3328	2574	2
3328	2598	1
3328	2629	4
3328	2692	2
3328	2953	4
3328	3020	1
3328	3100	3
3328	3107	2
3328	3252	4
3328	3255	4
3328	3269	3
3328	3418	5
3328	3445	4
3328	3450	3
3328	3669	4
3328	3712	5
3328	3733	3
3328	3761	1
3328	3780	5
3328	3792	5
3328	3806	5
3328	3812	4
3328	3845	5
3328	3873	5
3328	3877	1
3333	6	3
3333	24	4
3333	110	5
3333	111	4
3333	173	3
3333	296	5
3333	303	3
3333	318	5
3333	441	4
3333	593	3
3333	608	5
3333	609	1
3333	785	5
3333	836	3
3333	849	4
3333	858	5
3333	924	5
3333	968	4
3333	1015	1
3333	1079	3
3333	1136	5
3333	1193	4
3333	1204	1
3333	1206	5
3333	1213	5
3333	1215	5
3333	1220	4
3333	1222	3
3333	1242	3
3333	1261	5
3333	1378	5
3333	1513	1
3333	1605	1
3333	1617	3
3333	1673	4
3333	1704	4
3333	1779	4
3333	1997	3
3333	2001	3
3333	2011	5
3333	2023	4
3333	2032	1
3333	2100	3
3333	2188	3
3333	2322	2
3333	2329	5
3333	2395	4
3333	2407	3
3333	2490	3
3333	2568	3
3333	2580	4
3333	2598	4
3333	2600	2
3333	2606	3
3333	2617	3
3333	2629	1
3333	2672	3
3333	2712	4
3333	2714	2
3333	2716	4
3333	2719	2
3333	2722	2
3333	2769	2
3333	2770	3
3333	2771	2
3333	2772	3
3333	2794	4
3333	2804	5
3333	2840	4
3333	2916	4
3333	2976	4
3333	2997	5
3333	3005	2
3333	3033	5
3333	3269	3
3333	3300	4
3333	3317	5
3333	3354	3
3333	3409	4
3333	3471	5
3333	3489	2
3333	3524	4
3333	3552	5
3333	3578	5
3333	3695	1
3333	3718	3
3333	3740	3
3333	3798	2
3333	3893	3
3333	3943	4
3342	24	4
3342	480	5
3342	736	4
3342	799	4
3342	1297	3
3342	1513	3
3342	1994	3
3342	2336	3
3342	2369	3
3342	2485	3
3342	2490	3
3342	2581	3
3342	2598	3
3342	2701	3
3342	2716	3
3342	2719	3
3342	2722	3
3342	2763	4
3342	2771	5
3342	2840	4
3342	2881	4
3342	2976	2
3342	3005	3
3342	3053	3
3342	3146	3
3342	3157	3
3342	3354	3
3342	3578	5
3342	3798	4
3354	527	3
3354	610	4
3354	741	3
3354	924	3
3354	968	3
3354	1175	4
3354	1200	4
3354	1206	4
3354	1214	3
3354	1379	2
3354	1918	1
3354	2010	3
3354	3471	3
3354	3702	4
3355	83	5
3355	110	5
3355	318	4
3355	593	4
3355	720	4
3355	741	5
3355	850	5
3355	1176	4
3355	1193	5
3355	1347	3
3355	2196	1
3355	2396	3
3355	2816	2
3355	3513	3
3357	34	4
3357	36	5
3357	110	5
3357	246	4
3357	318	5
3357	457	4
3357	593	5
3357	608	4
3357	1213	4
3357	1236	4
3357	1257	4
3357	1393	4
3357	1617	4
3357	1704	5
3357	1784	4
3357	2111	3
3357	2804	5
3357	2915	4
3357	3039	4
3357	3100	4
3357	3146	4
3357	3148	5
3357	3176	3
3357	3418	3
3357	3791	4
3357	3804	5
3357	3821	3
3357	3844	4
3357	3869	4
3358	6	4
3358	34	5
3358	95	1
3358	110	4
3358	153	3
3358	161	5
3358	163	3
3358	318	5
3358	339	4
3358	357	4
3358	381	4
3358	441	4
3358	457	4
3358	480	4
3358	494	4
3358	550	4
3358	555	4
3358	587	4
3358	593	5
3358	605	4
3358	736	4
3358	780	5
3358	805	4
3358	909	4
3358	934	4
3358	953	3
3358	1059	5
3358	1079	4
3358	1083	4
3358	1088	4
3358	1136	5
3358	1198	4
3358	1213	4
3358	1234	5
3358	1265	3
3358	1271	5
3358	1272	3
3358	1286	5
3358	1287	5
3358	1339	4
3358	1379	3
3358	1387	4
3358	1393	4
3358	1408	3
3358	1441	4
3358	1488	4
3358	1569	4
3358	1573	4
3358	1580	4
3358	1610	4
3358	1616	4
3358	1641	4
3358	1674	4
3358	1704	5
3358	1729	4
3358	1747	4
3358	1784	5
3358	1835	4
3358	1912	3
3358	1917	4
3358	1918	3
3358	1947	1
3358	1953	3
3358	1954	4
3358	1962	4
3358	2001	3
3358	2058	4
3358	2078	5
3358	2080	4
3358	2081	3
3358	2100	2
3358	2104	4
3358	2105	5
3358	2138	5
3358	2336	4
3358	2396	5
3358	2469	3
3358	2529	5
3358	2640	4
3358	2716	4
3358	2746	1
3358	2804	4
3358	2915	4
3358	2916	3
3358	2997	3
3358	3020	4
3358	3088	3
3358	3100	4
3358	3107	5
3358	3148	4
3358	3214	4
3358	3253	4
3358	3255	5
3358	3404	3
3358	3418	5
3358	3438	1
3358	3461	4
3358	3501	4
3358	3578	5
3358	3671	4
3358	3684	3
3358	3698	3
3358	3704	3
3358	3744	4
3358	3753	4
3358	3793	4
3367	17	5
3367	36	5
3367	80	4
3367	111	4
3367	128	5
3367	246	5
3367	247	4
3367	296	3
3367	318	5
3367	326	5
3367	334	4
3367	340	4
3367	373	3
3367	457	5
3367	501	5
3367	527	5
3367	549	5
3367	581	4
3367	590	5
3367	593	5
3367	608	5
3367	668	5
3367	850	3
3367	901	5
3367	903	4
3367	908	5
3367	909	5
3367	911	4
3367	914	5
3367	924	4
3367	926	5
3367	938	4
3367	943	4
3367	948	4
3367	953	5
3367	970	5
3367	971	4
3367	986	4
3367	997	4
3367	1014	4
3367	1028	4
3367	1041	4
3367	1079	4
3367	1083	3
3367	1084	5
3367	1086	5
3367	1094	5
3367	1104	5
3367	1147	4
3367	1161	5
3367	1176	5
3367	1178	5
3367	1189	4
3367	1193	5
3367	1211	4
3367	1213	5
3367	1225	5
3367	1237	5
3367	1238	4
3367	1251	5
3367	1252	5
3367	1272	4
3367	1276	4
3367	1287	5
3367	1289	5
3367	1394	4
3367	1407	2
3367	1419	3
3367	1533	3
3367	1580	3
3367	1594	1
3367	1610	4
3367	1615	5
3367	1617	5
3367	1649	2
3367	1673	5
3367	1683	4
3367	1734	5
3367	1743	4
3367	1834	5
3367	1892	3
3367	1935	5
3367	1938	5
3367	1942	5
3367	1947	5
3367	1949	4
3367	1950	4
3367	1953	4
3367	1954	3
3367	1955	3
3367	1963	5
3367	1964	4
3367	2019	5
3367	2024	4
3367	2078	5
3367	2080	4
3367	2081	4
3367	2100	5
3367	2132	4
3367	2184	4
3367	2202	4
3367	2203	5
3367	2247	4
3367	2289	5
3367	2349	4
3367	2351	5
3367	2369	3
3367	2391	4
3367	2442	4
3367	2469	4
3367	2501	5
3367	2609	5
3367	2612	5
3367	2716	4
3367	2729	4
3367	2731	5
3367	2732	5
3367	2764	3
3367	2773	4
3367	2866	4
3367	2870	4
3367	2897	5
3367	2908	5
3367	2915	4
3367	2920	5
3367	2932	4
3367	2937	5
3367	2967	5
3367	3006	5
3367	3028	4
3367	3037	4
3367	3039	4
3367	3044	5
3367	3075	5
3367	3077	4
3367	3104	4
3367	3175	4
3367	3176	5
3367	3185	3
3367	3196	4
3367	3198	4
3367	3281	4
3367	3304	3
3367	3317	4
3367	3330	4
3367	3334	4
3367	3359	4
3367	3405	4
3367	3418	5
3367	3424	3
3367	3461	4
3367	3467	4
3367	3468	5
3367	3471	5
3367	3475	5
3367	3510	3
3367	3546	5
3367	3578	4
3367	3634	4
3367	3654	3
3367	3675	4
3367	3685	5
3367	3733	3
3367	3736	4
3367	3738	4
3367	3789	5
3367	3811	5
3367	3872	4
3367	3882	3
3367	3893	4
3367	3894	4
3367	3910	4
3368	10	4
3368	110	3
3368	161	5
3368	173	1
3368	231	5
3368	318	5
3368	457	5
3368	480	3
3368	593	4
3368	1008	3
3368	1198	4
3368	1206	1
3368	1214	3
3368	1258	5
3368	1290	5
3368	1374	5
3368	1387	3
3368	1393	5
3368	1580	3
3368	1610	5
3368	1617	4
3368	1722	5
3368	1835	1
3368	1888	1
3368	1923	5
3368	1997	2
3368	2265	1
3368	2391	3
3368	2640	3
3368	2763	4
3368	2772	3
3368	2794	4
3368	2795	5
3368	2990	3
3368	3039	5
3368	3175	1
3368	3354	2
3368	3418	1
3368	3471	3
3368	3499	4
3368	3552	5
3368	3578	5
3369	111	4
3369	318	4
3369	858	4
3369	908	4
3369	953	4
3369	1193	5
3369	1198	5
3369	1206	5
3369	1225	4
3369	1234	4
3369	1265	3
3369	1276	4
3369	1278	4
3369	1387	4
3369	1394	3
3369	2015	3
3369	2795	3
3369	2804	4
3369	3468	3
3374	34	3
3374	36	3
3374	296	5
3374	529	3
3374	593	4
3374	608	5
3374	736	3
3374	780	4
3374	908	5
3374	909	4
3374	924	4
3374	933	4
3374	1028	5
3374	1079	5
3374	1094	3
3374	1136	5
3374	1198	4
3374	1206	5
3374	1213	4
3374	1225	5
3374	1230	3
3374	1257	3
3374	1258	5
3374	1278	5
3374	1288	5
3374	1292	4
3374	1293	4
3374	1374	4
3374	1394	5
3374	1610	3
3374	1639	4
3374	1916	1
3374	1954	3
3374	1957	4
3374	2212	5
3374	2302	4
3374	2336	4
3374	2359	3
3374	2693	4
3374	2788	4
3374	2908	4
3374	3068	4
3374	3421	4
3374	3471	5
3374	3671	5
3374	3760	4
3374	3811	5
3374	3812	5
3374	3819	2
3374	3844	4
3375	293	3
3375	434	4
3375	527	4
3375	780	4
3375	1198	4
3375	1562	3
3375	2001	4
3375	2302	5
3375	2529	4
3375	3146	4
3375	3176	1
3375	3263	3
3375	3452	5
3375	3753	5
3375	3879	5
3394	6	4
3394	34	5
3394	110	5
3394	111	4
3394	246	5
3394	293	5
3394	296	5
3394	307	4
3394	308	4
3394	318	4
3394	457	4
3394	480	4
3394	527	5
3394	555	5
3394	593	5
3394	608	5
3394	824	2
3394	841	4
3394	858	5
3394	903	4
3394	905	4
3394	908	5
3394	910	4
3394	924	5
3394	926	4
3394	929	3
3394	940	5
3394	945	4
3394	947	5
3394	968	3
3394	969	4
3394	1104	4
3394	1136	4
3394	1147	5
3394	1161	4
3394	1178	5
3394	1193	4
3394	1198	5
3394	1199	4
3394	1200	5
3394	1201	4
3394	1204	5
3394	1206	4
3394	1213	5
3394	1214	4
3394	1217	4
3394	1222	4
3394	1225	5
3394	1227	3
3394	1228	5
3394	1230	4
3394	1234	5
3394	1252	5
3394	1258	5
3394	1276	4
3394	1278	4
3394	1283	5
3394	1287	3
3394	1288	3
3394	1289	5
3394	1292	5
3394	1333	3
3394	1339	3
3394	1347	5
3394	1374	3
3394	1387	5
3394	1394	4
3394	1407	3
3394	1438	2
3394	1580	4
3394	1610	4
3394	1617	5
3394	1674	4
3394	1722	2
3394	1912	5
3394	1916	2
3394	1938	3
3394	1950	4
3394	1953	5
3394	1954	4
3394	1982	3
3394	1994	2
3394	1997	5
3394	2009	2
3394	2019	5
3394	2058	3
3394	2075	4
3394	2100	4
3394	2132	5
3394	2203	5
3394	2278	4
3394	2289	4
3394	2362	3
3394	2391	3
3394	2396	5
3394	2407	3
3394	2529	4
3394	2600	2
3394	2640	3
3394	2664	4
3394	2692	5
3394	2716	4
3394	2726	4
3394	2731	4
3394	2746	3
3394	2747	2
3394	2761	4
3394	2763	4
3394	2804	4
3394	2912	4
3394	2916	2
3394	2917	4
3394	2922	3
3394	2935	4
3394	2937	5
3394	2976	4
3394	2993	4
3394	3006	5
3394	3013	2
3394	3019	5
3394	3037	4
3394	3068	5
3394	3090	3
3394	3093	5
3394	3145	3
3394	3169	3
3394	3256	4
3394	3304	3
3394	3362	4
3394	3404	4
3394	3418	4
3394	3429	5
3394	3461	4
3394	3468	5
3394	3471	5
3394	3476	4
3394	3499	4
3394	3527	2
3394	3545	4
3394	3551	4
3394	3615	2
3394	3633	4
3394	3649	3
3394	3702	3
3394	3703	4
3394	3733	4
3394	3737	4
3394	3789	4
3394	3811	4
3394	3819	4
3394	3872	3
3395	173	4
3395	1641	5
3395	1721	3
3395	2038	4
3395	2336	5
3395	2395	5
3395	2396	4
3395	2490	4
3395	2560	3
3395	2580	5
3395	2581	3
3395	2600	2
3395	2716	5
3395	2770	3
3395	2772	5
3395	2826	5
3395	2997	2
3395	3146	4
3395	3148	4
3395	3175	5
3395	3176	5
3395	3578	5
3395	3793	5
3395	3798	1
3403	6	4
3403	10	4
3403	42	4
3403	71	3
3403	95	4
3403	110	5
3403	145	4
3403	180	5
3403	198	5
3403	235	2
3403	246	5
3403	318	5
3403	329	4
3403	376	4
3403	413	4
3403	434	4
3403	457	5
3403	480	5
3403	494	4
3403	527	5
3403	555	4
3403	558	3
3403	588	5
3403	595	3
3403	610	5
3403	653	3
3403	736	5
3403	741	5
3403	780	5
3403	783	3
3403	786	4
3403	858	5
3403	861	4
3403	910	5
3403	940	5
3403	998	4
3403	1025	4
3403	1079	5
3403	1136	5
3403	1193	5
3403	1206	5
3403	1213	5
3403	1215	3
3403	1226	4
3403	1228	4
3403	1258	4
3403	1261	4
3403	1278	3
3403	1288	4
3403	1292	4
3403	1356	4
3403	1372	4
3403	1387	5
3403	1394	5
3403	1465	5
3403	1566	4
3403	1573	4
3403	1580	5
3403	1610	4
3403	1616	4
3403	1722	4
3403	1912	5
3403	1920	4
3403	2058	4
3403	2080	5
3403	2081	3
3403	2132	4
3403	2189	4
3403	2278	4
3403	2302	3
3403	2329	5
3403	2353	3
3403	2490	4
3403	2600	4
3403	2617	4
3403	2716	5
3403	2761	5
3403	2804	4
3403	2826	2
3403	2846	4
3403	2883	3
3403	2916	4
3403	2997	4
3403	3006	4
3403	3020	5
3403	3068	4
3403	3107	4
3403	3169	3
3403	3178	4
3403	3213	5
3403	3214	3
3403	3256	4
3403	3304	4
3403	3359	4
3403	3362	5
3403	3418	4
3403	3424	5
3403	3438	3
3403	3471	5
3403	3499	4
3403	3615	4
3403	3745	4
3403	3754	2
3403	3792	4
3403	3793	4
3408	6	5
3408	110	5
3408	163	3
3408	318	5
3408	457	5
3408	588	2
3408	595	2
3408	858	4
3408	866	3
3408	924	4
3408	969	4
3408	1017	1
3408	1029	3
3408	1136	5
3408	1198	5
3408	1200	5
3408	1201	5
3408	1213	4
3408	1214	3
3408	1222	5
3408	1242	5
3408	1258	4
3408	1278	3
3408	1283	5
3408	1387	5
3408	1394	5
3408	1408	5
3408	1639	4
3408	1769	5
3408	2018	3
3408	2078	2
3408	2080	2
3408	2081	1
3408	2138	4
3408	2287	2
3408	2396	1
3408	2401	4
3408	2716	3
3408	2804	4
3408	2921	5
3408	2922	5
3408	2951	4
3408	3476	4
3408	3671	3
3408	3681	4
3408	3702	4
3408	3703	4
3408	3740	4
3408	3793	5
3409	6	5
3409	454	4
3409	587	5
3409	593	5
3409	610	5
3409	628	5
3409	832	5
3409	1573	4
3409	1617	5
3409	1648	5
3409	2058	4
3409	2278	3
3409	2320	4
3409	2353	3
3409	3219	4
3409	3256	4
3410	17	4
3410	34	4
3410	36	4
3410	52	3
3410	68	4
3410	70	4
3410	79	2
3410	105	4
3410	110	2
3410	111	5
3410	144	4
3410	153	2
3410	163	3
3410	198	3
3410	231	2
3410	235	4
3410	246	4
3410	247	5
3410	282	1
3410	296	5
3410	299	4
3410	300	3
3410	317	2
3410	318	3
3410	329	2
3410	342	5
3410	357	3
3410	372	1
3410	410	4
3410	441	4
3410	454	3
3410	457	3
3410	477	3
3410	480	3
3410	497	3
3410	500	1
3410	506	2
3410	514	3
3410	515	3
3410	527	3
3410	529	3
3410	538	4
3410	555	4
3410	581	3
3410	587	1
3410	588	4
3410	593	3
3410	595	4
3410	608	5
3410	610	2
3410	653	3
3410	697	1
3410	720	5
3410	728	4
3410	736	1
3410	766	5
3410	780	2
3410	783	4
3410	784	3
3410	785	1
3410	786	2
3410	838	4
3410	851	2
3410	858	4
3410	861	2
3410	866	5
3410	896	2
3410	903	4
3410	908	3
3410	910	3
3410	914	3
3410	916	3
3410	922	5
3410	924	5
3410	926	5
3410	931	3
3410	932	4
3410	948	4
3410	953	4
3410	959	3
3410	968	4
3410	969	4
3410	971	4
3410	1028	3
3410	1029	4
3410	1031	4
3410	1032	4
3410	1041	4
3410	1051	1
3410	1059	3
3410	1060	4
3410	1063	4
3410	1079	2
3410	1084	3
3410	1086	4
3410	1088	2
3410	1094	4
3410	1096	5
3410	1104	4
3410	1135	3
3410	1136	3
3410	1175	4
3410	1176	2
3410	1183	5
3410	1193	4
3410	1198	4
3410	1199	4
3410	1200	4
3410	1206	4
3410	1213	3
3410	1214	5
3410	1223	4
3410	1225	4
3410	1237	4
3410	1246	3
3410	1252	3
3410	1258	3
3410	1264	4
3410	1265	4
3410	1271	3
3410	1272	2
3410	1277	2
3410	1278	4
3410	1283	3
3410	1288	4
3410	1292	4
3410	1293	2
3410	1295	1
3410	1333	5
3410	1339	2
3410	1341	4
3410	1346	2
3410	1347	4
3410	1356	4
3410	1357	2
3410	1372	4
3410	1374	4
3410	1387	4
3410	1388	2
3410	1391	2
3410	1392	4
3410	1393	3
3410	1394	4
3410	1401	3
3410	1407	5
3410	1408	2
3410	1411	3
3410	1449	5
3410	1464	1
3410	1484	4
3410	1499	3
3410	1535	1
3410	1562	2
3410	1571	4
3410	1573	3
3410	1580	4
3410	1590	3
3410	1594	4
3410	1610	2
3410	1611	2
3410	1616	2
3410	1617	4
3410	1633	4
3410	1639	3
3410	1641	4
3410	1648	4
3410	1673	3
3410	1674	4
3410	1680	4
3410	1683	3
3410	1690	3
3410	1699	3
3410	1704	4
3410	1734	5
3410	1784	4
3410	1834	4
3410	1875	4
3410	1882	1
3410	1914	3
3410	1924	4
3410	1936	4
3410	1947	3
3410	1954	4
3410	1962	4
3410	1964	4
3410	1974	3
3410	1975	2
3410	1982	4
3410	1984	2
3410	1994	4
3410	1997	5
3410	2001	2
3410	2009	3
3410	2011	2
3410	2018	5
3410	2021	2
3410	2022	3
3410	2024	3
3410	2029	5
3410	2059	3
3410	2078	3
3410	2080	4
3410	2081	4
3410	2083	4
3410	2095	3
3410	2100	4
3410	2121	2
3410	2122	2
3410	2132	5
3410	2146	3
3410	2147	1
3410	2181	3
3410	2193	2
3410	2232	2
3410	2245	2
3410	2247	2
3410	2287	3
3410	2289	3
3410	2311	3
3410	2312	3
3410	2313	4
3410	2318	4
3410	2320	3
3410	2336	4
3410	2349	2
3410	2359	4
3410	2369	3
3410	2389	2
3410	2391	4
3410	2395	4
3410	2396	4
3410	2407	3
3410	2410	2
3410	2424	1
3410	2433	3
3410	2437	4
3410	2468	1
3410	2469	2
3410	2520	4
3410	2529	5
3410	2530	3
3410	2535	3
3410	2551	2
3410	2554	4
3410	2580	4
3410	2598	3
3410	2617	2
3410	2626	4
3410	2639	5
3410	2640	3
3410	2692	5
3410	2693	4
3410	2712	1
3410	2716	3
3410	2722	1
3410	2729	4
3410	2739	3
3410	2745	3
3410	2746	4
3410	2752	3
3410	2761	4
3410	2793	4
3410	2795	4
3410	2804	3
3410	2840	2
3410	2848	4
3410	2871	4
3410	2881	1
3410	2883	4
3410	2908	5
3410	2912	2
3410	2915	3
3410	2916	3
3410	2917	5
3410	2919	2
3410	2928	2
3410	2971	3
3410	2979	1
3410	2982	1
3410	2993	2
3410	2997	4
3410	3006	4
3410	3034	3
3410	3044	2
3410	3068	3
3410	3072	3
3410	3100	3
3410	3114	4
3410	3125	4
3410	3128	3
3410	3141	2
3410	3148	3
3410	3159	4
3410	3175	4
3410	3176	5
3410	3185	3
3410	3198	3
3410	3203	4
3410	3213	4
3410	3244	3
3410	3247	3
3410	3251	4
3410	3252	2
3410	3253	3
3410	3255	2
3410	3267	5
3410	3274	3
3410	3281	5
3410	3300	3
3410	3317	4
3410	3325	2
3410	3334	3
3410	3354	2
3410	3362	4
3410	3379	3
3410	3418	4
3410	3421	2
3410	3424	2
3410	3471	3
3410	3476	3
3410	3499	4
3410	3513	2
3410	3521	4
3410	3524	3
3410	3527	4
3410	3545	3
3410	3546	5
3410	3551	4
3410	3552	2
3410	3555	4
3410	3578	4
3410	3608	5
3410	3646	1
3410	3668	5
3410	3672	3
3410	3685	4
3410	3698	3
3410	3702	2
3410	3708	2
3410	3710	2
3410	3712	3
3410	3723	3
3410	3729	4
3410	3754	1
3410	3786	3
3410	3791	3
3410	3793	2
3410	3798	2
3410	3844	1
3410	3893	4
3410	3910	5
3410	3952	3
3417	34	4
3417	180	2
3417	608	4
3417	858	5
3417	908	5
3417	916	5
3417	922	4
3417	933	4
3417	1060	3
3417	1136	4
3417	1175	5
3417	1178	5
3417	1211	5
3417	1223	5
3417	1236	4
3417	1237	5
3417	1251	5
3417	1252	5
3417	1276	4
3417	1278	3
3417	1288	3
3417	1392	4
3417	1394	4
3417	1734	4
3417	1896	2
3417	2019	5
3417	2248	4
3417	2289	4
3417	2351	5
3417	2396	3
3417	2726	4
3417	2804	3
3417	2997	4
3417	3037	4
3417	3072	2
3417	3421	3
3417	3429	4
3417	3671	3
3420	17	4
3420	36	5
3420	144	5
3420	147	5
3420	232	4
3420	296	5
3420	317	5
3420	318	5
3420	342	4
3420	357	5
3420	587	4
3420	595	5
3420	608	4
3420	647	5
3420	662	4
3420	838	4
3420	858	5
3420	903	4
3420	1029	4
3420	1031	4
3420	1059	4
3420	1092	4
3420	1094	4
3420	1189	5
3420	1193	5
3420	1198	2
3420	1206	2
3420	1213	4
3420	1214	4
3420	1222	2
3420	1225	5
3420	1230	5
3420	1246	5
3420	1257	4
3420	1258	5
3420	1265	3
3420	1290	4
3420	1330	4
3420	1333	5
3420	1339	5
3420	1347	5
3420	1393	4
3420	1394	4
3420	1407	5
3420	1441	5
3420	1613	4
3420	1617	5
3420	1639	5
3420	1641	4
3420	1649	3
3420	1673	5
3420	1674	5
3420	1683	5
3420	1704	5
3420	1721	2
3420	1729	4
3420	1784	5
3420	1947	4
3420	1954	5
3420	1955	5
3420	1994	5
3420	1997	5
3420	2023	4
3420	2081	3
3420	2100	3
3420	2132	5
3420	2212	4
3420	2336	5
3420	2396	5
3420	2639	5
3420	2692	5
3420	2716	3
3420	2739	5
3420	2771	4
3420	2793	4
3420	2795	5
3420	2804	5
3420	2871	5
3420	2890	4
3420	2908	5
3420	2915	4
3420	2916	5
3420	3033	5
3420	3072	5
3420	3100	5
3420	3107	3
3420	3145	5
3420	3176	5
3420	3253	4
3420	3299	4
3420	3404	2
3420	3418	5
3420	3421	4
3420	3489	2
3420	3499	4
3420	3546	5
3420	3552	2
3420	3618	4
3420	3747	5
3420	3783	4
3420	3844	5
3420	3893	4
3421	593	4
3421	858	5
3421	924	5
3421	932	5
3421	969	5
3421	1230	4
3421	1721	5
3421	2316	4
3421	2971	4
3421	3421	5
3422	10	2
3422	19	1
3422	20	1
3422	34	5
3422	110	3
3422	122	2
3422	163	1
3422	198	3
3422	236	2
3422	256	1
3422	276	1
3422	296	3
3422	318	5
3422	329	2
3422	339	2
3422	379	3
3422	413	2
3422	415	1
3422	429	1
3422	432	1
3422	457	3
3422	466	1
3422	479	1
3422	480	3
3422	487	2
3422	500	3
3422	529	4
3422	532	1
3422	555	4
3422	587	2
3422	593	5
3422	608	2
3422	628	2
3422	653	1
3422	736	2
3422	780	3
3422	785	2
3422	786	1
3422	833	1
3422	837	3
3422	908	4
3422	915	4
3422	1042	4
3422	1079	5
3422	1091	2
3422	1126	1
3422	1136	4
3422	1200	4
3422	1215	4
3422	1222	4
3422	1225	4
3422	1228	2
3422	1234	5
3422	1238	5
3422	1242	4
3422	1257	4
3422	1265	4
3422	1272	4
3422	1278	5
3422	1288	5
3422	1290	3
3422	1297	4
3422	1356	2
3422	1378	3
3422	1387	5
3422	1390	1
3422	1391	2
3422	1393	2
3422	1394	5
3422	1425	2
3422	1431	1
3422	1439	1
3422	1441	3
3422	1445	1
3422	1449	2
3422	1453	1
3422	1457	1
3422	1513	2
3422	1580	2
3422	1610	5
3422	1616	2
3422	1617	5
3422	1640	2
3422	1674	4
3422	1687	2
3422	1806	3
3422	1863	1
3422	1883	2
3422	1888	1
3422	1895	3
3422	1917	1
3422	1918	2
3422	1923	3
3422	2001	3
3422	2004	1
3422	2009	3
3422	2058	2
3422	2072	1
3422	2081	3
3422	2100	4
3422	2110	3
3422	2118	3
3422	2122	1
3422	2138	4
3422	2146	3
3422	2149	1
3422	2195	2
3422	2245	2
3422	2247	2
3422	2248	5
3422	2261	4
3422	2262	3
3422	2264	1
3422	2265	1
3422	2278	3
3422	2302	3
3422	2311	3
3422	2382	1
3422	2416	3
3422	2424	2
3422	2458	3
3422	2468	1
3422	2469	2
3422	2474	2
3422	2539	2
3422	2567	3
3422	2581	3
3422	2598	3
3422	2617	3
3422	2629	3
3422	2716	4
3422	2733	1
3422	2735	1
3422	2745	3
3422	2746	3
3422	2761	4
3422	2770	2
3422	2794	1
3422	2795	3
3422	2796	1
3422	2798	1
3422	2804	5
3422	2819	4
3422	2870	3
3422	2915	4
3422	2916	3
3422	3033	2
3422	3039	4
3422	3040	4
3422	3043	1
3422	3072	2
3422	3102	4
3422	3104	4
3422	3107	3
3422	3203	3
3422	3253	2
3422	3255	2
3422	3256	2
3422	3263	2
3422	3334	4
3422	3359	5
3422	3388	3
3422	3421	5
3422	3450	3
3422	3477	2
3422	3478	2
3422	3500	1
3422	3506	3
3422	3524	3
3422	3552	4
3422	3608	3
3422	3638	2
3422	3669	1
3422	3671	4
3422	3676	1
3422	3685	2
3422	3710	1
3422	3715	1
3422	3716	1
3422	3793	4
3422	3834	2
3422	3836	4
3422	3841	1
3422	3869	1
3427	111	5
3427	161	5
3427	457	5
3427	593	5
3427	608	4
3427	628	4
3427	924	4
3427	1200	4
3427	1562	2
3427	1617	4
3427	1674	4
3427	1953	3
3427	2058	3
3427	2278	3
3427	2313	2
3427	2391	3
3427	2764	4
3427	2871	4
3427	2916	3
3427	3501	2
3429	500	3
3429	858	4
3429	1041	4
3429	1183	5
3429	1230	4
3429	1407	4
3429	1704	3
3429	1840	3
3429	1912	3
3429	2540	3
3429	2580	4
3429	2908	5
3429	2997	5
3429	3006	4
3429	3798	2
3431	17	4
3431	222	4
3431	457	4
3431	480	4
3431	914	4
3431	915	4
3431	1183	5
3431	1198	4
3431	1201	3
3431	1214	1
3431	1220	2
3431	1230	4
3431	1265	3
3431	1374	4
3431	1387	3
3431	1393	4
3431	1408	4
3431	1610	4
3431	1674	5
3431	1721	5
3431	1954	2
3431	2023	2
3431	2080	5
3431	2193	3
3431	2396	4
3431	2533	4
3431	2916	3
3431	3418	2
3431	3475	4
3431	3668	5
3433	34	4
3433	95	1
3433	153	1
3433	170	2
3433	318	5
3433	527	5
3433	593	4
3433	608	4
3433	784	2
3433	924	4
3433	1091	2
3433	1198	5
3433	1283	5
3433	1333	4
3433	1387	5
3433	1407	3
3433	1562	1
3433	1590	1
3433	1639	3
3433	1739	1
3433	1923	3
3433	1974	1
3433	1975	1
3433	1979	1
3433	2011	3
3433	2012	4
3433	2072	4
3433	2093	2
3433	2097	3
3433	2408	3
3433	2580	3
3433	2761	3
3433	2804	5
3433	2979	1
3433	2997	2
3434	36	4
3434	42	5
3434	44	3
3434	70	5
3434	89	4
3434	95	1
3434	110	5
3434	145	2
3434	153	3
3434	163	5
3434	180	3
3434	198	4
3434	235	4
3434	296	5
3434	318	5
3434	329	4
3434	434	2
3434	441	5
3434	457	4
3434	466	4
3434	479	3
3434	480	3
3434	493	4
3434	527	4
3434	555	4
3434	608	5
3434	653	4
3434	720	4
3434	736	3
3434	780	1
3434	785	5
3434	788	2
3434	810	1
3434	861	4
3434	940	3
3434	1126	2
3434	1193	4
3434	1213	5
3434	1215	5
3434	1265	4
3434	1287	3
3434	1356	4
3434	1372	3
3434	1408	4
3434	1485	3
3434	1513	2
3434	1525	2
3434	1573	1
3434	1580	3
3434	1606	5
3434	1641	4
3434	1687	5
3434	1690	4
3434	1702	2
3434	1883	5
3434	1917	3
3434	1918	2
3434	1923	4
3434	1967	5
3434	2021	5
3434	2023	4
3434	2105	4
3434	2143	3
3434	2161	4
3434	2278	4
3434	2302	2
3434	2322	3
3434	2490	4
3434	2501	4
3434	2539	3
3434	2770	5
3434	2826	3
3434	2916	4
3434	2986	3
3434	2997	5
3434	3006	3
3434	3175	3
3434	3438	2
3434	3450	4
3434	3489	4
3434	3697	3
3434	3869	4
3436	24	3
3436	34	3
3436	110	5
3436	151	3
3436	161	4
3436	372	4
3436	427	4
3436	466	1
3436	527	5
3436	590	5
3436	593	4
3436	608	5
3436	780	5
3436	785	4
3436	924	5
3436	940	4
3436	968	5
3436	969	5
3436	1091	3
3436	1136	5
3436	1183	4
3436	1198	5
3436	1200	5
3436	1201	5
3436	1204	5
3436	1206	4
3436	1214	5
3436	1222	5
3436	1283	3
3436	1287	4
3436	1391	2
3436	1394	5
3436	1408	3
3436	1445	2
3436	1617	5
3436	1721	2
3436	1920	4
3436	1931	4
3436	1954	5
3436	2010	3
3436	2016	1
3436	2055	1
3436	2202	4
3436	2232	4
3436	2322	4
3436	2369	3
3436	2395	4
3436	2396	3
3436	2399	3
3436	2401	5
3436	2434	5
3436	2456	3
3436	2471	3
3436	2474	3
3436	2490	4
3436	2529	5
3436	2551	4
3436	2560	2
3436	2568	1
3436	2574	3
3436	2580	3
3436	2581	3
3436	2598	4
3436	2606	2
3436	2672	3
3436	2693	4
3436	2701	3
3436	2716	5
3436	2719	2
3436	2763	4
3436	2817	1
3436	2826	5
3436	2881	4
3436	2890	4
3436	2921	5
3436	2922	4
3436	2951	4
3436	2997	5
3436	3005	4
3436	3037	3
3436	3053	4
3436	3093	1
3436	3104	5
3436	3148	4
3436	3175	4
3436	3203	4
3436	3300	5
3436	3354	4
3436	3365	4
3436	3452	2
3436	3471	4
3436	3508	5
3436	3578	5
3436	3671	3
3436	3681	4
3436	3703	5
3436	3745	4
3436	3746	5
3436	3753	5
3436	3793	4
3436	3864	4
3436	3873	4
3436	3898	2
3436	3926	5
3436	3927	4
3436	3928	3
3436	3932	5
3440	318	5
3440	593	5
3440	608	4
3440	784	2
3440	1094	4
3440	1213	5
3440	1466	4
3440	1580	4
3440	1617	5
3440	1784	4
3440	3418	3
3440	3524	3
3440	3753	5
3440	3793	4
3440	3798	4
3451	34	5
3451	357	4
3451	372	4
3451	441	3
3451	457	4
3451	574	4
3451	593	5
3451	608	4
3451	1414	5
3451	1425	3
3451	1449	5
3451	1485	4
3451	1641	4
3451	1784	4
3451	1794	2
3451	1914	4
3451	1923	5
3451	2282	5
3451	2313	5
3451	2318	4
3451	2391	3
3451	2395	4
3451	2396	3
3451	2997	5
3451	3039	5
3451	3253	5
3451	3317	4
3452	110	5
3452	145	5
3452	161	4
3452	293	4
3452	318	5
3452	480	5
3452	527	5
3452	593	5
3452	608	4
3452	780	5
3452	903	5
3452	908	5
3452	924	4
3452	969	5
3452	1094	4
3452	1183	5
3452	1200	4
3452	1201	5
3452	1213	5
3452	1222	5
3452	1225	5
3452	1258	5
3452	1265	5
3452	1278	4
3452	1333	5
3452	1387	5
3452	1393	4
3452	1617	5
3452	1639	4
3452	1673	5
3452	1760	1
3452	1947	5
3452	2302	4
3452	2395	4
3452	2396	5
3452	2716	5
3452	2804	5
3452	2997	4
3452	3148	5
3452	3185	3
3452	3238	1
3452	3618	4
3452	3753	4
3452	3793	4
3452	3798	5
3452	3864	3
3452	3952	4
3461	110	5
3461	111	5
3461	457	5
3461	555	5
3461	858	5
3461	969	5
3461	1136	5
3461	1198	5
3461	1201	5
3461	1214	5
3461	1222	5
3461	1242	4
3461	1610	5
3461	1953	5
3461	2916	5
3461	3274	4
3461	3702	4
3461	3703	4
3463	608	5
3463	1028	3
3463	1078	4
3463	1198	5
3463	1222	5
3463	1228	5
3463	1230	3
3463	1242	4
3463	1288	5
3463	1387	5
3463	1617	5
3463	2248	5
3463	2262	2
3463	2302	3
3463	2529	2
3463	2745	3
3463	2746	2
3463	2804	5
3463	3424	4
3463	3812	4
3474	17	5
3474	28	5
3474	110	3
3474	111	5
3474	318	5
3474	497	5
3474	505	4
3474	515	5
3474	527	5
3474	593	5
3474	608	4
3474	707	4
3474	824	4
3474	838	5
3474	858	5
3474	903	5
3474	905	5
3474	908	5
3474	915	4
3474	922	5
3474	924	4
3474	926	5
3474	942	5
3474	945	5
3474	969	5
3474	1084	4
3474	1094	4
3474	1104	5
3474	1193	4
3474	1199	4
3474	1206	5
3474	1214	5
3474	1217	5
3474	1223	5
3474	1225	3
3474	1228	5
3474	1230	5
3474	1234	3
3474	1238	4
3474	1252	5
3474	1265	5
3474	1278	4
3474	1357	4
3474	1393	4
3474	1394	5
3474	1484	5
3474	1513	4
3474	1580	3
3474	1594	4
3474	1617	5
3474	1674	4
3474	1683	2
3474	1892	4
3474	1947	5
3474	2010	5
3474	2318	4
3474	2336	5
3474	2369	3
3474	2395	5
3474	2396	5
3474	2433	3
3474	2598	4
3474	2600	4
3474	2629	4
3474	2690	4
3474	2701	2
3474	2712	3
3474	2716	4
3474	2731	4
3474	2761	5
3474	2763	3
3474	2770	4
3474	2935	5
3474	2937	5
3474	2997	5
3474	3006	5
3474	3019	5
3474	3090	4
3474	3114	5
3474	3115	4
3474	3157	3
3474	3159	5
3474	3176	3
3474	3217	5
3474	3334	5
3474	3424	4
3474	3429	4
3474	3545	4
3474	3671	4
3474	3793	4
3474	3872	5
3476	10	5
3476	34	1
3476	36	1
3476	70	1
3476	76	1
3476	99	1
3476	110	5
3476	116	1
3476	151	5
3476	161	5
3476	222	5
3476	231	3
3476	246	1
3476	318	1
3476	330	1
3476	351	5
3476	410	1
3476	457	5
3476	480	2
3476	500	3
3476	514	1
3476	532	1
3476	549	1
3476	565	1
3476	587	4
3476	590	3
3476	593	1
3476	595	2
3476	606	1
3476	610	1
3476	653	5
3476	735	1
3476	759	1
3476	760	4
3476	799	1
3476	841	1
3476	858	2
3476	891	1
3476	903	5
3476	905	4
3476	908	5
3476	910	3
3476	911	5
3476	914	5
3476	915	3
3476	918	4
3476	922	4
3476	926	5
3476	932	4
3476	934	3
3476	940	4
3476	943	3
3476	953	4
3476	960	1
3476	968	1
3476	969	3
3476	971	5
3476	1008	5
3476	1019	3
3476	1024	4
3476	1028	5
3476	1032	2
3476	1042	5
3476	1079	5
3476	1084	2
3476	1088	3
3476	1096	5
3476	1104	5
3476	1135	5
3476	1136	3
3476	1161	5
3476	1183	5
3476	1193	3
3476	1198	5
3476	1200	1
3476	1201	5
3476	1204	4
3476	1206	1
3476	1214	1
3476	1215	1
3476	1220	3
3476	1222	5
3476	1225	5
3476	1228	1
3476	1230	5
3476	1234	5
3476	1241	1
3476	1242	5
3476	1246	4
3476	1252	5
3476	1258	1
3476	1261	1
3476	1271	5
3476	1272	5
3476	1275	1
3476	1278	1
3476	1283	5
3476	1286	4
3476	1287	5
3476	1288	2
3476	1310	1
3476	1322	1
3476	1324	1
3476	1328	1
3476	1329	1
3476	1330	1
3476	1333	1
3476	1335	1
3476	1339	1
3476	1346	1
3476	1347	1
3476	1349	1
3476	1355	1
3476	1363	5
3476	1367	1
3476	1387	1
3476	1388	1
3476	1393	1
3476	1407	1
3476	1408	5
3476	1460	2
3476	1480	5
3476	1580	1
3476	1610	5
3476	1674	5
3476	1690	1
3476	1721	5
3476	1743	1
3476	1762	1
3476	1772	1
3476	1784	5
3476	1835	3
3476	1840	1
3476	1862	1
3476	1924	1
3476	1927	5
3476	1935	4
3476	1949	5
3476	1953	2
3476	1954	2
3476	1957	1
3476	1962	5
3476	1964	5
3476	1972	1
3476	1973	1
3476	1982	1
3476	1984	1
3476	1986	1
3476	1992	1
3476	1994	1
3476	1995	1
3476	1997	1
3476	1998	1
3476	2004	1
3476	2009	1
3476	2015	2
3476	2018	1
3476	2021	1
3476	2022	5
3476	2032	2
3476	2046	2
3476	2057	3
3476	2080	3
3476	2097	1
3476	2100	3
3476	2102	1
3476	2107	1
3476	2111	3
3476	2120	1
3476	2121	1
3476	2122	1
3476	2125	5
3476	2147	5
3476	2158	1
3476	2159	1
3476	2181	5
3476	2183	5
3476	2193	4
3476	2211	5
3476	2212	5
3476	2278	5
3476	2287	1
3476	2312	3
3476	2313	1
3476	2315	1
3476	2341	5
3476	2346	1
3476	2362	1
3476	2365	1
3476	2368	1
3476	2377	1
3476	2380	1
3476	2382	1
3476	2385	5
3476	2389	1
3476	2401	5
3476	2405	5
3476	2411	1
3476	2430	1
3476	2456	1
3476	2458	1
3476	2459	1
3476	2462	1
3476	2483	1
3476	2529	5
3476	2548	1
3476	2554	1
3476	2560	1
3476	2617	1
3476	2635	1
3476	2640	3
3476	2646	1
3476	2647	1
3476	2649	1
3476	2650	1
3476	2651	1
3476	2652	1
3476	2664	1
3476	2670	4
3476	2712	3
3476	2716	3
3476	2719	1
3476	2734	4
3476	2739	4
3476	2745	5
3476	2746	1
3476	2747	1
3476	2781	1
3476	2793	1
3476	2794	3
3476	2804	4
3476	2853	1
3476	2866	4
3476	2868	1
3476	2871	1
3476	2896	5
3476	2903	1
3476	2921	5
3476	2922	5
3476	2950	5
3476	2951	5
3476	2981	1
3476	2982	1
3476	2990	5
3476	2992	1
3476	2993	5
3476	2995	1
3476	3013	1
3476	3017	1
3476	3021	1
3476	3033	3
3476	3036	5
3476	3039	3
3476	3058	1
3476	3061	1
3476	3062	5
3476	3072	3
3476	3090	5
3476	3100	5
3476	3107	5
3476	3125	5
3476	3135	5
3476	3157	3
3476	3159	1
3476	3217	3
3476	3247	5
3476	3251	5
3476	3255	1
3476	3263	1
3476	3330	5
3476	3334	5
3476	3339	5
3476	3340	1
3476	3359	5
3476	3365	5
3476	3379	2
3476	3401	2
3476	3418	1
3476	3447	3
3476	3450	5
3476	3461	5
3476	3471	1
3476	3479	5
3476	3487	5
3476	3488	1
3476	3499	1
3476	3501	5
3476	3505	5
3476	3508	5
3476	3524	3
3476	3527	1
3476	3545	5
3476	3546	1
3476	3555	5
3476	3587	1
3476	3608	1
3476	3633	5
3476	3635	5
3476	3643	3
3476	3649	5
3476	3654	4
3476	3661	1
3476	3663	1
3476	3664	1
3476	3671	3
3476	3675	1
3476	3681	5
3476	3685	5
3476	3695	1
3476	3702	1
3476	3703	1
3476	3708	1
3476	3709	1
3476	3732	1
3476	3777	1
3476	3791	3
3476	3793	1
3476	3806	4
3476	3836	5
3476	3838	1
3476	3840	1
3476	3844	5
3476	3873	4
3494	593	5
3494	2023	3
3494	2433	4
3494	2716	5
3494	2734	4
3494	2772	1
3494	2826	4
3494	2997	5
3494	3005	4
3494	3053	4
3494	3176	4
3494	3578	5
3494	3754	1
3499	6	3
3499	10	5
3499	42	4
3499	44	2
3499	70	4
3499	95	4
3499	110	5
3499	145	3
3499	153	1
3499	157	4
3499	161	4
3499	163	4
3499	198	4
3499	215	1
3499	246	5
3499	293	4
3499	296	5
3499	329	5
3499	357	3
3499	379	3
3499	427	1
3499	432	2
3499	457	4
3499	466	2
3499	479	3
3499	480	4
3499	497	4
3499	527	5
3499	533	2
3499	555	4
3499	588	3
3499	595	3
3499	608	5
3499	610	3
3499	653	3
3499	707	3
3499	720	5
3499	741	5
3499	780	5
3499	786	3
3499	849	3
3499	866	4
3499	999	4
3499	1091	2
3499	1135	2
3499	1147	5
3499	1198	5
3499	1200	4
3499	1213	5
3499	1215	4
3499	1220	5
3499	1222	5
3499	1225	5
3499	1228	5
3499	1242	5
3499	1246	3
3499	1258	4
3499	1261	4
3499	1265	5
3499	1275	4
3499	1288	5
3499	1297	3
3499	1352	4
3499	1356	5
3499	1372	4
3499	1373	3
3499	1374	5
3499	1378	2
3499	1379	1
3499	1382	3
3499	1391	4
3499	1394	5
3499	1396	5
3499	1431	1
3499	1464	1
3499	1472	4
3499	1487	1
3499	1562	1
3499	1566	4
3499	1573	4
3499	1580	4
3499	1590	5
3499	1610	4
3499	1617	5
3499	1649	4
3499	1689	4
3499	1690	4
3499	1721	4
3499	1722	4
3499	1729	5
3499	1785	5
3499	1792	4
3499	1827	5
3499	1918	2
3499	1920	3
3499	1967	3
3499	1994	3
3499	2001	4
3499	2011	3
3499	2012	3
3499	2021	5
3499	2023	4
3499	2041	1
3499	2046	3
3499	2050	1
3499	2081	3
3499	2083	4
3499	2100	3
3499	2105	3
3499	2110	2
3499	2111	2
3499	2121	3
3499	2143	2
3499	2161	4
3499	2193	2
3499	2232	5
3499	2247	1
3499	2248	5
3499	2278	5
3499	2311	4
3499	2322	2
3499	2353	4
3499	2373	1
3499	2380	1
3499	2382	1
3499	2401	5
3499	2405	2
3499	2410	3
3499	2411	4
3499	2416	4
3499	2424	3
3499	2457	3
3499	2468	2
3499	2469	2
3499	2471	2
3499	2551	4
3499	2568	1
3499	2617	3
3499	2642	2
3499	2692	5
3499	2693	5
3499	2701	1
3499	2716	4
3499	2735	2
3499	2746	3
3499	2761	5
3499	2794	4
3499	2795	5
3499	2796	2
3499	2804	1
3499	2815	1
3499	2816	1
3499	2890	5
3499	2912	4
3499	2915	2
3499	2916	4
3499	2986	2
3499	2990	4
3499	3019	5
3499	3020	4
3499	3033	2
3499	3039	5
3499	3044	3
3499	3072	3
3499	3104	3
3499	3114	4
3499	3142	4
3499	3159	5
3499	3175	4
3499	3213	4
3499	3247	3
3499	3256	4
3499	3267	5
3499	3272	5
3499	3274	3
3499	3385	1
3499	3398	4
3499	3424	5
3499	3438	2
3499	3444	3
3499	3476	5
3499	3521	5
3499	3527	4
3499	3552	5
3499	3578	5
3499	3608	4
3499	3679	5
3499	3680	4
3499	3697	4
3499	3698	4
3499	3703	3
3499	3704	3
3499	3708	1
3499	3740	5
3499	3758	4
3499	3766	2
3499	3841	2
3499	3877	1
3502	147	4
3502	296	5
3502	318	5
3502	527	5
3502	608	5
3502	1193	5
3502	1206	5
3502	1213	4
3502	1258	5
3502	1617	5
3502	1641	4
3502	1704	4
3502	1914	4
3502	1923	3
3502	2329	5
3502	2395	4
3502	2997	4
3502	3114	4
3506	6	5
3506	110	4
3506	111	5
3506	293	4
3506	296	5
3506	318	5
3506	457	3
3506	514	4
3506	527	5
3506	529	4
3506	608	5
3506	940	4
3506	969	4
3506	1079	5
3506	1136	5
3506	1193	5
3506	1198	3
3506	1213	5
3506	1214	5
3506	1222	5
3506	1230	4
3506	1265	5
3506	1276	5
3506	1278	5
3506	1639	5
3506	1721	3
3506	1912	4
3506	2282	5
3506	2567	3
3506	2788	5
3506	2804	5
3506	2997	5
3506	3146	3
3506	3176	4
3506	3702	5
3506	3793	4
3508	110	4
3508	1200	5
3508	1206	5
3508	1214	5
3508	1499	1
3508	1573	4
3508	1580	3
3508	1975	3
3508	2365	4
3508	2712	5
3508	2916	5
3508	3300	5
3508	3527	5
3508	3793	3
3508	3864	5
3511	8	3
3511	10	4
3511	296	4
3511	303	4
3511	317	4
3511	434	4
3511	480	4
3511	558	3
3511	590	3
3511	849	4
3511	866	5
3511	924	5
3511	953	4
3511	969	4
3511	1015	4
3511	1084	4
3511	1136	5
3511	1198	5
3511	1199	5
3511	1201	5
3511	1220	4
3511	1225	4
3511	1230	4
3511	1238	4
3511	1278	5
3511	1292	5
3511	1293	4
3511	1374	3
3511	1378	4
3511	1387	3
3511	1480	4
3511	1580	4
3511	1610	5
3511	1704	5
3511	1722	3
3511	1783	4
3511	1920	2
3511	1953	4
3511	1957	4
3511	1967	4
3511	2001	3
3511	2009	4
3511	2011	3
3511	2021	1
3511	2100	4
3511	2105	3
3511	2143	4
3511	2153	3
3511	2161	5
3511	2193	5
3511	2311	4
3511	2401	4
3511	2405	4
3511	2407	3
3511	2529	2
3511	2530	2
3511	2531	2
3511	2532	2
3511	2533	2
3511	2617	5
3511	2716	4
3511	2763	4
3511	2819	4
3511	2916	4
3511	2917	5
3511	2921	4
3511	2951	5
3511	2993	3
3511	3033	2
3511	3072	4
3511	3175	4
3511	3256	4
3511	3334	5
3511	3438	2
3511	3471	4
3511	3508	4
3511	3527	4
3511	3633	3
3511	3638	5
3511	3671	4
3511	3681	4
3511	3702	4
3511	3703	3
3511	3704	3
3511	3733	4
3511	3754	4
3511	3784	5
3511	3791	4
3511	3793	5
3511	3804	2
3511	3834	3
3511	3873	5
3511	3877	3
3515	17	5
3515	34	5
3515	36	5
3515	318	3
3515	457	4
3515	529	5
3515	593	5
3515	608	5
3515	858	5
3515	903	4
3515	905	4
3515	908	5
3515	910	3
3515	911	5
3515	934	4
3515	940	5
3515	947	4
3515	1015	4
3515	1136	4
3515	1193	4
3515	1204	2
3515	1213	2
3515	1214	3
3515	1276	5
3515	1340	4
3515	1387	4
3515	1617	3
3515	1947	5
3515	1950	3
3515	1957	5
3515	2018	4
3515	2203	4
3515	2287	3
3515	2289	3
3515	2664	5
3515	2692	4
3515	2747	2
3515	2819	5
3515	2997	3
3515	3006	5
3515	3175	3
3515	3196	5
3515	3359	2
3515	3499	2
3515	3655	3
3515	3671	4
3515	3811	3
3515	3873	4
3520	34	4
3520	52	4
3520	110	5
3520	111	4
3520	144	3
3520	231	4
3520	235	4
3520	247	4
3520	296	4
3520	342	4
3520	357	4
3520	434	1
3520	441	4
3520	457	4
3520	467	3
3520	497	4
3520	500	4
3520	529	3
3520	574	4
3520	588	3
3520	593	5
3520	608	4
3520	858	5
3520	909	4
3520	1042	3
3520	1060	5
3520	1079	5
3520	1136	5
3520	1171	4
3520	1190	3
3520	1193	4
3520	1198	5
3520	1200	4
3520	1206	4
3520	1214	4
3520	1215	4
3520	1220	4
3520	1222	4
3520	1225	5
3520	1228	4
3520	1246	5
3520	1251	4
3520	1252	4
3520	1257	4
3520	1258	5
3520	1265	4
3520	1278	5
3520	1288	5
3520	1290	4
3520	1292	4
3520	1295	4
3520	1333	4
3520	1346	3
3520	1387	5
3520	1388	2
3520	1392	4
3520	1394	5
3520	1449	4
3520	1466	4
3520	1501	3
3520	1516	4
3520	1674	4
3520	1734	4
3520	1784	4
3520	1845	4
3520	1916	4
3520	1923	4
3520	1957	4
3520	1982	4
3520	1997	4
3520	2011	3
3520	2012	2
3520	2083	4
3520	2132	4
3520	2238	5
3520	2241	3
3520	2248	5
3520	2282	4
3520	2289	3
3520	2318	3
3520	2346	3
3520	2351	4
3520	2395	4
3520	2716	4
3520	2729	3
3520	2749	3
3520	2788	4
3520	2804	5
3520	2877	3
3520	2883	4
3520	2917	4
3520	2928	3
3520	3039	4
3520	3159	4
3520	3175	5
3520	3185	3
3520	3240	3
3520	3253	4
3520	3300	3
3520	3317	3
3520	3326	1
3520	3359	4
3520	3365	4
3520	3398	4
3520	3409	3
3520	3421	4
3520	3424	4
3520	3429	4
3520	3452	3
3520	3471	5
3520	3510	4
3520	3521	4
3520	3527	3
3520	3578	4
3520	3596	1
3520	3616	3
3520	3618	3
3520	3646	3
3520	3671	5
3520	3679	4
3520	3680	4
3520	3753	3
3520	3786	2
3520	3790	2
3520	3791	4
3520	3793	3
3520	3821	3
3520	3830	2
3520	3867	2
3520	3882	3
3520	3893	4
3520	3900	2
3520	3952	3
3522	6	3
3522	70	4
3522	110	5
3522	303	4
3522	318	4
3522	593	5
3522	653	4
3522	736	4
3522	780	5
3522	1198	4
3522	1275	5
3522	1373	3
3522	1387	3
3522	1407	5
3522	1573	5
3522	1580	5
3522	1641	3
3522	1918	5
3522	1923	3
3522	1997	5
3522	2353	5
3522	2548	4
3522	2617	5
3522	2804	2
3522	3107	5
3522	3175	3
3526	6	3
3526	10	5
3526	20	1
3526	22	5
3526	27	1
3526	31	3
3526	34	5
3526	44	3
3526	52	4
3526	61	2
3526	70	5
3526	71	3
3526	89	1
3526	95	1
3526	105	2
3526	110	4
3526	111	3
3526	140	2
3526	144	1
3526	145	4
3526	151	2
3526	153	3
3526	157	1
3526	158	3
3526	161	2
3526	163	5
3526	170	3
3526	173	3
3526	180	2
3526	181	1
3526	198	1
3526	203	2
3526	205	2
3526	231	3
3526	235	4
3526	236	2
3526	277	2
3526	282	1
3526	293	5
3526	296	5
3526	300	2
3526	303	3
3526	317	3
3526	318	5
3526	329	1
3526	330	3
3526	333	3
3526	339	3
3526	340	1
3526	355	4
3526	357	3
3526	360	3
3526	371	3
3526	372	1
3526	378	2
3526	379	3
3526	381	1
3526	410	4
3526	413	2
3526	415	2
3526	422	3
3526	432	1
3526	434	3
3526	441	2
3526	448	1
3526	454	2
3526	457	5
3526	459	1
3526	466	2
3526	477	2
3526	479	1
3526	480	2
3526	487	3
3526	493	2
3526	511	1
3526	514	3
3526	515	1
3526	518	1
3526	527	2
3526	532	5
3526	533	4
3526	536	1
3526	537	4
3526	555	5
3526	558	2
3526	580	5
3526	587	1
3526	588	5
3526	590	1
3526	593	3
3526	595	4
3526	608	5
3526	628	5
3526	631	2
3526	647	3
3526	653	4
3526	656	1
3526	662	2
3526	697	2
3526	707	4
3526	736	1
3526	780	1
3526	782	1
3526	783	3
3526	784	2
3526	785	2
3526	786	1
3526	788	2
3526	798	1
3526	799	4
3526	805	3
3526	832	3
3526	836	1
3526	849	4
3526	861	4
3526	866	5
3526	870	4
3526	880	1
3526	886	4
3526	891	1
3526	901	2
3526	903	4
3526	907	3
3526	908	5
3526	910	2
3526	914	4
3526	918	3
3526	924	2
3526	933	4
3526	945	3
3526	969	5
3526	992	3
3526	999	4
3526	1000	3
3526	1003	4
3526	1024	3
3526	1028	4
3526	1029	4
3526	1030	2
3526	1031	3
3526	1032	3
3526	1042	5
3526	1054	1
3526	1057	1
3526	1064	3
3526	1078	4
3526	1079	5
3526	1083	4
3526	1084	3
3526	1088	1
3526	1094	5
3526	1126	1
3526	1135	4
3526	1171	2
3526	1183	1
3526	1200	5
3526	1201	5
3526	1204	5
3526	1213	3
3526	1215	4
3526	1220	5
3526	1223	3
3526	1234	5
3526	1238	4
3526	1257	4
3526	1271	2
3526	1277	2
3526	1288	5
3526	1297	3
3526	1330	2
3526	1355	5
3526	1356	2
3526	1363	3
3526	1372	4
3526	1378	3
3526	1379	2
3526	1391	4
3526	1393	2
3526	1394	3
3526	1396	2
3526	1407	4
3526	1414	4
3526	1425	4
3526	1431	3
3526	1445	1
3526	1457	2
3526	1466	1
3526	1472	4
3526	1485	4
3526	1487	2
3526	1488	2
3526	1489	3
3526	1498	2
3526	1499	2
3526	1562	3
3526	1566	3
3526	1569	4
3526	1573	3
3526	1580	5
3526	1599	1
3526	1610	4
3526	1615	3
3526	1616	2
3526	1617	5
3526	1624	1
3526	1639	5
3526	1641	5
3526	1647	4
3526	1661	3
3526	1665	2
3526	1673	3
3526	1674	5
3526	1687	3
3526	1688	3
3526	1690	5
3526	1704	5
3526	1721	1
3526	1722	5
3526	1727	1
3526	1729	4
3526	1747	2
3526	1753	2
3526	1760	2
3526	1769	4
3526	1772	2
3526	1779	2
3526	1783	4
3526	1784	2
3526	1791	4
3526	1792	3
3526	1806	2
3526	1833	2
3526	1834	5
3526	1845	5
3526	1856	1
3526	1882	4
3526	1883	4
3526	1895	2
3526	1912	2
3526	1917	3
3526	1918	4
3526	1920	3
3526	1923	5
3526	1947	5
3526	1953	4
3526	1994	5
3526	1995	2
3526	2001	5
3526	2004	4
3526	2009	2
3526	2011	4
3526	2012	4
3526	2027	3
3526	2041	1
3526	2046	2
3526	2050	1
3526	2058	2
3526	2059	4
3526	2060	2
3526	2072	1
3526	2078	4
3526	2080	4
3526	2081	5
3526	2083	3
3526	2100	5
3526	2102	2
3526	2107	3
3526	2110	4
3526	2111	3
3526	2112	5
3526	2118	3
3526	2120	3
3526	2121	3
3526	2122	1
3526	2125	3
3526	2130	3
3526	2149	2
3526	2151	2
3526	2153	2
3526	2188	1
3526	2208	4
3526	2211	4
3526	2232	1
3526	2241	2
3526	2245	5
3526	2247	3
3526	2248	5
3526	2249	3
3526	2252	1
3526	2261	3
3526	2262	1
3526	2272	1
3526	2278	4
3526	2289	3
3526	2307	3
3526	2316	3
3526	2346	4
3526	2353	2
3526	2369	5
3526	2374	3
3526	2380	1
3526	2382	1
3526	2395	2
3526	2401	5
3526	2407	5
3526	2408	2
3526	2429	2
3526	2446	1
3526	2457	5
3526	2458	1
3526	2468	1
3526	2469	2
3526	2471	4
3526	2490	4
3526	2501	1
3526	2539	5
3526	2540	3
3526	2549	1
3526	2560	3
3526	2567	4
3526	2581	4
3526	2600	3
3526	2617	3
3526	2659	2
3526	2701	1
3526	2709	3
3526	2712	1
3526	2716	5
3526	2719	2
3526	2722	4
3526	2733	3
3526	2735	3
3526	2746	3
3526	2752	2
3526	2763	3
3526	2770	4
3526	2794	3
3526	2795	3
3526	2804	3
3526	2829	3
3526	2860	2
3526	2877	1
3526	2881	3
3526	2890	3
3526	2915	5
3526	2916	2
3526	2917	3
3526	2921	5
3526	2922	3
3526	2951	4
3526	2971	3
3526	2977	4
3526	2982	1
3526	2986	2
3526	2997	4
3526	3005	4
3526	3015	2
3526	3020	4
3526	3033	2
3526	3037	5
3526	3039	5
3526	3044	5
3526	3061	3
3526	3063	3
3526	3072	3
3526	3102	4
3526	3104	5
3526	3107	2
3526	3114	5
3526	3141	4
3526	3142	1
3526	3175	4
3526	3178	2
3526	3203	3
3526	3219	1
3526	3247	3
3526	3252	3
3526	3255	3
3526	3256	5
3526	3263	1
3526	3267	3
3526	3269	1
3526	3272	4
3526	3274	3
3526	3300	3
3526	3304	2
3526	3308	4
3526	3326	2
3526	3354	2
3526	3362	4
3526	3385	2
3526	3388	2
3526	3391	1
3526	3398	3
3526	3409	4
3526	3418	2
3526	3420	3
3526	3425	2
3526	3438	1
3526	3445	3
3526	3450	3
3526	3466	3
3526	3476	1
3526	3500	2
3526	3501	3
3526	3508	4
3526	3524	5
3526	3527	3
3526	3544	4
3526	3545	2
3526	3546	2
3526	3551	4
3526	3552	3
3526	3555	2
3526	3578	2
3526	3598	1
3526	3602	3
3526	3608	3
3526	3615	2
3526	3618	4
3526	3646	2
3526	3654	4
3526	3661	1
3526	3663	1
3526	3664	1
3526	3669	2
3526	3671	4
3526	3675	3
3526	3681	4
3526	3685	1
3526	3693	1
3526	3695	1
3526	3697	4
3526	3708	3
3526	3712	1
3526	3715	1
3526	3719	1
3526	3729	2
3526	3740	4
3526	3744	4
3526	3753	4
3526	3754	2
3526	3758	1
3526	3766	1
3526	3768	1
3526	3791	2
3526	3793	5
3526	3797	2
3526	3798	2
3526	3804	2
3526	3807	2
3526	3812	4
3526	3820	1
3526	3821	2
3526	3824	2
3526	3834	3
3526	3836	5
3526	3838	1
3526	3840	1
3526	3841	2
3526	3844	2
3526	3850	1
3526	3857	3
3526	3869	4
3526	3873	4
3526	3877	3
3526	3884	3
3532	36	5
3532	105	3
3532	151	4
3532	296	5
3532	300	5
3532	339	3
3532	357	4
3532	454	4
3532	457	4
3532	500	4
3532	527	5
3532	590	5
3532	593	5
3532	595	4
3532	608	2
3532	647	2
3532	780	4
3532	784	1
3532	788	4
3532	1006	4
3532	1092	4
3532	1094	3
3532	1183	5
3532	1198	5
3532	1213	4
3532	1357	5
3532	1393	5
3532	1485	4
3532	1610	4
3532	1617	5
3532	1641	4
3532	1680	4
3532	1721	5
3532	1747	5
3532	1784	5
3532	1834	5
3532	1835	2
3532	1892	3
3532	1923	4
3532	2071	4
3532	2272	3
3532	2302	4
3532	2320	3
3532	2396	5
3532	2433	4
3532	2712	1
3532	3020	1
3532	3244	4
3532	3247	4
3532	3252	5
3532	3418	5
3532	3450	3
3532	3499	5
3532	3783	4
3534	110	4
3534	457	4
3534	480	4
3534	555	4
3534	593	5
3534	858	4
3534	969	5
3534	1193	5
3534	1198	5
3534	1200	4
3534	1201	4
3534	1214	3
3534	1226	5
3534	1242	5
3534	1374	4
3534	1610	4
3534	1912	4
3534	1954	4
3534	2396	4
3534	2529	3
3534	2912	5
3534	2916	3
3534	2951	4
3534	3104	4
3534	3702	4
3534	3703	3
3534	3836	4
3540	10	4
3540	31	3
3540	70	3
3540	95	3
3540	110	5
3540	145	3
3540	163	4
3540	180	5
3540	216	4
3540	246	4
3540	296	5
3540	318	4
3540	329	4
3540	333	5
3540	381	5
3540	434	2
3540	457	5
3540	466	3
3540	480	5
3540	529	4
3540	590	5
3540	593	5
3540	608	5
3540	628	5
3540	653	3
3540	736	4
3540	780	3
3540	788	3
3540	858	5
3540	968	5
3540	1092	4
3540	1183	3
3540	1198	5
3540	1206	5
3540	1222	5
3540	1265	4
3540	1356	4
3540	1387	5
3540	1388	4
3540	1393	5
3540	1562	5
3540	1573	3
3540	1580	4
3540	1610	5
3540	1673	4
3540	1687	4
3540	1704	5
3540	1722	4
3540	1784	5
3540	1840	4
3540	1863	4
3540	1917	4
3540	1918	4
3540	1920	4
3540	2395	5
3540	2490	4
3540	2617	3
3540	2763	4
3540	2770	2
3540	2794	3
3540	2796	4
3540	2826	4
3540	2916	4
3540	2997	5
3540	3005	4
3540	3006	4
3540	3020	4
3540	3053	4
3540	3100	5
3540	3107	3
3540	3146	4
3540	3148	5
3540	3178	5
3540	3326	4
3540	3450	4
3540	3477	3
3540	3489	3
3540	3510	4
3540	3513	4
3540	3527	5
3540	3578	5
3540	3638	5
3540	3697	5
3540	3753	5
3540	3791	4
3540	3798	5
3540	3869	4
3543	99	2
3543	122	3
3543	157	2
3543	214	3
3543	293	3
3543	446	5
3543	527	4
3543	573	3
3543	608	4
3543	702	3
3543	735	4
3543	741	1
3543	793	2
3543	837	2
3543	858	4
3543	905	5
3543	910	3
3543	922	5
3543	926	5
3543	940	4
3543	1162	3
3543	1178	4
3543	1202	3
3543	1204	5
3543	1217	5
3543	1237	5
3543	1276	4
3543	1306	3
3543	1734	4
3543	1840	2
3543	1973	1
3543	2010	5
3543	2019	5
3543	2074	3
3543	2203	3
3543	2329	2
3543	2351	4
3543	2952	5
3543	3222	3
3543	3365	5
3543	3655	3
3543	3728	4
3543	3737	3
3543	3789	4
3547	17	3
3547	52	3
3547	203	2
3547	232	4
3547	342	5
3547	372	1
3547	477	3
3547	500	2
3547	518	1
3547	537	4
3547	538	5
3547	581	4
3547	587	4
3547	608	3
3547	766	4
3547	780	1
3547	788	3
3547	849	3
3547	858	5
3547	903	5
3547	922	5
3547	924	4
3547	926	5
3547	953	4
3547	968	5
3547	969	5
3547	971	5
3547	1041	3
3547	1046	4
3547	1079	3
3547	1084	5
3547	1096	5
3547	1130	3
3547	1135	4
3547	1150	4
3547	1183	1
3547	1198	5
3547	1200	5
3547	1206	4
3547	1211	5
3547	1214	5
3547	1225	5
3547	1230	4
3547	1238	4
3547	1246	3
3547	1252	4
3547	1258	5
3547	1264	4
3547	1271	2
3547	1278	5
3547	1286	3
3547	1288	3
3547	1289	5
3547	1292	3
3547	1293	3
3547	1333	5
3547	1366	4
3547	1374	4
3547	1387	4
3547	1391	3
3547	1393	1
3547	1394	4
3547	1414	1
3547	1535	1
3547	1569	4
3547	1611	4
3547	1612	3
3547	1674	5
3547	1683	3
3547	1721	1
3547	1722	3
3547	1947	4
3547	1955	4
3547	1962	3
3547	1994	5
3547	2009	5
3547	2011	2
3547	2029	2
3547	2075	3
3547	2097	2
3547	2100	3
3547	2130	4
3547	2132	5
3547	2147	2
3547	2161	5
3547	2177	4
3547	2181	4
3547	2193	3
3547	2202	4
3547	2247	4
3547	2266	4
3547	2289	3
3547	2302	3
3547	2312	4
3547	2313	3
3547	2336	4
3547	2346	4
3547	2369	4
3547	2388	3
3547	2396	4
3547	2405	3
3547	2468	3
3547	2469	3
3547	2520	4
3547	2529	4
3547	2612	4
3547	2617	2
3547	2639	3
3547	2640	4
3547	2664	5
3547	2716	4
3547	2719	2
3547	2739	3
3547	2745	4
3547	2746	3
3547	2752	3
3547	2794	2
3547	2795	3
3547	2877	3
3547	2908	4
3547	2915	3
3547	2916	4
3547	2917	4
3547	2919	4
3547	2928	3
3547	2967	5
3547	2997	5
3547	3036	3
3547	3044	4
3547	3072	4
3547	3079	4
3547	3094	4
3547	3100	4
3547	3148	3
3547	3176	5
3547	3219	3
3547	3251	3
3547	3255	3
3547	3325	4
3547	3330	4
3547	3418	4
3547	3450	3
3547	3466	3
3547	3471	4
3547	3475	5
3547	3478	4
3547	3479	4
3547	3489	2
3547	3499	2
3547	3505	3
3547	3524	3
3547	3546	5
3547	3552	4
3547	3578	3
3547	3608	4
3547	3649	3
3547	3671	3
3547	3685	4
3547	3702	3
3547	3704	3
3547	3723	3
3547	3783	4
3547	3798	2
3547	3816	5
3547	3844	2
3547	3858	1
3551	34	4
3551	36	3
3551	110	3
3551	222	4
3551	376	4
3551	454	3
3551	457	3
3551	465	3
3551	515	5
3551	527	5
3551	593	4
3551	608	4
3551	736	2
3551	903	5
3551	908	4
3551	924	3
3551	1041	3
3551	1092	5
3551	1094	4
3551	1193	5
3551	1392	4
3551	1393	4
3551	1480	4
3551	1542	4
3551	1617	3
3551	1674	5
3551	1683	4
3551	1704	4
3551	1770	4
3551	1914	5
3551	2009	5
3551	2289	3
3551	2336	4
3551	2346	4
3551	2501	4
3551	2770	1
3551	2908	5
3551	2917	5
3551	2967	5
3551	3006	4
3551	3015	4
3551	3100	4
3551	3203	5
3551	3418	4
3551	3420	3
3551	3461	5
3553	70	5
3553	110	5
3553	329	5
3553	457	4
3553	736	5
3553	780	5
3553	786	3
3553	1356	4
3553	1372	4
3553	1573	5
3553	1580	4
3553	1585	1
3553	1610	5
3553	1917	5
3553	1918	4
3553	2058	5
3553	2059	3
3553	2490	4
3553	2763	3
3553	2916	4
3553	3107	5
3553	3418	4
3553	3527	4
3553	3697	4
3553	3841	3
3559	64	2
3559	83	4
3559	110	5
3559	527	4
3559	718	4
3559	910	5
3559	1060	5
3559	1330	4
3559	1393	5
3559	1407	5
3559	1639	4
3559	1641	4
3559	1680	5
3559	1895	4
3559	1947	5
3559	1974	5
3559	1997	3
3559	2081	4
3559	2100	4
3559	2159	4
3559	2171	4
3559	2302	5
3559	2500	4
3559	2583	4
3559	2664	5
3559	2746	5
3559	2976	5
3559	3039	5
3559	3114	4
3559	3426	4
3559	3499	5
3559	3693	5
3559	3708	5
3560	6	4
3560	36	3
3560	110	5
3560	147	5
3560	262	5
3560	296	5
3560	300	4
3560	318	5
3560	342	5
3560	441	5
3560	457	5
3560	477	5
3560	527	4
3560	588	4
3560	590	4
3560	593	5
3560	608	5
3560	628	5
3560	805	4
3560	914	5
3560	953	5
3560	1028	5
3560	1032	4
3560	1060	5
3560	1086	5
3560	1094	3
3560	1198	5
3560	1213	5
3560	1220	3
3560	1225	5
3560	1234	5
3560	1246	4
3560	1258	5
3560	1265	4
3560	1276	4
3560	1357	5
3560	1466	4
3560	1617	4
3560	1621	3
3560	1641	4
3560	1674	4
3560	1704	5
3560	1721	5
3560	1784	4
3560	1923	4
3560	1947	4
3560	1954	5
3560	1962	5
3560	2018	4
3560	2080	5
3560	2081	5
3560	2248	5
3560	2282	5
3560	2289	4
3560	2302	5
3560	2353	4
3560	2391	4
3560	2471	2
3560	2500	5
3560	2716	5
3560	2764	4
3560	2874	3
3560	2908	5
3560	2997	5
3560	3006	4
3560	3028	4
3560	3317	3
3560	3418	5
3560	3421	4
3560	3499	4
3560	3608	2
3560	3684	4
3560	3753	4
3562	17	3
3562	27	4
3562	34	4
3562	79	3
3562	110	4
3562	122	4
3562	140	4
3562	144	4
3562	151	3
3562	163	4
3562	180	2
3562	203	3
3562	231	4
3562	236	3
3562	270	3
3562	293	3
3562	296	5
3562	300	5
3562	303	2
3562	318	4
3562	339	3
3562	342	4
3562	357	3
3562	360	2
3562	372	3
3562	376	4
3562	378	4
3562	381	2
3562	429	2
3562	432	3
3562	434	2
3562	441	4
3562	454	3
3562	457	5
3562	459	3
3562	466	3
3562	477	4
3562	480	5
3562	500	4
3562	532	2
3562	537	3
3562	587	5
3562	588	5
3562	590	3
3562	593	4
3562	595	5
3562	605	2
3562	608	4
3562	779	1
3562	780	4
3562	830	4
3562	832	3
3562	838	4
3562	858	4
3562	914	4
3562	915	3
3562	932	4
3562	953	4
3562	971	4
3562	984	3
3562	987	3
3562	999	3
3562	1013	5
3562	1055	3
3562	1060	5
3562	1066	3
3562	1079	5
3562	1088	5
3562	1091	4
3562	1092	4
3562	1094	3
3562	1104	3
3562	1126	3
3562	1131	5
3562	1132	5
3562	1135	5
3562	1136	3
3562	1183	2
3562	1184	5
3562	1190	3
3562	1198	4
3562	1200	5
3562	1213	5
3562	1214	3
3562	1222	4
3562	1225	4
3562	1246	4
3562	1257	4
3562	1258	4
3562	1265	5
3562	1271	4
3562	1277	3
3562	1278	2
3562	1288	4
3562	1290	5
3562	1293	3
3562	1297	4
3562	1330	4
3562	1339	5
3562	1346	2
3562	1347	4
3562	1367	3
3562	1387	3
3562	1393	4
3562	1394	4
3562	1407	5
3562	1408	4
3562	1432	3
3562	1441	3
3562	1466	4
3562	1488	2
3562	1498	4
3562	1499	3
3562	1513	3
3562	1542	2
3562	1569	2
3562	1573	2
3562	1580	5
3562	1610	3
3562	1616	2
3562	1617	5
3562	1621	4
3562	1639	3
3562	1641	3
3562	1673	4
3562	1674	5
3562	1680	5
3562	1683	3
3562	1687	3
3562	1688	5
3562	1690	3
3562	1704	5
3562	1721	3
3562	1729	1
3562	1747	3
3562	1784	2
3562	1792	2
3562	1807	3
3562	1835	3
3562	1863	2
3562	1883	3
3562	1888	2
3562	1892	5
3562	1912	4
3562	1917	2
3562	1923	4
3562	1954	3
3562	1957	4
3562	1962	3
3562	1967	4
3562	1972	2
3562	1974	3
3562	1994	4
3562	1995	4
3562	1997	4
3562	1998	2
3562	2001	4
3562	2004	4
3562	2011	4
3562	2012	3
3562	2021	3
3562	2022	3
3562	2053	3
3562	2058	2
3562	2072	1
3562	2081	5
3562	2097	4
3562	2100	5
3562	2104	3
3562	2111	3
3562	2121	2
3562	2122	1
3562	2125	4
3562	2143	3
3562	2146	2
3562	2147	2
3562	2149	1
3562	2151	4
3562	2161	4
3562	2188	2
3562	2193	3
3562	2241	4
3562	2245	5
3562	2248	4
3562	2249	5
3562	2261	4
3562	2262	3
3562	2278	2
3562	2280	4
3562	2302	4
3562	2316	4
3562	2329	3
3562	2336	5
3562	2353	2
3562	2359	3
3562	2369	3
3562	2374	3
3562	2380	2
3562	2385	1
3562	2395	3
3562	2396	4
3562	2405	2
3562	2407	4
3562	2408	3
3562	2424	3
3562	2456	2
3562	2457	3
3562	2458	1
3562	2468	2
3562	2469	3
3562	2471	3
3562	2485	3
3562	2539	4
3562	2551	2
3562	2558	2
3562	2580	3
3562	2617	4
3562	2639	3
3562	2640	4
3562	2672	5
3562	2692	3
3562	2712	2
3562	2716	5
3562	2733	2
3562	2734	3
3562	2739	5
3562	2745	2
3562	2746	4
3562	2748	3
3562	2752	2
3562	2763	4
3562	2793	3
3562	2794	3
3562	2798	1
3562	2804	5
3562	2826	4
3562	2846	4
3562	2871	1
3562	2908	3
3562	2915	4
3562	2916	4
3562	2919	2
3562	2950	3
3562	2979	4
3562	2982	3
3562	2997	5
3562	3006	3
3562	3020	5
3562	3033	4
3562	3036	2
3562	3039	5
3562	3044	5
3562	3063	3
3562	3072	5
3562	3079	3
3562	3100	4
3562	3107	4
3562	3114	4
3562	3145	1
3562	3148	4
3562	3175	3
3562	3176	3
3562	3203	5
3562	3219	3
3562	3243	3
3562	3244	5
3562	3251	3
3562	3252	4
3562	3253	5
3562	3255	4
3562	3256	4
3562	3263	3
3562	3267	3
3562	3274	3
3562	3308	5
3562	3317	1
3562	3385	2
3562	3391	4
3562	3418	4
3562	3421	3
3562	3438	3
3562	3442	2
3562	3450	4
3562	3471	3
3562	3478	3
3562	3489	3
3562	3499	5
3562	3505	4
3562	3510	5
3562	3524	2
3562	3527	4
3562	3578	5
3562	3579	2
3562	3594	4
3562	3649	3
3562	3684	3
3562	3698	4
3562	3704	3
3562	3707	3
3562	3708	3
3562	3710	1
3562	3712	3
3562	3715	2
3562	3727	4
3562	3740	3
3562	3744	4
3562	3753	4
3562	3786	4
3562	3791	5
3562	3793	4
3562	3798	4
3562	3821	4
3562	3841	2
3562	3844	5
3562	3877	2
3562	3882	4
3562	3885	5
3562	3952	4
3563	26	5
3563	161	4
3563	222	4
3563	235	4
3563	293	5
3563	296	4
3563	300	4
3563	318	5
3563	336	2
3563	432	1
3563	454	3
3563	515	3
3563	527	5
3563	529	5
3563	535	3
3563	574	4
3563	590	3
3563	593	4
3563	608	5
3563	610	5
3563	851	4
3563	1006	4
3563	1060	4
3563	1079	4
3563	1183	4
3563	1198	5
3563	1199	4
3563	1200	5
3563	1213	4
3563	1220	4
3563	1222	4
3563	1225	5
3563	1246	5
3563	1257	5
3563	1258	5
3563	1275	5
3563	1293	3
3563	1295	4
3563	1297	4
3563	1393	3
3563	1394	4
3563	1396	5
3563	1401	3
3563	1466	3
3563	1611	5
3563	1617	5
3563	1639	5
3563	1673	4
3563	1674	3
3563	1680	3
3563	1704	5
3563	1721	3
3563	1729	4
3563	1747	3
3563	1784	4
3563	1957	4
3563	1994	4
3563	1997	4
3563	2081	2
3563	2111	3
3563	2125	4
3563	2248	5
3563	2282	4
3563	2289	4
3563	2312	4
3563	2313	4
3563	2336	3
3563	2433	3
3563	2435	4
3563	2457	4
3563	2521	3
3563	2651	3
3563	2716	4
3563	2739	3
3563	2745	4
3563	2795	4
3563	2804	4
3563	2915	4
3563	2919	4
3563	2990	4
3563	3019	5
3563	3039	3
3563	3072	2
3563	3100	4
3563	3104	3
3563	3107	3
3563	3203	3
3563	3214	5
3563	3252	4
3563	3255	3
3563	3398	3
3563	3418	4
3563	3424	4
3563	3505	4
3563	3527	4
3563	3552	4
3563	3608	3
3563	3703	3
3563	3723	4
3564	6	3
3564	44	4
3564	70	2
3564	110	5
3564	145	4
3564	161	3
3564	173	2
3564	232	3
3564	300	4
3564	318	5
3564	330	3
3564	434	3
3564	457	5
3564	479	3
3564	480	3
3564	590	5
3564	608	4
3564	653	3
3564	780	3
3564	799	4
3564	891	3
3564	1200	4
3564	1213	3
3564	1215	3
3564	1342	3
3564	1356	3
3564	1373	3
3564	1379	3
3564	1396	4
3564	1407	4
3564	1408	4
3564	1499	2
3564	1573	3
3564	1580	4
3564	1772	3
3564	1779	1
3564	1792	3
3564	1882	1
3564	1917	3
3564	1992	2
3564	1993	2
3564	2011	4
3564	2058	3
3564	2336	4
3564	2353	3
3564	2395	2
3564	2490	3
3564	2540	3
3564	2617	3
3564	2701	1
3564	2793	4
3564	2881	3
3564	2916	4
3564	3107	4
3564	3178	5
3564	3185	5
3564	3253	3
3564	3256	4
3564	3354	3
3564	3476	4
3564	3499	4
3564	3527	4
3564	3791	3
3564	3838	3
3564	3840	3
3564	3869	3
3565	22	3
3565	76	3
3565	95	3
3565	110	4
3565	173	3
3565	318	5
3565	329	3
3565	336	4
3565	457	3
3565	480	4
3565	527	5
3565	546	1
3565	587	3
3565	593	4
3565	610	4
3565	671	2
3565	736	3
3565	780	4
3565	786	3
3565	788	2
3565	858	4
3565	1028	3
3565	1092	3
3565	1126	2
3565	1200	2
3565	1214	2
3565	1356	3
3565	1391	2
3565	1407	4
3565	1499	4
3565	1580	4
3565	1639	3
3565	1702	2
3565	1722	3
3565	1762	3
3565	1792	3
3565	1833	2
3565	1862	3
3565	1917	4
3565	2001	4
3565	2012	3
3565	2023	5
3565	2232	4
3565	2302	3
3565	2320	3
3565	2353	3
3565	2389	2
3565	2529	5
3565	2530	3
3565	2533	5
3565	2617	4
3565	2701	3
3565	2746	3
3565	2826	2
3565	2881	3
3565	2916	4
3565	2986	2
3565	3063	4
3565	3175	3
3565	3176	3
3565	3263	3
3565	3461	5
3565	3476	4
3565	3697	4
3565	3869	1
3567	6	5
3567	110	5
3567	111	4
3567	296	5
3567	318	5
3567	457	5
3567	480	1
3567	593	4
3567	858	5
3567	866	4
3567	903	4
3567	908	4
3567	924	4
3567	1136	4
3567	1193	5
3567	1198	5
3567	1200	4
3567	1206	3
3567	1214	4
3567	1222	4
3567	1234	5
3567	1258	5
3567	1276	3
3567	1288	3
3567	1387	5
3567	1394	4
3567	1617	4
3567	1997	5
3567	2313	3
3567	2580	4
3567	2598	3
3567	2919	3
3567	2997	2
3567	3198	4
3568	110	5
3568	151	3
3568	198	4
3568	465	3
3568	480	3
3568	512	3
3568	527	5
3568	610	4
3568	647	2
3568	924	5
3568	968	5
3568	969	4
3568	1019	4
3568	1183	3
3568	1198	4
3568	1199	4
3568	1200	5
3568	1204	5
3568	1214	5
3568	1222	4
3568	1230	3
3568	1242	4
3568	1272	5
3568	1289	3
3568	1356	3
3568	1378	4
3568	1396	2
3568	1408	3
3568	1573	4
3568	1580	5
3568	1927	4
3568	2010	3
3568	2202	3
3568	2232	3
3568	2287	3
3568	2529	5
3568	2532	3
3568	2533	4
3568	2640	3
3568	2664	4
3568	2667	3
3568	2890	3
3568	2916	4
3568	3062	5
3568	3175	3
3568	3471	4
3568	3527	5
3568	3654	4
3568	3702	5
3568	3703	5
3568	3836	4
3571	110	5
3571	216	5
3571	303	5
3571	580	4
3571	785	5
3571	1029	4
3571	1275	5
3571	1339	4
3571	1702	1
3571	1769	4
3571	1927	5
3571	2060	5
3571	2396	5
3571	2433	5
3571	2490	4
3571	2546	5
3571	2558	1
3571	2672	4
3571	2701	1
3571	2709	5
3571	2716	4
3571	2719	1
3571	2770	5
3571	2826	5
3571	2840	1
3571	2860	5
3571	2881	4
3571	2976	2
3571	3005	5
3571	3157	2
3571	3159	5
3571	3175	1
3571	3176	4
3571	3185	1
3571	3300	2
3571	3444	5
3571	3510	5
3571	3578	4
3571	3594	4
3571	3745	5
3571	3753	5
3571	3783	3
3571	3784	5
3571	3793	2
3571	3798	4
3571	3879	5
3573	110	4
3573	180	4
3573	329	5
3573	480	3
3573	588	3
3573	1017	4
3573	1025	3
3573	1198	3
3573	1200	3
3573	1214	3
3573	1356	5
3573	3157	1
3576	6	3
3576	10	3
3576	34	3
3576	111	4
3576	158	3
3576	161	3
3576	181	2
3576	317	3
3576	355	3
3576	362	3
3576	432	3
3576	457	4
3576	466	3
3576	480	4
3576	487	2
3576	497	3
3576	588	3
3576	590	1
3576	593	5
3576	595	3
3576	608	4
3576	609	3
3576	631	3
3576	709	3
3576	736	4
3576	783	3
3576	849	3
3576	858	5
3576	888	3
3576	903	3
3576	908	3
3576	910	5
3576	914	3
3576	918	3
3576	924	3
3576	934	3
3576	943	3
3576	948	3
3576	952	4
3576	968	4
3576	969	4
3576	971	3
3576	1008	3
3576	1015	3
3576	1017	3
3576	1019	3
3576	1025	3
3576	1028	3
3576	1029	3
3576	1030	3
3576	1031	3
3576	1032	3
3576	1079	3
3576	1083	3
3576	1084	4
3576	1086	3
3576	1088	3
3576	1104	3
3576	1136	5
3576	1193	4
3576	1198	4
3576	1200	3
3576	1201	4
3576	1204	3
3576	1206	3
3576	1214	4
3576	1220	4
3576	1222	4
3576	1226	3
3576	1230	1
3576	1234	4
3576	1252	3
3576	1258	4
3576	1265	3
3576	1272	5
3576	1275	3
3576	1276	3
3576	1278	4
3576	1283	5
3576	1287	3
3576	1288	2
3576	1333	4
3576	1356	4
3576	1367	3
3576	1372	4
3576	1373	4
3576	1374	4
3576	1378	2
3576	1379	2
3576	1387	5
3576	1388	3
3576	1394	2
3576	1407	3
3576	1499	3
3576	1566	3
3576	1580	4
3576	1610	5
3576	1674	3
3576	1702	3
3576	1760	3
3576	1917	3
3576	1918	4
3576	1920	3
3576	1927	4
3576	1931	4
3576	1947	3
3576	1950	4
3576	1953	3
3576	1954	4
3576	1957	3
3576	1964	3
3576	1982	4
3576	1994	3
3576	2001	4
3576	2009	2
3576	2011	3
3576	2012	3
3576	2015	4
3576	2016	3
3576	2018	4
3576	2019	5
3576	2021	3
3576	2023	3
3576	2032	3
3576	2053	3
3576	2057	3
3576	2059	3
3576	2078	3
3576	2080	3
3576	2081	3
3576	2083	3
3576	2093	2
3576	2095	3
3576	2097	3
3576	2110	3
3576	2118	3
3576	2123	3
3576	2130	3
3576	2132	2
3576	2142	3
3576	2152	3
3576	2193	3
3576	2313	3
3576	2396	1
3576	2399	4
3576	2401	3
3576	2405	4
3576	2407	4
3576	2408	3
3576	2410	4
3576	2411	4
3576	2429	3
3576	2430	3
3576	2456	3
3576	2468	3
3576	2469	3
3576	2471	4
3576	2520	5
3576	2529	3
3576	2530	3
3576	2531	3
3576	2532	2
3576	2554	4
3576	2640	3
3576	2642	3
3576	2647	3
3576	2670	3
3576	2716	4
3576	2735	3
3576	2746	3
3576	2764	3
3576	2788	4
3576	2795	4
3576	2804	4
3576	2815	3
3576	2816	2
3576	2817	1
3576	2819	3
3576	2846	4
3576	2866	4
3576	2915	4
3576	2916	3
3576	2917	3
3576	2921	3
3576	2922	3
3576	2950	1
3576	2951	3
3576	2953	3
3576	2971	3
3576	2986	3
3576	2990	3
3576	2993	2
3576	3028	2
3576	3029	4
3576	3033	3
3576	3034	3
3576	3037	1
3576	3039	4
3576	3061	4
3576	3062	5
3576	3088	5
3576	3093	3
3576	3104	3
3576	3107	3
3576	3114	5
3576	3144	3
3576	3157	3
3576	3196	5
3576	3247	4
3576	3255	3
3576	3256	3
3576	3362	3
3576	3367	3
3576	3398	3
3576	3418	3
3576	3421	5
3576	3430	4
3576	3432	4
3576	3438	2
3576	3447	3
3576	3467	3
3576	3468	4
3576	3471	5
3576	3487	4
3576	3489	3
3576	3501	3
3576	3508	3
3576	3524	5
3576	3527	3
3576	3546	3
3576	3551	2
3576	3602	3
3576	3608	2
3576	3633	3
3576	3635	3
3576	3643	4
3576	3654	3
3576	3671	5
3576	3672	3
3576	3675	4
3576	3681	3
3576	3684	3
3576	3685	3
3576	3697	3
3576	3702	3
3576	3703	2
3576	3704	2
3576	3740	4
3576	3766	3
3576	3768	3
3576	3806	4
3576	3834	3
3576	3836	3
3576	3841	4
3576	3872	3
3576	3873	4
3583	28	5
3583	163	1
3583	915	5
3583	916	5
3583	932	5
3583	933	5
3583	1094	2
3583	1183	5
3583	1393	3
3583	1408	5
3583	1674	5
3583	1683	5
3583	1722	3
3583	1947	5
3583	2396	5
3583	3452	2
3586	151	2
3586	527	4
3586	587	2
3586	593	2
3586	608	4
3586	736	4
3586	780	1
3586	914	5
3586	942	5
3586	943	4
3586	948	4
3586	953	5
3586	969	5
3586	971	4
3586	1019	4
3586	1028	5
3586	1030	1
3586	1183	3
3586	1211	4
3586	1222	2
3586	1226	5
3586	1228	5
3586	1246	4
3586	1252	4
3586	1265	5
3586	1288	4
3586	1293	3
3586	1340	5
3586	1342	1
3586	1357	3
3586	1393	5
3586	1408	2
3586	1457	4
3586	1674	4
3586	1721	3
3586	1935	5
3586	1936	4
3586	1957	4
3586	1962	2
3586	2015	4
3586	2078	3
3586	2202	4
3586	2248	5
3586	2312	1
3586	2315	1
3586	2396	3
3586	2410	1
3586	2424	2
3586	2558	1
3586	2581	2
3586	2649	3
3586	2664	4
3586	2739	1
3586	2745	3
3586	2781	5
3586	2793	2
3586	2804	5
3586	2919	5
3586	2950	1
3586	3169	4
3586	3196	4
3586	3334	5
3586	3365	5
3586	3499	2
3586	3551	4
3586	3675	3
3587	70	4
3587	95	4
3587	527	1
3587	587	4
3587	971	5
3587	1092	5
3587	1094	1
3587	1201	5
3587	1222	4
3587	1378	4
3587	1615	5
3587	2302	5
3587	2326	5
3587	2401	5
3587	2916	5
3587	2921	5
3587	2971	4
3587	3020	4
3587	3527	5
3587	3578	4
3587	3834	5
3587	3836	4
3599	6	4
3599	10	4
3599	24	4
3599	70	4
3599	76	3
3599	110	5
3599	145	4
3599	163	4
3599	170	4
3599	173	3
3599	293	4
3599	329	5
3599	373	3
3599	376	4
3599	379	3
3599	434	5
3599	441	3
3599	457	5
3599	479	2
3599	480	5
3599	493	3
3599	494	3
3599	511	3
3599	512	4
3599	555	3
3599	593	4
3599	608	4
3599	653	4
3599	671	1
3599	736	4
3599	780	5
3599	786	4
3599	788	5
3599	849	3
3599	861	4
3599	1265	4
3599	1356	5
3599	1372	3
3599	1391	3
3599	1396	4
3599	1408	5
3599	1573	4
3599	1580	5
3599	1590	2
3599	1610	5
3599	1617	4
3599	1641	4
3599	1687	4
3599	1690	4
3599	1722	3
3599	1762	3
3599	1784	4
3599	1827	3
3599	1862	2
3599	1882	3
3599	1912	3
3599	1917	4
3599	1918	4
3599	1975	2
3599	2012	3
3599	2046	2
3599	2058	3
3599	2278	3
3599	2322	2
3599	2353	4
3599	2391	1
3599	2490	4
3599	2549	2
3599	2617	3
3599	2672	3
3599	2701	3
3599	2722	2
3599	2826	3
3599	2881	4
3599	2916	4
3599	2986	2
3599	2997	1
3599	3020	3
3599	3107	4
3599	3114	4
3599	3175	4
3599	3256	5
3599	3269	3
3599	3418	4
3599	3697	3
3608	5	3
3608	34	5
3608	231	4
3608	235	4
3608	236	4
3608	339	5
3608	357	3
3608	372	4
3608	413	3
3608	497	4
3608	537	2
3608	588	4
3608	788	3
3608	837	4
3608	838	5
3608	1020	4
3608	1031	3
3608	1060	4
3608	1171	4
3608	1228	3
3608	1265	4
3608	1367	4
3608	1425	3
3608	1457	3
3608	1513	3
3608	1580	4
3608	1641	4
3608	1784	3
3608	1875	3
3608	1888	3
3608	1923	4
3608	2012	3
3608	2289	5
3608	2302	4
3608	2359	5
3608	2390	2
3608	2395	4
3608	2396	5
3608	2424	2
3608	2567	3
3608	2581	3
3608	2598	4
3608	2770	3
3608	3072	3
3608	3114	5
3608	3157	4
3608	3253	4
3608	3255	3
3608	3263	3
3608	3362	4
3608	3712	3
3608	3869	4
3610	5	3
3610	6	4
3610	10	5
3610	19	3
3610	20	3
3610	34	1
3610	63	1
3610	65	4
3610	70	4
3610	105	1
3610	110	5
3610	122	3
3610	145	4
3610	153	3
3610	163	5
3610	173	2
3610	180	3
3610	181	1
3610	216	5
3610	231	5
3610	244	1
3610	282	1
3610	296	4
3610	312	1
3610	317	3
3610	318	4
3610	329	1
3610	333	5
3610	376	2
3610	379	3
3610	410	2
3610	413	3
3610	415	2
3610	416	3
3610	434	5
3610	441	2
3610	457	4
3610	459	4
3610	480	4
3610	493	1
3610	494	4
3610	500	4
3610	511	5
3610	546	1
3610	587	4
3610	588	3
3610	593	4
3610	595	2
3610	608	2
3610	631	2
3610	669	1
3610	736	3
3610	780	4
3610	782	3
3610	784	5
3610	785	5
3610	788	4
3610	798	3
3610	799	4
3610	836	4
3610	841	1
3610	849	3
3610	858	3
3610	886	5
3610	901	1
3610	903	1
3610	905	1
3610	907	1
3610	908	1
3610	910	1
3610	914	1
3610	915	1
3610	916	1
3610	918	1
3610	922	1
3610	926	1
3610	929	1
3610	931	1
3610	932	1
3610	933	1
3610	934	1
3610	938	1
3610	940	1
3610	943	1
3610	945	1
3610	947	1
3610	952	1
3610	953	1
3610	959	1
3610	960	1
3610	969	1
3610	986	1
3610	999	3
3610	1008	1
3610	1017	3
3610	1019	1
3610	1020	2
3610	1024	1
3610	1025	3
3610	1029	2
3610	1030	1
3610	1032	2
3610	1057	1
3610	1060	3
3610	1066	1
3610	1079	3
3610	1083	1
3610	1086	1
3610	1088	3
3610	1104	1
3610	1136	4
3610	1178	1
3610	1198	5
3610	1213	3
3610	1220	2
3610	1222	4
3610	1237	1
3610	1265	4
3610	1278	2
3610	1283	1
3610	1287	3
3610	1288	1
3610	1340	1
3610	1356	1
3610	1367	3
3610	1372	1
3610	1373	1
3610	1374	1
3610	1378	4
3610	1379	4
3610	1382	3
3610	1394	3
3610	1408	4
3610	1431	4
3610	1441	3
3610	1445	3
3610	1485	5
3610	1487	1
3610	1488	3
3610	1489	1
3610	1562	3
3610	1569	2
3610	1573	5
3610	1580	4
3610	1590	3
3610	1610	4
3610	1616	3
3610	1665	3
3610	1687	5
3610	1689	3
3610	1704	3
3610	1722	5
3610	1739	1
3610	1746	3
3610	1747	4
3610	1760	1
3610	1769	3
3610	1772	1
3610	1784	3
3610	1792	4
3610	1833	3
3610	1856	1
3610	1863	4
3610	1882	3
3610	1883	3
3610	1888	3
3610	1912	3
3610	1917	4
3610	1918	5
3610	1920	2
3610	1923	5
3610	1924	1
3610	1925	1
3610	1931	1
3610	1932	1
3610	1933	1
3610	1937	1
3610	1942	1
3610	1943	1
3610	1947	1
3610	2001	5
3610	2010	1
3610	2011	3
3610	2012	4
3610	2018	1
3610	2019	1
3610	2023	2
3610	2027	2
3610	2058	4
3610	2059	1
3610	2060	5
3610	2072	3
3610	2080	2
3610	2081	3
3610	2100	3
3610	2102	1
3610	2123	2
3610	2138	3
3610	2183	1
3610	2195	4
3610	2202	1
3610	2203	1
3610	2208	1
3610	2210	1
3610	2211	1
3610	2212	1
3610	2221	1
3610	2278	4
3610	2287	1
3610	2302	3
3610	2351	1
3610	2353	4
3610	2395	1
3610	2396	4
3610	2407	2
3610	2408	2
3610	2424	1
3610	2430	1
3610	2485	1
3610	2490	4
3610	2539	3
3610	2567	4
3610	2606	4
3610	2617	5
3610	2635	1
3610	2650	1
3610	2651	1
3610	2652	1
3610	2664	1
3610	2667	1
3610	2670	1
3610	2701	4
3610	2716	3
3610	2722	4
3610	2726	1
3610	2731	1
3610	2746	3
3610	2747	3
3610	2748	3
3610	2763	4
3610	2764	1
3610	2781	1
3610	2804	4
3610	2807	1
3610	2826	5
3610	2860	4
3610	2877	1
3610	2889	4
3610	2899	1
3610	2904	1
3610	2916	4
3610	2920	1
3610	2935	1
3610	2953	2
3610	2967	1
3610	2971	1
3610	2978	4
3610	3022	1
3610	3034	3
3610	3061	1
3610	3086	1
3610	3088	1
3610	3107	4
3610	3133	1
3610	3139	1
3610	3142	2
3610	3146	4
3610	3159	3
3610	3178	1
3610	3196	1
3610	3217	1
3610	3243	4
3610	3253	3
3610	3255	4
3610	3263	4
3610	3274	2
3610	3334	1
3610	3340	1
3610	3354	4
3610	3365	1
3610	3379	1
3610	3404	1
3610	3405	1
3610	3409	4
3610	3421	4
3610	3438	1
3610	3447	1
3610	3450	4
3610	3452	2
3610	3461	3
3610	3513	3
3610	3527	4
3610	3532	1
3610	3552	4
3610	3555	4
3610	3578	5
3610	3602	1
3610	3608	3
3610	3611	1
3610	3618	2
3610	3642	1
3610	3643	1
3610	3646	4
3610	3671	3
3610	3675	1
3610	3678	1
3610	3695	1
3610	3712	2
3610	3736	1
3610	3740	4
3610	3753	4
3610	3776	1
3610	3792	1
3610	3793	4
3610	3798	5
3610	3821	4
3610	3841	4
3610	3849	1
3610	3872	1
3610	3879	2
3610	3928	2
3610	3929	1
3610	3931	1
3610	3932	1
3610	3945	1
3614	34	4
3614	95	2
3614	110	4
3614	145	2
3614	163	3
3614	198	3
3614	318	5
3614	480	4
3614	610	5
3614	736	2
3614	1079	4
3614	1136	5
3614	1201	5
3614	1222	4
3614	1242	5
3614	1378	4
3614	1387	3
3614	1391	3
3614	1394	3
3614	1566	4
3614	1580	3
3614	1639	5
3614	1721	3
3614	1722	3
3614	1792	1
3614	1863	1
3614	1954	3
3614	2001	4
3614	2081	4
3614	2100	3
3614	2111	4
3614	2193	4
3614	2245	3
3614	2336	5
3614	2396	3
3614	2457	2
3614	2617	4
3614	2716	4
3614	2719	4
3614	2722	4
3614	2770	2
3614	2795	3
3614	2826	5
3614	2840	3
3614	2881	2
3614	2912	1
3614	2915	3
3614	2916	3
3614	2976	1
3614	2997	2
3614	3039	4
3614	3051	3
3614	3053	5
3614	3146	3
3614	3148	1
3614	3157	4
3614	3176	2
3614	3185	3
3614	3219	2
3614	3238	1
3614	3263	3
3614	3421	5
3614	3527	4
3614	3552	4
3614	3584	2
3614	3740	4
3614	3760	4
3614	3812	2
3614	3869	1
3620	6	5
3620	20	2
3620	36	2
3620	42	3
3620	44	3
3620	70	1
3620	95	1
3620	110	4
3620	111	4
3620	122	3
3620	144	5
3620	151	3
3620	153	2
3620	161	4
3620	163	2
3620	173	2
3620	222	2
3620	232	1
3620	293	4
3620	296	5
3620	318	5
3620	357	1
3620	434	4
3620	441	3
3620	446	1
3620	457	4
3620	479	2
3620	480	4
3620	493	4
3620	501	1
3620	527	5
3620	548	2
3620	555	5
3620	587	3
3620	593	5
3620	608	4
3620	697	2
3620	707	2
3620	736	2
3620	780	2
3620	786	2
3620	858	5
3620	866	4
3620	880	1
3620	924	3
3620	999	3
3620	1034	4
3620	1042	3
3620	1060	5
3620	1088	3
3620	1147	3
3620	1183	4
3620	1193	4
3620	1198	5
3620	1200	5
3620	1201	4
3620	1206	4
3620	1213	5
3620	1214	3
3620	1215	3
3620	1217	4
3620	1220	3
3620	1222	3
3620	1228	3
3620	1234	4
3620	1242	4
3620	1261	4
3620	1265	3
3620	1275	4
3620	1293	3
3620	1339	3
3620	1356	3
3620	1357	3
3620	1374	4
3620	1378	4
3620	1379	4
3620	1387	3
3620	1388	2
3620	1391	1
3620	1393	4
3620	1396	4
3620	1407	4
3620	1408	5
3620	1466	3
3620	1501	2
3620	1549	3
3620	1562	2
3620	1569	3
3620	1573	4
3620	1580	3
3620	1610	4
3620	1615	3
3620	1617	4
3620	1670	1
3620	1680	3
3620	1704	5
3620	1721	4
3620	1722	2
3620	1729	4
3620	1779	3
3620	1784	3
3620	1785	3
3620	1792	4
3620	1835	1
3620	1882	1
3620	1912	4
3620	1916	2
3620	1917	3
3620	1954	3
3620	2001	2
3620	2011	3
3620	2021	4
3620	2023	4
3620	2058	3
3620	2081	3
3620	2100	3
3620	2105	3
3620	2143	2
3620	2193	3
3620	2262	3
3620	2266	1
3620	2278	2
3620	2289	2
3620	2302	4
3620	2311	3
3620	2329	5
3620	2336	2
3620	2353	3
3620	2369	3
3620	2373	2
3620	2391	3
3620	2405	1
3620	2407	3
3620	2410	3
3620	2411	3
3620	2424	2
3620	2485	2
3620	2490	3
3620	2558	2
3620	2580	3
3620	2581	2
3620	2617	3
3620	2640	3
3620	2642	2
3620	2692	3
3620	2722	4
3620	2735	1
3620	2763	4
3620	2812	3
3620	2815	1
3620	2816	1
3620	2826	2
3620	2881	3
3620	2890	3
3620	2908	1
3620	2916	4
3620	2952	5
3620	3006	5
3620	3020	3
3620	3033	2
3620	3044	4
3620	3125	2
3620	3146	1
3620	3148	4
3620	3175	2
3620	3176	3
3620	3178	4
3620	3185	4
3620	3256	4
3620	3274	3
3620	3317	3
3620	3325	1
3620	3354	3
3620	3362	2
3620	3409	3
3620	3418	2
3620	3426	3
3620	3444	4
3620	3468	4
3620	3471	3
3620	3489	2
3620	3510	3
3620	3513	3
3620	3524	2
3620	3527	4
3620	3555	3
3620	3578	5
3620	3618	1
3620	3654	3
3620	3697	2
3620	3698	4
3620	3702	4
3620	3703	3
3620	3704	3
3620	3740	3
3620	3744	1
3620	3753	4
3620	3793	3
3620	3798	4
3620	3824	1
3620	3882	3
3620	3893	4
3620	3952	4
3625	6	5
3625	10	4
3625	71	2
3625	110	5
3625	145	4
3625	161	4
3625	216	3
3625	231	4
3625	303	3
3625	318	5
3625	379	2
3625	424	2
3625	434	2
3625	441	2
3625	457	4
3625	466	3
3625	480	5
3625	500	4
3625	527	3
3625	532	1
3625	587	3
3625	588	4
3625	590	5
3625	593	3
3625	608	3
3625	662	3
3625	736	4
3625	780	3
3625	785	4
3625	788	4
3625	805	4
3625	832	4
3625	858	5
3625	953	5
3625	1020	2
3625	1092	4
3625	1198	5
3625	1213	5
3625	1265	4
3625	1272	2
3625	1339	3
3625	1379	2
3625	1387	3
3625	1391	2
3625	1393	4
3625	1394	3
3625	1407	3
3625	1408	5
3625	1466	5
3625	1573	4
3625	1580	3
3625	1601	4
3625	1609	3
3625	1610	4
3625	1617	5
3625	1641	3
3625	1673	3
3625	1833	3
3625	1883	2
3625	1917	4
3625	2004	1
3625	2012	1
3625	2329	5
3625	2353	4
3625	2391	4
3625	2395	3
3625	2433	1
3625	2490	4
3625	2501	3
3625	2539	3
3625	2597	1
3625	2617	3
3625	2722	2
3625	2763	3
3625	2770	2
3625	2826	2
3625	2997	5
3625	3005	1
3625	3006	2
3625	3176	2
3625	3178	2
3625	3243	3
3625	3253	2
3625	3256	3
3625	3263	3
3625	3269	3
3625	3450	3
3625	3477	2
3625	3499	4
3625	3510	4
3625	3515	4
3625	3555	4
3625	3578	5
3625	3646	1
3625	3697	1
3625	3704	3
3625	3753	5
3625	3869	3
3628	1617	5
3628	2041	2
3628	2433	4
3628	2712	4
3628	2881	3
3628	2908	3
3628	2922	3
3628	2997	3
3628	3005	4
3628	3578	4
3635	17	5
3635	28	5
3635	293	4
3635	357	5
3635	457	4
3635	590	4
3635	707	3
3635	746	5
3635	907	5
3635	909	4
3635	910	5
3635	911	5
3635	914	3
3635	915	3
3635	922	5
3635	933	4
3635	942	5
3635	943	3
3635	945	5
3635	969	5
3635	1059	2
3635	1066	4
3635	1068	4
3635	1094	5
3635	1136	4
3635	1162	3
3635	1183	5
3635	1201	4
3635	1211	4
3635	1230	5
3635	1252	5
3635	1264	5
3635	1265	5
3635	1276	4
3635	1277	4
3635	1283	4
3635	1617	5
3635	1674	5
3635	2080	5
3635	2130	4
3635	2203	5
3635	2289	4
3635	2389	5
3635	2396	5
3635	2401	5
3635	2692	4
3635	2726	3
3635	2919	5
3635	2920	4
3635	2921	4
3635	2922	4
3635	2935	5
3635	2937	5
3635	2951	4
3635	3022	5
3635	3037	4
3635	3044	2
3635	3093	4
3635	3284	5
3635	3334	4
3635	3365	5
3635	3467	4
3635	3487	5
3635	3508	5
3635	3531	4
3635	3532	5
3635	3668	5
3635	3671	3
3635	3681	3
3635	3685	5
3635	3733	3
3635	3737	5
3635	3792	2
3635	3819	4
3635	3873	3
3647	70	4
3647	111	4
3647	720	5
3647	1136	4
3647	1193	5
3647	1199	5
3647	1967	2
3647	2100	3
3647	3086	4
3647	3133	4
3647	3404	3
3649	593	4
3649	914	3
3649	1028	5
3649	1200	4
3649	1204	5
3649	1242	3
3649	1246	5
3649	1258	5
3649	1293	5
3649	1374	4
3649	1394	3
3649	1617	3
3649	1674	4
3649	1947	5
3649	1994	4
3649	2078	4
3649	2132	4
3649	2248	5
3649	2729	4
3649	2804	3
3649	3039	5
3649	3398	3
3649	3552	5
3649	3633	4
3649	3668	5
3649	3703	4
3655	318	5
3655	527	4
3655	653	4
3655	1198	5
3655	1513	3
3655	1617	4
3655	1722	1
3655	2100	3
3655	2105	3
3655	2143	4
3655	2161	2
3655	2193	5
3655	3281	3
3655	3479	5
3655	3489	2
3658	24	3
3658	76	4
3658	110	3
3658	111	5
3658	198	3
3658	293	4
3658	296	3
3658	318	3
3658	329	4
3658	434	3
3658	454	4
3658	480	5
3658	527	5
3658	538	3
3658	593	5
3658	595	5
3658	608	4
3658	780	4
3658	849	4
3658	880	2
3658	903	5
3658	908	4
3658	909	5
3658	910	5
3658	915	4
3658	922	5
3658	924	5
3658	926	5
3658	931	3
3658	942	5
3658	943	5
3658	953	4
3658	968	5
3658	971	4
3658	982	4
3658	1019	3
3658	1041	3
3658	1084	4
3658	1086	4
3658	1104	5
3658	1136	5
3658	1175	4
3658	1193	5
3658	1198	5
3658	1200	5
3658	1201	5
3658	1206	5
3658	1213	5
3658	1214	5
3658	1215	5
3658	1225	5
3658	1230	5
3658	1237	5
3658	1252	5
3658	1261	5
3658	1272	5
3658	1276	4
3658	1278	5
3658	1333	4
3658	1356	4
3658	1374	4
3658	1387	5
3658	1580	4
3658	1590	4
3658	1610	5
3658	1617	5
3658	1673	5
3658	1690	3
3658	1779	1
3658	1785	4
3658	1924	3
3658	1935	4
3658	1936	4
3658	1955	3
3658	1964	4
3658	1997	5
3658	1998	1
3658	2009	5
3658	2105	2
3658	2132	5
3658	2181	2
3658	2302	4
3658	2311	4
3658	2346	4
3658	2351	5
3658	2362	2
3658	2369	3
3658	2373	2
3658	2529	5
3658	2530	4
3658	2531	4
3658	2532	4
3658	2533	4
3658	2554	5
3658	2612	4
3658	2664	5
3658	2670	4
3658	2672	3
3658	2781	3
3658	2788	4
3658	2871	3
3658	2877	1
3658	2916	5
3658	2921	4
3658	2951	4
3658	2967	3
3658	3033	3
3658	3044	4
3658	3062	4
3658	3075	5
3658	3088	3
3658	3196	4
3658	3198	4
3658	3244	5
3658	3362	2
3658	3421	3
3658	3447	5
3658	3468	5
3658	3471	5
3658	3508	3
3658	3527	2
3658	3546	5
3658	3649	4
3658	3671	4
3658	3681	4
3658	3698	2
3658	3702	4
3658	3703	5
3658	3704	4
3658	3811	5
3658	3840	2
3658	3844	3
3658	3928	4
3661	34	3
3661	110	4
3661	454	3
3661	457	5
3661	480	4
3661	858	5
3661	908	3
3661	940	5
3661	968	4
3661	1130	3
3661	1136	5
3661	1198	5
3661	1200	5
3661	1201	5
3661	1214	5
3661	1220	4
3661	1222	3
3661	1223	4
3661	1242	2
3661	1258	2
3661	1265	4
3661	1276	3
3661	1278	5
3661	1287	3
3661	1288	3
3661	1340	4
3661	1374	4
3661	1387	5
3661	1394	4
3661	1408	4
3661	1580	4
3661	1610	4
3661	1953	3
3661	1954	5
3661	1982	5
3661	1994	4
3661	1997	2
3661	2716	4
3661	2788	4
3661	2795	3
3661	2826	5
3661	2916	5
3661	2993	5
3661	3062	5
3661	3104	4
3661	3405	4
3661	3418	2
3661	3421	5
3661	3527	5
3661	3578	3
3661	3608	3
3661	3633	3
3661	3654	4
3661	3693	4
3661	3702	4
3661	3703	4
3661	3715	1
3661	3727	4
3661	3740	4
3661	3791	3
3661	3793	4
3661	3804	3
3661	3812	4
3661	3836	4
3661	3873	4
3664	34	2
3664	41	4
3664	144	3
3664	153	3
3664	236	3
3664	277	2
3664	300	3
3664	318	5
3664	357	3
3664	372	2
3664	432	1
3664	497	4
3664	500	2
3664	527	4
3664	608	1
3664	805	2
3664	838	3
3664	934	2
3664	953	4
3664	1013	2
3664	1060	1
3664	1083	3
3664	1136	5
3664	1183	3
3664	1198	4
3664	1271	3
3664	1277	2
3664	1288	2
3664	1293	3
3664	1357	4
3664	1446	5
3664	1641	5
3664	1673	1
3664	1674	3
3664	1680	4
3664	1721	1
3664	1888	1
3664	1914	4
3664	1962	3
3664	2059	2
3664	2100	2
3664	2125	2
3664	2161	2
3664	2171	5
3664	2193	2
3664	2302	3
3664	2396	3
3664	2424	1
3664	2485	2
3664	2598	3
3664	2692	5
3664	2739	3
3664	2997	4
3664	3039	3
3664	3176	1
3664	3253	4
3664	3256	4
3664	3421	3
3664	3461	2
3664	3552	2
3664	3608	2
3664	3668	3
3664	3685	3
3664	3723	3
3664	3791	2
3664	3844	3
3671	10	4
3671	24	5
3671	95	4
3671	163	4
3671	198	5
3671	293	5
3671	457	4
3671	480	5
3671	555	5
3671	610	5
3671	785	4
3671	858	5
3671	1198	5
3671	1201	5
3671	1214	4
3671	1220	5
3671	1222	4
3671	1408	4
3671	1573	5
3671	1580	4
3671	1610	4
3671	1722	4
3671	1954	5
3671	2023	4
3671	2278	5
3671	2336	5
3671	2353	4
3671	2490	5
3671	2580	3
3671	2617	3
3671	2640	4
3671	2701	2
3671	2716	5
3671	2763	5
3671	2770	2
3671	2826	2
3671	2916	5
3671	2951	5
3671	2997	4
3671	3020	5
3671	3203	5
3671	3219	3
3671	3256	4
3671	3354	3
3671	3418	4
3671	3452	4
3671	3527	5
3671	3555	4
3671	3578	5
3671	3702	5
3671	3703	4
3671	3793	4
3675	5	3
3675	6	3
3675	17	4
3675	22	4
3675	34	4
3675	52	2
3675	63	1
3675	70	2
3675	76	2
3675	89	2
3675	110	4
3675	111	5
3675	144	4
3675	153	3
3675	157	2
3675	161	4
3675	173	2
3675	180	4
3675	203	3
3675	216	4
3675	231	5
3675	235	4
3675	244	2
3675	246	4
3675	293	5
3675	296	5
3675	303	3
3675	317	3
3675	318	5
3675	333	4
3675	339	2
3675	342	4
3675	348	2
3675	357	3
3675	371	3
3675	372	4
3675	376	3
3675	410	3
3675	411	2
3675	432	3
3675	434	3
3675	441	3
3675	443	4
3675	444	3
3675	448	4
3675	454	4
3675	457	4
3675	466	3
3675	467	2
3675	480	3
3675	497	3
3675	500	3
3675	513	2
3675	514	4
3675	527	4
3675	532	3
3675	558	2
3675	574	3
3675	587	3
3675	588	4
3675	590	5
3675	593	5
3675	595	5
3675	608	5
3675	610	3
3675	631	2
3675	671	2
3675	707	3
3675	709	3
3675	783	3
3675	784	3
3675	785	4
3675	786	3
3675	788	3
3675	810	1
3675	832	3
3675	833	3
3675	837	3
3675	858	5
3675	866	4
3675	888	2
3675	901	3
3675	905	5
3675	907	3
3675	908	4
3675	909	5
3675	910	5
3675	914	4
3675	915	3
3675	916	4
3675	922	5
3675	924	4
3675	933	4
3675	934	3
3675	938	4
3675	952	3
3675	969	4
3675	986	4
3675	1015	3
3675	1020	4
3675	1024	3
3675	1025	4
3675	1028	3
3675	1029	4
3675	1030	2
3675	1032	4
3675	1060	4
3675	1064	4
3675	1078	4
3675	1079	4
3675	1083	4
3675	1084	4
3675	1086	4
3675	1088	3
3675	1094	2
3675	1135	3
3675	1136	5
3675	1147	4
3675	1171	3
3675	1183	4
3675	1189	4
3675	1198	5
3675	1200	4
3675	1201	3
3675	1204	5
3675	1206	5
3675	1214	4
3675	1217	4
3675	1220	4
3675	1222	4
3675	1226	4
3675	1227	3
3675	1228	5
3675	1230	3
3675	1234	5
3675	1242	4
3675	1252	4
3675	1257	3
3675	1258	4
3675	1261	2
3675	1265	4
3675	1272	5
3675	1276	5
3675	1278	5
3675	1283	4
3675	1288	5
3675	1292	5
3675	1297	4
3675	1340	4
3675	1357	4
3675	1367	3
3675	1374	4
3675	1378	3
3675	1379	2
3675	1387	5
3675	1388	3
3675	1391	2
3675	1393	4
3675	1394	5
3675	1414	3
3675	1438	3
3675	1441	4
3675	1445	3
3675	1449	5
3675	1457	3
3675	1460	3
3675	1485	4
3675	1489	3
3675	1513	3
3675	1566	4
3675	1569	3
3675	1573	4
3675	1580	5
3675	1610	4
3675	1617	4
3675	1639	3
3675	1640	3
3675	1641	4
3675	1646	4
3675	1665	3
3675	1674	4
3675	1688	3
3675	1689	3
3675	1702	3
3675	1704	4
3675	1721	5
3675	1722	3
3675	1747	5
3675	1753	2
3675	1760	3
3675	1772	1
3675	1784	4
3675	1794	2
3675	1797	4
3675	1806	3
3675	1816	4
3675	1834	3
3675	1875	3
3675	1883	3
3675	1906	3
3675	1917	4
3675	1920	3
3675	1923	4
3675	1925	3
3675	1927	4
3675	1928	4
3675	1937	4
3675	1947	5
3675	1953	4
3675	1954	5
3675	1967	3
3675	1994	3
3675	2001	4
3675	2004	2
3675	2009	3
3675	2010	4
3675	2011	4
3675	2012	3
3675	2015	3
3675	2018	4
3675	2019	4
3675	2021	3
3675	2027	2
3675	2058	4
3675	2060	3
3675	2078	4
3675	2080	4
3675	2081	5
3675	2100	4
3675	2102	3
3675	2105	3
3675	2110	2
3675	2111	3
3675	2118	3
3675	2123	2
3675	2130	3
3675	2138	3
3675	2142	2
3675	2143	3
3675	2193	3
3675	2195	2
3675	2245	4
3675	2247	4
3675	2248	4
3675	2249	4
3675	2252	3
3675	2262	3
3675	2278	4
3675	2289	4
3675	2302	4
3675	2318	4
3675	2320	2
3675	2322	3
3675	2347	4
3675	2356	3
3675	2359	4
3675	2369	1
3675	2390	3
3675	2391	3
3675	2395	4
3675	2396	5
3675	2401	4
3675	2407	3
3675	2416	4
3675	2424	2
3675	2429	3
3675	2457	4
3675	2469	4
3675	2490	5
3675	2500	3
3675	2530	4
3675	2531	3
3675	2532	3
3675	2533	3
3675	2535	3
3675	2539	4
3675	2598	4
3675	2617	4
3675	2640	3
3675	2670	4
3675	2701	2
3675	2716	4
3675	2722	2
3675	2746	3
3675	2747	3
3675	2761	5
3675	2763	4
3675	2770	3
3675	2795	4
3675	2804	5
3675	2810	2
3675	2870	3
3675	2871	4
3675	2876	3
3675	2877	3
3675	2890	4
3675	2899	4
3675	2915	3
3675	2916	3
3675	2917	3
3675	2919	4
3675	2921	3
3675	2922	3
3675	2951	3
3675	2952	4
3675	2971	4
3675	2990	3
3675	2997	4
3675	3022	4
3675	3028	3
3675	3033	3
3675	3034	4
3675	3037	3
3675	3040	4
3675	3072	4
3675	3086	4
3675	3102	3
3675	3104	4
3675	3114	5
3675	3142	3
3675	3148	5
3675	3157	3
3675	3159	5
3675	3175	4
3675	3196	4
3675	3219	4
3675	3244	3
3675	3247	3
3675	3253	4
3675	3255	4
3675	3256	4
3675	3263	4
3675	3267	4
3675	3308	4
3675	3334	4
3675	3362	5
3675	3418	3
3675	3421	5
3675	3424	3
3675	3430	4
3675	3445	3
3675	3450	3
3675	3476	1
3675	3477	3
3675	3489	4
3675	3499	4
3675	3500	2
3675	3501	2
3675	3506	4
3675	3508	4
3675	3524	4
3675	3527	3
3675	3538	1
3675	3544	3
3675	3545	4
3675	3551	4
3675	3552	5
3675	3578	5
3675	3590	4
3675	3608	4
3675	3615	2
3675	3618	3
3675	3635	3
3675	3638	3
3675	3646	2
3675	3654	4
3675	3655	4
3675	3671	5
3675	3675	4
3675	3679	4
3675	3680	4
3675	3685	5
3675	3693	2
3675	3702	3
3675	3712	2
3675	3729	3
3675	3740	4
3675	3745	3
3675	3760	3
3675	3776	4
3675	3793	4
3675	3812	3
3675	3869	3
3675	3873	5
3678	173	4
3678	198	3
3678	329	4
3678	379	2
3678	480	4
3678	489	1
3678	610	3
3678	671	4
3678	780	4
3678	788	4
3678	849	3
3678	880	2
3678	1199	2
3678	1200	5
3678	1206	5
3678	1214	4
3678	1356	5
3678	1372	3
3678	1373	2
3678	1374	5
3678	1391	1
3678	1573	1
3678	1580	4
3678	1590	3
3678	1690	3
3678	1762	1
3678	1779	1
3678	1917	3
3678	2009	5
3678	2011	3
3678	2012	3
3678	2021	3
3678	2105	4
3678	2232	5
3678	2322	2
3678	2377	2
3678	2407	4
3678	2408	1
3678	2456	4
3678	2526	3
3678	2529	4
3678	2531	3
3678	2549	3
3678	2640	5
3678	2642	3
3678	2672	3
3678	2701	2
3678	2722	4
3678	2807	1
3678	2916	2
3678	2986	2
3678	3033	4
3678	3471	4
3678	3527	4
3678	3578	4
3678	3638	3
3678	3697	1
3678	3698	4
3678	3702	3
3678	3703	3
3678	3704	4
3678	3793	4
3682	17	4
3682	28	5
3682	105	4
3682	111	5
3682	357	3
3682	905	5
3682	911	4
3682	914	5
3682	924	3
3682	969	5
3682	1078	5
3682	1088	4
3682	1135	5
3682	1136	5
3682	1201	5
3682	1220	5
3682	1225	5
3682	1230	5
3682	1237	5
3682	1251	4
3682	1252	5
3682	1264	4
3682	1272	4
3682	1569	3
3682	1639	3
3682	2081	5
3682	2100	5
3682	2369	5
3682	2396	4
3682	2735	4
3682	2919	5
3682	3072	5
3682	3359	5
3682	3404	3
3682	3471	5
3682	3684	4
3692	317	3
3692	590	3
3692	653	4
3692	788	3
3692	968	5
3692	1019	3
3692	1126	2
3692	1201	5
3692	1214	5
3692	1215	5
3692	1258	4
3692	1333	5
3692	1347	5
3692	1387	5
3692	1967	4
3692	1994	4
3692	1997	4
3692	2100	5
3692	2105	3
3692	2161	3
3692	2193	5
3692	2401	5
3692	2651	4
3692	2716	4
3692	2922	4
3692	2951	5
3692	3438	2
3692	3476	3
3692	3479	3
3692	3489	3
3692	3499	4
3692	3508	5
3692	3671	4
3692	3681	5
3692	3693	3
3692	3753	4
3692	3798	4
3695	6	4
3695	10	5
3695	34	5
3695	42	2
3695	110	4
3695	111	3
3695	122	3
3695	158	3
3695	161	4
3695	163	3
3695	180	2
3695	293	5
3695	296	5
3695	318	4
3695	339	4
3695	357	4
3695	410	4
3695	446	4
3695	457	4
3695	513	4
3695	527	5
3695	537	3
3695	555	4
3695	567	3
3695	590	4
3695	593	5
3695	608	5
3695	697	4
3695	741	3
3695	850	3
3695	858	4
3695	861	4
3695	908	3
3695	924	3
3695	999	4
3695	1034	5
3695	1079	4
3695	1088	4
3695	1126	4
3695	1136	5
3695	1198	5
3695	1199	5
3695	1200	5
3695	1206	4
3695	1213	4
3695	1214	4
3695	1217	5
3695	1220	4
3695	1257	4
3695	1265	5
3695	1277	5
3695	1278	4
3695	1290	4
3695	1306	4
3695	1339	4
3695	1356	3
3695	1357	3
3695	1372	5
3695	1374	4
3695	1391	4
3695	1393	3
3695	1396	4
3695	1408	4
3695	1425	5
3695	1525	3
3695	1573	5
3695	1580	4
3695	1610	5
3695	1617	4
3695	1639	5
3695	1641	4
3695	1674	4
3695	1690	4
3695	1721	3
3695	1722	4
3695	1788	4
3695	1914	3
3695	1917	4
3695	1918	4
3695	1923	4
3695	1967	4
3695	1982	4
3695	2001	4
3695	2019	3
3695	2046	4
3695	2072	2
3695	2077	4
3695	2100	4
3695	2110	4
3695	2111	4
3695	2118	3
3695	2138	4
3695	2143	4
3695	2161	4
3695	2173	3
3695	2193	4
3695	2264	3
3695	2278	3
3695	2289	4
3695	2292	4
3695	2302	4
3695	2370	4
3695	2405	4
3695	2407	4
3695	2468	4
3695	2580	5
3695	2617	5
3695	2692	5
3695	2716	4
3695	2788	4
3695	2804	4
3695	2822	2
3695	2839	3
3695	2916	2
3695	2993	3
3695	2997	5
3695	3022	5
3695	3033	3
3695	3037	4
3695	3039	5
3695	3072	4
3695	3114	5
3695	3158	4
3695	3252	4
3695	3255	4
3695	3267	3
3695	3272	3
3695	3398	4
3695	3418	5
3695	3421	4
3695	3452	4
3695	3476	4
3695	3479	4
3695	3489	3
3695	3499	3
3695	3578	4
3695	3608	3
3695	3671	3
3695	3697	4
3695	3702	2
3695	3704	4
3695	3714	3
3695	3793	4
3695	3819	4
3695	3836	4
3700	36	3
3700	110	5
3700	147	5
3700	300	5
3700	527	5
3700	529	5
3700	590	4
3700	593	5
3700	608	4
3700	707	4
3700	832	4
3700	1213	5
3700	1393	4
3700	1601	3
3700	1639	4
3700	1673	4
3700	1680	5
3700	1704	5
3700	1721	5
3700	1784	5
3700	2396	3
3700	2433	5
3700	2598	3
3700	3006	4
3700	3148	4
3700	3178	3
3700	3252	4
3700	3753	3
3700	3798	4
3706	10	2
3706	34	5
3706	180	5
3706	318	5
3706	832	4
3706	837	5
3706	1028	4
3706	1060	5
3706	1079	5
3706	1136	5
3706	1198	5
3706	1213	5
3706	1220	5
3706	1230	5
3706	1234	5
3706	1288	5
3706	1394	4
3706	1580	4
3706	1760	2
3706	1772	2
3706	1923	5
3706	2248	4
3706	2302	5
3706	2396	5
3706	2485	4
3706	2580	3
3706	2804	5
3706	2915	5
3706	2997	4
3706	3175	3
3706	3263	2
3706	3334	3
3706	3421	5
3706	3671	5
3711	110	5
3711	293	5
3711	317	4
3711	318	5
3711	480	5
3711	588	4
3711	593	5
3711	595	3
3711	608	5
3711	780	5
3711	810	1
3711	849	1
3711	908	5
3711	1094	5
3711	1200	5
3711	1213	3
3711	1214	5
3711	1215	5
3711	1566	4
3711	1580	5
3711	1690	1
3711	1917	5
3711	1920	3
3711	1995	3
3711	2012	3
3711	2058	4
3711	2458	3
3711	2629	3
3711	2761	5
3711	2819	4
3711	2916	5
3711	3072	4
3711	3114	5
3711	3175	4
3711	3178	5
3711	3269	4
3711	3697	4
3711	3745	2
3711	3753	4
3711	3793	4
3711	3798	5
3715	24	4
3715	110	5
3715	173	4
3715	198	5
3715	317	3
3715	329	5
3715	379	2
3715	480	5
3715	546	3
3715	558	2
3715	588	5
3715	595	5
3715	610	3
3715	631	2
3715	653	5
3715	709	5
3715	720	5
3715	741	5
3715	780	5
3715	783	4
3715	785	1
3715	788	3
3715	849	2
3715	880	3
3715	888	1
3715	924	1
3715	1024	5
3715	1025	5
3715	1028	4
3715	1029	5
3715	1030	5
3715	1031	4
3715	1032	5
3715	1088	4
3715	1126	3
3715	1198	5
3715	1200	5
3715	1206	4
3715	1214	5
3715	1215	5
3715	1220	4
3715	1223	5
3715	1288	1
3715	1356	5
3715	1372	5
3715	1373	5
3715	1374	5
3715	1396	5
3715	1513	1
3715	1566	5
3715	1570	1
3715	1573	4
3715	1580	5
3715	1688	4
3715	1690	4
3715	1702	4
3715	1760	3
3715	1762	1
3715	1779	4
3715	1862	1
3715	1882	3
3715	1917	5
3715	1920	4
3715	1947	2
3715	1967	5
3715	2011	5
3715	2012	5
3715	2015	3
3715	2018	5
3715	2021	5
3715	2038	4
3715	2046	5
3715	2078	5
3715	2080	5
3715	2081	5
3715	2083	5
3715	2093	5
3715	2100	3
3715	2102	5
3715	2105	5
3715	2123	4
3715	2142	3
3715	2143	5
3715	2161	5
3715	2193	5
3715	2322	2
3715	2396	4
3715	2399	3
3715	2407	4
3715	2408	3
3715	2490	3
3715	2568	3
3715	2581	3
3715	2598	4
3715	2606	1
3715	2640	5
3715	2642	4
3715	2701	4
3715	2709	5
3715	2716	4
3715	2719	3
3715	2722	1
3715	2746	4
3715	2761	5
3715	2763	4
3715	2771	4
3715	2826	4
3715	2840	3
3715	2876	2
3715	2916	5
3715	2986	3
3715	2995	3
3715	2997	1
3715	3005	3
3715	3033	5
3715	3034	5
3715	3053	2
3715	3114	5
3715	3145	1
3715	3157	3
3715	3159	5
3715	3175	4
3715	3300	4
3715	3354	4
3715	3401	3
3715	3438	3
3715	3452	5
3715	3466	3
3715	3471	4
3715	3479	4
3715	3489	5
3715	3527	5
3715	3578	5
3715	3638	5
3715	3697	3
3715	3698	4
3715	3702	5
3715	3703	4
3715	3745	4
3715	3776	5
3715	3793	5
3717	22	4
3717	34	5
3717	36	5
3717	89	4
3717	95	1
3717	111	3
3717	170	4
3717	198	4
3717	235	4
3717	296	5
3717	318	5
3717	329	4
3717	373	1
3717	457	4
3717	480	5
3717	527	5
3717	529	5
3717	593	4
3717	608	4
3717	671	5
3717	736	4
3717	785	3
3717	788	3
3717	832	4
3717	858	3
3717	866	2
3717	903	4
3717	908	3
3717	924	3
3717	953	5
3717	969	3
3717	1079	5
3717	1092	4
3717	1136	4
3717	1183	1
3717	1190	1
3717	1193	4
3717	1198	5
3717	1200	4
3717	1204	3
3717	1211	2
3717	1213	3
3717	1214	4
3717	1220	5
3717	1225	4
3717	1234	5
3717	1246	4
3717	1257	4
3717	1258	2
3717	1265	5
3717	1288	5
3717	1297	5
3717	1356	4
3717	1372	3
3717	1374	4
3717	1387	3
3717	1394	5
3717	1396	4
3717	1411	5
3717	1449	4
3717	1569	5
3717	1573	2
3717	1580	4
3717	1610	4
3717	1617	3
3717	1680	4
3717	1704	4
3717	1721	4
3717	1784	3
3717	1834	5
3717	1892	2
3717	1947	4
3717	1954	4
3717	1962	4
3717	1963	4
3717	1994	4
3717	1995	3
3717	2012	4
3717	2022	4
3717	2046	4
3717	2081	4
3717	2248	4
3717	2278	4
3717	2302	4
3717	2312	3
3717	2396	4
3717	2407	4
3717	2429	2
3717	2446	3
3717	2457	5
3717	2490	3
3717	2501	4
3717	2526	2
3717	2617	3
3717	2640	4
3717	2716	3
3717	2745	4
3717	2746	4
3717	2752	4
3717	2763	4
3717	2788	5
3717	2795	4
3717	2804	5
3717	2819	4
3717	2844	2
3717	2881	4
3717	2916	4
3717	3037	4
3717	3039	4
3717	3044	5
3717	3061	2
3717	3072	2
3717	3100	4
3717	3104	5
3717	3114	4
3717	3159	4
3717	3178	4
3717	3196	4
3717	3203	4
3717	3238	2
3717	3253	4
3717	3269	4
3717	3300	1
3717	3362	4
3717	3409	4
3717	3420	4
3717	3421	3
3717	3424	4
3717	3468	3
3717	3471	4
3717	3476	2
3717	3477	3
3717	3499	3
3717	3510	4
3717	3527	5
3717	3555	3
3717	3578	3
3717	3697	5
3717	3698	3
3717	3791	5
3717	3798	4
3717	3937	4
3717	3952	4
3729	6	3
3729	10	5
3729	22	5
3729	31	3
3729	34	5
3729	36	5
3729	41	3
3729	110	5
3729	111	5
3729	147	5
3729	151	4
3729	161	5
3729	173	1
3729	198	2
3729	203	3
3729	231	3
3729	246	5
3729	279	4
3729	296	5
3729	299	5
3729	300	4
3729	303	4
3729	318	5
3729	357	5
3729	360	2
3729	372	4
3729	432	2
3729	434	4
3729	441	3
3729	454	5
3729	457	5
3729	466	3
3729	480	4
3729	500	4
3729	511	4
3729	514	4
3729	527	5
3729	548	4
3729	555	2
3729	590	4
3729	593	5
3729	608	4
3729	628	5
3729	736	2
3729	780	4
3729	786	3
3729	805	5
3729	832	3
3729	858	5
3729	903	4
3729	910	5
3729	924	3
3729	953	3
3729	1060	4
3729	1079	4
3729	1092	5
3729	1094	4
3729	1135	2
3729	1136	4
3729	1171	3
3729	1178	4
3729	1183	2
3729	1193	5
3729	1198	5
3729	1206	4
3729	1213	3
3729	1220	3
3729	1222	4
3729	1225	5
3729	1228	4
3729	1242	4
3729	1246	4
3729	1258	5
3729	1265	3
3729	1276	4
3729	1278	5
3729	1292	3
3729	1293	5
3729	1357	5
3729	1387	5
3729	1393	3
3729	1394	3
3729	1407	4
3729	1466	4
3729	1488	5
3729	1542	5
3729	1573	4
3729	1580	5
3729	1610	5
3729	1616	4
3729	1617	5
3729	1641	5
3729	1649	3
3729	1665	4
3729	1673	3
3729	1674	4
3729	1689	3
3729	1704	4
3729	1721	3
3729	1722	4
3729	1729	3
3729	1747	5
3729	1760	1
3729	1784	5
3729	1840	4
3729	1883	4
3729	1923	5
3729	1947	4
3729	1954	5
3729	1994	5
3729	2001	3
3729	2004	2
3729	2011	2
3729	2012	2
3729	2021	2
3729	2023	5
3729	2053	1
3729	2058	4
3729	2077	5
3729	2080	4
3729	2093	3
3729	2100	3
3729	2105	4
3729	2111	3
3729	2112	2
3729	2120	3
3729	2153	3
3729	2188	4
3729	2278	4
3729	2302	4
3729	2329	5
3729	2353	4
3729	2359	4
3729	2374	3
3729	2389	4
3729	2391	3
3729	2395	3
3729	2396	3
3729	2405	3
3729	2407	3
3729	2410	3
3729	2411	2
3729	2437	3
3729	2458	3
3729	2485	3
3729	2558	3
3729	2568	3
3729	2581	1
3729	2617	3
3729	2620	4
3729	2640	4
3729	2712	5
3729	2716	4
3729	2729	3
3729	2734	3
3729	2735	2
3729	2739	5
3729	2748	1
3729	2763	4
3729	2764	4
3729	2804	5
3729	2815	3
3729	2871	4
3729	2890	5
3729	2908	4
3729	2915	5
3729	2916	3
3729	2953	1
3729	2976	3
3729	2986	2
3729	2990	3
3729	2993	5
3729	2997	1
3729	3006	2
3729	3033	5
3729	3034	5
3729	3090	3
3729	3107	4
3729	3148	5
3729	3178	5
3729	3243	2
3729	3247	3
3729	3253	5
3729	3255	4
3729	3256	5
3729	3263	3
3729	3362	4
3729	3388	3
3729	3404	3
3729	3420	3
3729	3421	5
3729	3450	4
3729	3471	4
3729	3489	2
3729	3499	5
3729	3527	4
3729	3552	5
3729	3555	5
3729	3578	5
3729	3618	4
3729	3633	5
3729	3635	5
3729	3638	5
3729	3671	5
3729	3710	3
3729	3733	3
3729	3740	2
3729	3753	5
3729	3793	5
3729	3869	4
3738	34	5
3738	910	5
3738	1079	3
3738	1234	5
3738	1292	5
3738	2396	3
3738	2716	5
3738	3088	5
3738	3362	5
3738	3421	5
3738	3608	3
3738	3671	5
3738	3869	5
3738	3873	4
3740	36	4
3740	110	5
3740	296	5
3740	318	4
3740	527	5
3740	608	5
3740	858	5
3740	1193	5
3740	1222	5
3740	1225	5
3740	1242	5
3740	1466	4
3740	1721	3
3740	1729	4
3740	1784	5
3740	1882	2
3740	2001	5
3740	2329	5
3740	2804	3
3740	3255	5
3740	3578	5
3743	110	4
3743	296	3
3743	352	3
3743	357	4
3743	788	3
3743	1064	4
3743	1094	3
3743	1265	2
3743	1393	4
3743	1721	4
3743	1784	4
3743	2339	3
3743	2424	4
3743	2739	4
3743	2953	3
3743	3578	4
3745	5	3
3745	24	3
3745	34	5
3745	70	5
3745	122	3
3745	216	3
3745	231	1
3745	317	3
3745	333	2
3745	339	4
3745	351	4
3745	372	3
3745	410	3
3745	413	3
3745	441	4
3745	489	2
3745	497	4
3745	500	4
3745	514	5
3745	550	4
3745	574	4
3745	656	4
3745	785	4
3745	788	3
3745	799	3
3745	830	2
3745	837	3
3745	968	2
3745	1020	4
3745	1113	3
3745	1215	5
3745	1265	3
3745	1390	3
3745	1441	4
3745	1485	3
3745	1513	2
3745	1569	4
3745	1592	4
3745	1612	4
3745	1641	3
3745	1648	4
3745	1784	4
3745	1806	3
3745	1883	3
3745	1888	3
3745	1895	3
3745	1923	5
3745	2004	3
3745	2029	4
3745	2037	4
3745	2038	3
3745	2147	2
3745	2249	2
3745	2252	2
3745	2302	4
3745	2336	4
3745	2342	5
3745	2369	4
3745	2396	4
3745	2485	3
3745	2490	3
3745	2526	1
3745	2539	5
3745	2558	2
3745	2581	4
3745	2598	3
3745	2600	3
3745	2701	2
3745	2715	5
3745	2716	5
3745	2719	2
3745	2734	2
3745	2826	4
3745	2840	4
3745	2853	1
3745	2881	3
3745	2889	4
3745	2995	2
3745	3005	4
3745	3013	1
3745	3175	4
3745	3203	4
3745	3219	4
3745	3238	2
3745	3253	4
3745	3255	4
3745	3263	3
3745	3300	5
3745	3409	3
3745	3466	3
3745	3477	3
3745	3510	4
3745	3578	5
3745	3791	5
3745	3793	5
3745	3798	1
3745	3834	2
3745	3836	4
3745	3838	3
3745	3840	2
3745	3841	2
3745	3844	5
3745	3869	3
3745	3877	2
3749	34	5
3749	111	5
3749	157	2
3749	231	4
3749	235	5
3749	339	4
3749	348	4
3749	351	5
3749	357	5
3749	372	4
3749	410	4
3749	457	5
3749	497	4
3749	514	5
3749	587	3
3749	593	5
3749	608	5
3749	728	3
3749	784	3
3749	785	3
3749	838	4
3749	1042	4
3749	1060	4
3749	1171	4
3749	1391	3
3749	1441	3
3749	1449	4
3749	1480	3
3749	1485	4
3749	1569	3
3749	1580	5
3749	1617	4
3749	1641	5
3749	1689	2
3749	1888	1
3749	1914	3
3749	1917	1
3749	1920	3
3749	2249	3
3749	2289	5
3749	2302	4
3749	2395	5
3749	2396	5
3749	2490	3
3749	2617	5
3749	3044	5
3749	3175	4
3749	3219	4
3749	3253	4
3749	3255	4
3749	3256	1
3749	3359	4
3749	3466	3
3749	3476	4
3749	3712	2
3751	17	5
3751	105	3
3751	110	3
3751	151	3
3751	235	1
3751	236	3
3751	270	3
3751	276	2
3751	293	2
3751	300	4
3751	303	3
3751	329	4
3751	342	2
3751	357	4
3751	432	3
3751	446	2
3751	466	1
3751	480	5
3751	497	5
3751	527	5
3751	529	4
3751	587	4
3751	588	3
3751	590	5
3751	593	3
3751	605	5
3751	608	1
3751	638	4
3751	647	2
3751	707	3
3751	736	2
3751	779	3
3751	780	1
3751	838	5
3751	858	5
3751	901	2
3751	903	5
3751	905	4
3751	908	5
3751	914	5
3751	915	5
3751	916	3
3751	922	5
3751	924	4
3751	926	5
3751	929	3
3751	932	5
3751	933	5
3751	945	4
3751	953	5
3751	969	4
3751	1019	2
3751	1020	5
3751	1079	5
3751	1088	5
3751	1094	1
3751	1104	5
3751	1136	3
3751	1193	3
3751	1198	5
3751	1200	5
3751	1204	4
3751	1206	2
3751	1213	4
3751	1214	5
3751	1220	3
3751	1225	5
3751	1234	5
3751	1258	4
3751	1272	4
3751	1277	5
3751	1286	3
3751	1287	5
3751	1288	3
3751	1289	2
3751	1293	3
3751	1333	4
3751	1339	2
3751	1357	2
3751	1372	4
3751	1373	3
3751	1391	2
3751	1393	4
3751	1394	2
3751	1396	4
3751	1408	5
3751	1411	5
3751	1414	4
3751	1453	1
3751	1480	3
3751	1488	3
3751	1542	3
3751	1569	4
3751	1580	4
3751	1610	5
3751	1616	3
3751	1617	5
3751	1680	3
3751	1683	4
3751	1690	4
3751	1721	5
3751	1722	2
3751	1784	4
3751	1835	3
3751	1888	4
3751	1912	4
3751	1936	3
3751	1947	5
3751	1950	5
3751	1953	4
3751	1957	4
3751	1982	4
3751	1994	2
3751	1997	3
3751	2011	3
3751	2012	2
3751	2021	3
3751	2100	4
3751	2105	2
3751	2118	4
3751	2120	3
3751	2146	3
3751	2171	3
3751	2177	3
3751	2179	3
3751	2183	5
3751	2184	2
3751	2203	4
3751	2211	3
3751	2245	2
3751	2266	2
3751	2311	2
3751	2369	3
3751	2390	3
3751	2396	4
3751	2401	5
3751	2405	4
3751	2407	5
3751	2424	4
3751	2426	2
3751	2433	2
3751	2459	2
3751	2468	3
3751	2469	3
3751	2529	2
3751	2531	2
3751	2532	1
3751	2533	2
3751	2612	3
3751	2617	2
3751	2635	4
3751	2640	3
3751	2664	4
3751	2690	4
3751	2701	1
3751	2716	4
3751	2746	4
3751	2761	3
3751	2763	3
3751	2769	3
3751	2815	1
3751	2881	3
3751	2890	5
3751	2908	4
3751	2916	3
3751	2919	4
3751	2950	2
3751	2997	3
3751	3033	3
3751	3044	4
3751	3072	4
3751	3088	3
3751	3114	4
3751	3144	2
3751	3169	3
3751	3175	5
3751	3196	4
3751	3219	3
3751	3244	4
3751	3269	2
3751	3317	3
3751	3372	3
3751	3418	3
3751	3426	3
3751	3436	2
3751	3471	3
3751	3499	3
3751	3501	3
3751	3508	3
3751	3527	3
3751	3594	2
3751	3638	2
3751	3654	4
3751	3668	4
3751	3671	3
3751	3684	4
3751	3702	3
3751	3704	3
3751	3718	1
3751	3793	3
3751	3798	4
3751	3823	3
3751	3836	3
3751	3893	4
3760	34	5
3760	70	4
3760	105	3
3760	110	3
3760	151	4
3760	232	4
3760	235	5
3760	296	5
3760	303	4
3760	317	4
3760	318	2
3760	342	3
3760	457	3
3760	466	3
3760	480	5
3760	527	4
3760	590	3
3760	608	5
3760	707	4
3760	728	4
3760	736	2
3760	780	3
3760	788	4
3760	842	5
3760	858	5
3760	908	4
3760	910	5
3760	924	3
3760	940	5
3760	952	4
3760	953	3
3760	968	4
3760	969	5
3760	999	4
3760	1015	3
3760	1019	4
3760	1028	5
3760	1078	4
3760	1084	5
3760	1183	3
3760	1193	3
3760	1198	5
3760	1200	4
3760	1201	4
3760	1204	5
3760	1206	4
3760	1213	3
3760	1214	5
3760	1215	5
3760	1222	3
3760	1225	4
3760	1230	2
3760	1242	4
3760	1251	1
3760	1252	4
3760	1258	2
3760	1261	4
3760	1264	3
3760	1265	3
3760	1272	5
3760	1276	5
3760	1278	5
3760	1283	3
3760	1287	5
3760	1292	5
3760	1333	5
3760	1339	4
3760	1347	4
3760	1387	5
3760	1391	5
3760	1407	3
3760	1408	4
3760	1580	4
3760	1610	3
3760	1617	5
3760	1674	4
3760	1729	4
3760	1862	3
3760	1924	3
3760	1936	4
3760	1947	2
3760	1953	4
3760	1954	4
3760	1982	5
3760	1997	2
3760	2001	4
3760	2009	3
3760	2021	1
3760	2023	2
3760	2077	2
3760	2080	5
3760	2100	4
3760	2130	3
3760	2161	4
3760	2287	3
3760	2346	3
3760	2370	4
3760	2396	5
3760	2401	3
3760	2407	4
3760	2535	2
3760	2617	5
3760	2647	3
3760	2649	5
3760	2652	5
3760	2716	5
3760	2764	4
3760	2793	4
3760	2804	5
3760	2819	2
3760	2826	4
3760	2868	4
3760	2871	4
3760	2890	4
3760	2916	3
3760	2917	4
3760	2921	4
3760	2922	4
3760	2951	4
3760	2995	4
3760	3062	4
3760	3107	3
3760	3114	5
3760	3175	5
3760	3247	3
3760	3267	3
3760	3365	5
3760	3418	3
3760	3421	5
3760	3467	5
3760	3471	3
3760	3479	4
3760	3505	4
3760	3545	4
3760	3552	5
3760	3578	5
3760	3634	3
3760	3654	4
3760	3671	4
3760	3681	3
3760	3702	3
3760	3737	3
3760	3740	3
3760	3753	5
3760	3811	4
3760	3836	3
3761	34	4
3761	110	5
3761	111	4
3761	198	3
3761	235	4
3761	246	4
3761	318	5
3761	342	4
3761	457	4
3761	480	4
3761	527	4
3761	529	3
3761	555	4
3761	593	3
3761	608	5
3761	671	5
3761	720	5
3761	741	5
3761	858	5
3761	908	4
3761	924	5
3761	969	3
3761	1079	5
3761	1136	5
3761	1175	4
3761	1198	5
3761	1199	5
3761	1200	5
3761	1201	4
3761	1204	4
3761	1206	5
3761	1214	5
3761	1215	4
3761	1217	3
3761	1225	5
3761	1228	4
3761	1230	4
3761	1242	4
3761	1276	4
3761	1287	4
3761	1288	5
3761	1356	5
3761	1372	3
3761	1374	5
3761	1378	4
3761	1387	5
3761	1446	4
3761	1573	4
3761	1580	5
3761	1610	5
3761	1617	5
3761	1639	4
3761	1953	3
3761	2004	2
3761	2011	3
3761	2019	4
3761	2021	5
3761	2046	4
3761	2105	4
3761	2173	4
3761	2248	4
3761	2289	4
3761	2311	4
3761	2396	4
3761	2407	4
3761	2529	4
3761	2530	4
3761	2640	5
3761	2642	3
3761	2788	3
3761	2804	4
3761	2916	4
3761	2997	5
3761	3033	4
3761	3114	5
3761	3401	3
3761	3418	4
3761	3424	3
3761	3461	4
3761	3471	5
3761	3527	5
3761	3578	4
3761	3638	4
3761	3697	2
3761	3698	2
3761	3702	4
3761	3703	4
3761	3704	3
3761	3745	3
3761	3753	3
3761	3793	4
3761	3811	4
3762	24	1
3762	76	2
3762	111	3
3762	161	2
3762	173	1
3762	198	1
3762	296	5
3762	329	2
3762	330	2
3762	373	4
3762	419	2
3762	422	4
3762	454	3
3762	457	4
3762	480	5
3762	512	2
3762	532	1
3762	546	1
3762	565	2
3762	593	5
3762	606	1
3762	608	4
3762	671	1
3762	707	3
3762	788	1
3762	842	1
3762	858	5
3762	891	1
3762	903	3
3762	908	3
3762	910	3
3762	922	4
3762	924	4
3762	931	5
3762	933	3
3762	942	5
3762	952	2
3762	968	4
3762	1019	3
3762	1068	3
3762	1086	3
3762	1130	2
3762	1193	3
3762	1200	4
3762	1206	5
3762	1213	3
3762	1214	5
3762	1252	5
3762	1258	4
3762	1264	5
3762	1278	1
3762	1322	1
3762	1324	1
3762	1328	1
3762	1329	1
3762	1333	2
3762	1339	2
3762	1340	5
3762	1342	1
3762	1346	2
3762	1372	3
3762	1387	5
3762	1388	2
3762	1407	3
3762	1480	2
3762	1573	3
3762	1580	3
3762	1590	2
3762	1610	2
3762	1617	4
3762	1661	3
3762	1674	2
3762	1690	3
3762	1762	2
3762	1779	1
3762	1785	2
3762	1834	4
3762	1862	1
3762	1882	1
3762	1917	2
3762	1924	3
3762	1953	4
3762	1970	1
3762	1972	1
3762	1973	1
3762	1974	2
3762	1975	1
3762	1979	1
3762	1982	2
3762	1984	1
3762	1986	1
3762	1988	1
3762	1989	1
3762	1992	1
3762	1993	1
3762	1994	3
3762	1995	1
3762	1997	5
3762	1998	1
3762	2004	2
3762	2009	2
3762	2010	3
3762	2011	1
3762	2012	1
3762	2021	3
3762	2058	2
3762	2107	2
3762	2120	2
3762	2121	1
3762	2122	1
3762	2149	1
3762	2177	1
3762	2178	2
3762	2181	3
3762	2183	3
3762	2184	1
3762	2202	5
3762	2208	3
3762	2212	3
3762	2278	2
3762	2287	4
3762	2311	4
3762	2315	1
3762	2346	3
3762	2365	3
3762	2368	1
3762	2389	1
3762	2407	2
3762	2408	1
3762	2456	1
3762	2459	1
3762	2461	1
3762	2462	1
3762	2526	2
3762	2529	3
3762	2531	2
3762	2532	2
3762	2533	2
3762	2548	1
3762	2554	4
3762	2640	3
3762	2642	2
3762	2646	4
3762	2647	5
3762	2649	5
3762	2650	5
3762	2651	5
3762	2652	2
3762	2655	1
3762	2663	4
3762	2664	5
3762	2667	3
3762	2672	3
3762	2716	3
3762	2719	1
3762	2722	3
3762	2746	5
3762	2747	3
3762	2764	3
3762	2784	2
3762	2819	3
3762	2826	1
3762	2868	1
3762	2871	3
3762	2903	1
3762	2916	4
3762	2917	3
3762	2967	3
3762	2986	1
3762	2995	1
3762	3017	1
3762	3022	4
3762	3058	3
3762	3075	3
3762	3121	3
3762	3176	4
3762	3256	2
3762	3334	4
3762	3340	3
3762	3354	3
3762	3461	2
3762	3471	3
3762	3476	2
3762	3499	3
3762	3513	3
3762	3527	5
3762	3546	3
3762	3551	3
3762	3634	3
3762	3661	1
3762	3663	1
3762	3664	1
3762	3676	2
3762	3693	1
3762	3695	1
3762	3697	2
3762	3700	2
3762	3702	4
3762	3703	4
3762	3708	1
3762	3780	3
3762	3838	1
3762	3840	5
3762	3849	4
3766	5	4
3766	19	3
3766	34	3
3766	153	3
3766	216	3
3766	231	4
3766	236	3
3766	276	3
3766	317	4
3766	339	3
3766	357	4
3766	372	4
3766	413	1
3766	441	3
3766	497	3
3766	500	4
3766	587	4
3766	588	3
3766	784	3
3766	788	3
3766	1020	2
3766	1042	3
3766	1091	3
3766	1126	2
3766	1258	3
3766	1265	3
3766	1378	3
3766	1379	3
3766	1441	3
3766	1457	3
3766	1485	4
3766	1513	3
3766	1569	4
3766	1721	4
3766	1784	3
3766	2011	2
3766	2012	2
3766	2072	3
3766	2245	3
3766	2265	1
3766	2369	2
3766	2416	2
3766	2424	4
3766	2485	3
3766	2539	3
3766	2558	3
3766	2716	3
3766	2735	3
3766	2746	3
3766	2794	3
3766	2798	2
3766	2915	3
3766	2953	3
3766	3243	2
3766	3247	3
3766	3253	3
3766	3255	4
3766	3263	3
3766	3388	3
3766	3608	3
3767	17	4
3767	110	3
3767	307	4
3767	326	5
3767	425	4
3767	446	5
3767	506	1
3767	515	4
3767	1176	4
3767	1183	5
3767	1513	3
3767	1673	1
3767	2336	2
3767	2396	4
3767	2442	4
3767	2546	3
3767	2712	2
3767	3125	4
3767	3203	3
3767	3252	4
3767	3418	4
3779	17	3
3779	28	4
3779	357	4
3779	425	3
3779	497	4
3779	838	3
3779	911	4
3779	914	5
3779	915	3
3779	916	5
3779	932	3
3779	933	5
3779	943	4
3779	1059	5
3779	1094	3
3779	1265	2
3779	1357	4
3779	1498	4
3779	1674	4
3779	1680	1
3779	2130	3
3779	2396	3
3779	2526	1
3779	2919	5
3779	3094	5
3779	3479	4
3786	110	2
3786	211	4
3786	235	4
3786	246	5
3786	247	5
3786	318	5
3786	457	4
3786	535	3
3786	549	4
3786	593	5
3786	1034	5
3786	1094	4
3786	1147	5
3786	1198	4
3786	1236	5
3786	1265	4
3786	1277	3
3786	1357	4
3786	1411	5
3786	1466	4
3786	1594	4
3786	1617	3
3786	1673	4
3786	1704	4
3786	1834	3
3786	1914	3
3786	1916	5
3786	2289	5
3786	2302	4
3786	2318	4
3786	2336	2
3786	2712	3
3786	2819	4
3786	2997	4
3786	3100	4
3786	3499	4
3787	329	3
3787	1028	3
3787	1230	4
3787	1387	3
3787	1639	5
3787	2369	4
3787	2788	5
3787	3786	5
3787	3812	3
3796	5	2
3796	34	4
3796	111	4
3796	231	3
3796	296	2
3796	317	4
3796	342	3
3796	355	3
3796	357	4
3796	457	4
3796	527	5
3796	587	5
3796	588	4
3796	590	3
3796	595	3
3796	830	4
3796	858	5
3796	905	4
3796	914	4
3796	926	5
3796	934	4
3796	938	4
3796	952	3
3796	969	5
3796	971	4
3796	1028	4
3796	1078	4
3796	1084	4
3796	1091	3
3796	1096	5
3796	1135	4
3796	1193	5
3796	1198	5
3796	1206	4
3796	1214	5
3796	1228	4
3796	1230	5
3796	1234	5
3796	1246	4
3796	1252	4
3796	1272	5
3796	1278	4
3796	1292	5
3796	1293	4
3796	1333	4
3796	1367	4
3796	1393	4
3796	1485	3
3796	1569	4
3796	1674	4
3796	1704	5
3796	1936	5
3796	1953	5
3796	1954	3
3796	1957	4
3796	1962	5
3796	1964	3
3796	1994	3
3796	2015	4
3796	2078	4
3796	2081	3
3796	2102	3
3796	2130	5
3796	2245	4
3796	2262	4
3796	2313	4
3796	2405	3
3796	2408	4
3796	2469	5
3796	2574	2
3796	2716	4
3796	2746	4
3796	2747	4
3796	2795	4
3796	2819	4
3796	2881	4
3796	2915	4
3796	2917	5
3796	2919	4
3796	3015	4
3796	3037	4
3796	3039	5
3796	3072	4
3796	3157	4
3796	3244	4
3796	3304	3
3796	3362	4
3796	3421	3
3796	3447	4
3796	3500	4
3796	3524	4
3796	3551	4
3796	3685	5
3796	3812	4
3803	736	3
3803	780	5
3803	1028	5
3803	1032	4
3803	1230	4
3803	1387	4
3803	1863	3
3803	2247	4
3803	2302	4
3803	2471	3
3803	3146	1
3803	3263	4
3803	3649	3
3803	3844	4
3808	5	2
3808	6	5
3808	19	3
3808	22	4
3808	24	4
3808	26	2
3808	31	3
3808	34	4
3808	36	3
3808	42	3
3808	44	1
3808	61	2
3808	65	4
3808	70	5
3808	71	3
3808	76	2
3808	79	3
3808	95	3
3808	105	2
3808	110	5
3808	111	4
3808	145	2
3808	147	3
3808	153	2
3808	161	3
3808	163	3
3808	170	3
3808	173	1
3808	174	4
3808	180	4
3808	181	1
3808	216	4
3808	231	5
3808	235	3
3808	236	3
3808	246	4
3808	276	3
3808	282	4
3808	293	4
3808	296	5
3808	300	4
3808	303	3
3808	312	1
3808	317	2
3808	318	5
3808	325	2
3808	330	3
3808	333	4
3808	339	4
3808	342	5
3808	355	2
3808	357	4
3808	360	1
3808	372	3
3808	373	3
3808	376	3
3808	394	4
3808	413	3
3808	415	1
3808	416	2
3808	419	1
3808	424	1
3808	427	4
3808	429	1
3808	432	3
3808	434	1
3808	441	4
3808	447	1
3808	454	4
3808	457	3
3808	466	4
3808	479	3
3808	480	4
3808	487	1
3808	500	4
3808	505	2
3808	511	3
3808	512	3
3808	518	3
3808	529	4
3808	532	4
3808	533	2
3808	535	4
3808	537	3
3808	546	1
3808	550	3
3808	555	5
3808	580	4
3808	587	2
3808	590	5
3808	593	5
3808	595	4
3808	606	1
3808	608	5
3808	610	1
3808	628	4
3808	638	3
3808	653	3
3808	662	3
3808	671	2
3808	707	2
3808	736	3
3808	780	5
3808	782	3
3808	784	4
3808	785	5
3808	786	3
3808	788	3
3808	805	4
3808	810	1
3808	830	2
3808	832	3
3808	836	2
3808	837	2
3808	842	3
3808	849	3
3808	858	5
3808	866	4
3808	880	1
3808	891	1
3808	903	4
3808	908	4
3808	924	5
3808	968	3
3808	1019	3
3808	1020	3
3808	1028	4
3808	1059	1
3808	1079	4
3808	1084	3
3808	1088	2
3808	1091	3
3808	1092	4
3808	1096	2
3808	1126	3
3808	1130	4
3808	1135	4
3808	1136	5
3808	1171	3
3808	1193	4
3808	1198	5
3808	1199	5
3808	1200	5
3808	1201	5
3808	1206	5
3808	1213	5
3808	1214	5
3808	1215	5
3808	1217	2
3808	1220	5
3808	1222	5
3808	1225	5
3808	1227	4
3808	1228	3
3808	1234	4
3808	1242	3
3808	1246	4
3808	1252	3
3808	1257	4
3808	1258	4
3808	1265	5
3808	1271	3
3808	1272	5
3808	1275	5
3808	1276	4
3808	1277	2
3808	1278	2
3808	1286	3
3808	1288	5
3808	1289	5
3808	1297	3
3808	1339	4
3808	1341	3
3808	1342	3
3808	1346	3
3808	1347	3
3808	1356	3
3808	1367	4
3808	1374	4
3808	1378	3
3808	1387	4
3808	1388	2
3808	1391	5
3808	1393	4
3808	1394	5
3808	1396	4
3808	1401	3
3808	1407	5
3808	1408	4
3808	1439	2
3808	1441	3
3808	1445	2
3808	1453	1
3808	1457	3
3808	1460	2
3808	1466	4
3808	1480	4
3808	1485	5
3808	1487	3
3808	1499	2
3808	1513	4
3808	1569	3
3808	1573	4
3808	1580	5
3808	1590	3
3808	1592	2
3808	1594	3
3808	1595	1
3808	1598	3
3808	1601	1
3808	1609	3
3808	1610	4
3808	1616	2
3808	1617	5
3808	1621	3
3808	1639	4
3808	1640	2
3808	1641	4
3808	1647	3
3808	1665	1
3808	1666	1
3808	1671	3
3808	1673	5
3808	1674	3
3808	1679	1
3808	1680	4
3808	1690	4
3808	1702	2
3808	1704	4
3808	1721	5
3808	1722	3
3808	1729	4
3808	1731	1
3808	1746	3
3808	1747	3
3808	1760	1
3808	1769	3
3808	1772	1
3808	1779	3
3808	1783	4
3808	1784	4
3808	1785	5
3808	1791	4
3808	1792	3
3808	1804	2
3808	1806	1
3808	1816	3
3808	1833	3
3808	1834	1
3808	1840	4
3808	1845	3
3808	1862	2
3808	1863	2
3808	1875	2
3808	1882	4
3808	1883	3
3808	1888	3
3808	1917	3
3808	1918	2
3808	1920	4
3808	1923	5
3808	1924	1
3808	1947	2
3808	1953	3
3808	1954	3
3808	1955	3
3808	1957	2
3808	1962	3
3808	1964	4
3808	1967	2
3808	1970	3
3808	1973	1
3808	1974	3
3808	1979	1
3808	1982	4
3808	1984	1
3808	1986	1
3808	1992	2
3808	1993	1
3808	1994	4
3808	1995	1
3808	1997	4
3808	1998	1
3808	2001	2
3808	2004	2
3808	2010	2
3808	2011	3
3808	2012	1
3808	2015	2
3808	2016	3
3808	2018	4
3808	2021	4
3808	2024	3
3808	2027	2
3808	2044	3
3808	2058	3
3808	2060	1
3808	2075	4
3808	2078	4
3808	2080	4
3808	2081	3
3808	2100	4
3808	2102	3
3808	2105	2
3808	2107	4
3808	2111	3
3808	2112	3
3808	2118	4
3808	2120	3
3808	2121	3
3808	2122	4
3808	2130	3
3808	2146	2
3808	2147	3
3808	2149	1
3808	2151	2
3808	2152	1
3808	2158	1
3808	2159	2
3808	2161	3
3808	2193	3
3808	2241	2
3808	2245	4
3808	2247	4
3808	2248	3
3808	2249	4
3808	2261	4
3808	2262	4
3808	2264	1
3808	2265	1
3808	2266	3
3808	2278	5
3808	2289	4
3808	2302	4
3808	2311	4
3808	2312	4
3808	2313	3
3808	2315	3
3808	2316	3
3808	2322	3
3808	2347	4
3808	2353	3
3808	2356	2
3808	2368	1
3808	2369	3
3808	2373	1
3808	2374	2
3808	2377	4
3808	2380	1
3808	2385	3
3808	2389	3
3808	2390	5
3808	2391	4
3808	2395	4
3808	2396	3
3808	2401	5
3808	2405	2
3808	2407	3
3808	2408	1
3808	2410	1
3808	2411	1
3808	2424	5
3808	2456	1
3808	2457	3
3808	2458	2
3808	2459	3
3808	2461	1
3808	2462	1
3808	2468	1
3808	2469	4
3808	2474	4
3808	2479	3
3808	2485	3
3808	2490	3
3808	2500	4
3808	2501	3
3808	2520	2
3808	2529	3
3808	2530	1
3808	2531	1
3808	2532	1
3808	2539	2
3808	2540	3
3808	2548	1
3808	2549	1
3808	2551	4
3808	2554	3
3808	2567	3
3808	2568	2
3808	2581	4
3808	2598	3
3808	2606	4
3808	2617	3
3808	2629	2
3808	2639	2
3808	2640	3
3808	2642	1
3808	2655	1
3808	2664	3
3808	2701	2
3808	2709	2
3808	2712	4
3808	2716	5
3808	2729	4
3808	2734	3
3808	2735	1
3808	2739	3
3808	2745	3
3808	2746	2
3808	2772	5
3808	2793	3
3808	2794	3
3808	2795	4
3808	2796	1
3808	2798	3
3808	2804	5
3808	2815	3
3808	2816	1
3808	2817	1
3808	2862	2
3808	2866	3
3808	2868	1
3808	2871	5
3808	2877	2
3808	2890	5
3808	2903	1
3808	2915	4
3808	2916	4
3808	2917	4
3808	2919	3
3808	2921	4
3808	2922	3
3808	2950	3
3808	2951	4
3808	2953	1
3808	2971	2
3808	2995	1
3808	2997	4
3808	3015	4
3808	3019	2
3808	3028	1
3808	3029	2
3808	3031	1
3808	3033	1
3808	3036	3
3808	3037	3
3808	3039	4
3808	3040	3
3808	3063	4
3808	3068	2
3808	3072	4
3808	3102	4
3808	3104	3
3808	3107	3
3808	3110	1
3808	3146	1
3808	3169	4
3808	3203	5
3808	3214	1
3808	3217	2
3808	3219	4
3808	3247	1
3808	3251	4
3808	3253	5
3808	3255	2
3808	3256	4
3808	3263	4
3808	3267	4
3808	3274	4
3808	3308	3
3808	3330	2
3808	3359	4
3808	3362	3
3808	3385	3
3808	3388	2
3808	3391	3
3808	3398	2
3808	3401	1
3808	3418	3
3808	3421	5
3808	3424	2
3808	3426	2
3808	3430	2
3808	3436	2
3808	3438	2
3808	3442	1
3808	3445	2
3808	3468	4
3808	3471	5
3808	3476	3
3808	3477	3
3808	3479	2
3808	3489	2
3808	3500	2
3808	3501	3
3808	3505	3
3808	3506	3
3808	3508	5
3808	3524	5
3808	3527	4
3808	3544	4
3808	3545	2
3808	3546	2
3808	3551	4
3808	3552	5
3808	3584	3
3808	3608	5
3808	3635	3
3808	3638	2
3808	3649	3
3808	3654	3
3808	3661	1
3808	3663	1
3808	3664	1
3808	3671	5
3808	3676	1
3808	3681	4
3808	3684	2
3808	3685	4
3808	3693	1
3808	3695	1
3808	3697	2
3808	3698	2
3808	3700	2
3808	3702	4
3808	3703	4
3808	3704	4
3808	3707	4
3808	3708	1
3808	3709	4
3808	3712	3
3808	3727	3
3808	3729	2
3808	3732	3
3808	3733	2
3808	3734	3
3808	3740	4
3808	3753	2
3808	3758	1
3808	3766	3
3808	3791	2
3808	3804	1
3808	3834	1
3808	3836	5
3808	3841	2
3808	3844	3
3815	52	3
3815	89	4
3815	111	5
3815	180	5
3815	235	3
3815	379	3
3815	457	5
3815	527	5
3815	587	3
3815	858	5
3815	1042	5
3815	1060	3
3815	1198	5
3815	1220	5
3815	1222	5
3815	1234	5
3815	1257	5
3815	1261	4
3815	1265	4
3815	1288	5
3815	1297	5
3815	1387	3
3815	1394	5
3815	1449	4
3815	1569	3
3815	1617	4
3815	1784	4
3815	1914	3
3815	1923	5
3815	1954	5
3815	2100	3
3815	2247	4
3815	2302	5
3815	2396	3
3815	2716	4
3815	2804	5
3815	2916	4
3815	3029	3
3815	3033	5
3815	3039	5
3815	3104	5
3815	3263	5
3815	3362	5
3815	3421	5
3815	3450	5
3815	3506	4
3815	3524	4
3815	3608	5
3815	3635	5
3815	3671	4
3815	3702	3
3815	3760	5
3816	203	3
3816	262	5
3816	317	3
3816	362	3
3816	457	5
3816	500	3
3816	515	2
3816	538	5
3816	587	3
3816	590	3
3816	593	2
3816	595	5
3816	720	5
3816	780	5
3816	788	2
3816	858	4
3816	907	4
3816	908	5
3816	910	4
3816	914	4
3816	932	4
3816	933	5
3816	934	4
3816	945	5
3816	953	4
3816	969	4
3816	1013	5
3816	1025	5
3816	1028	5
3816	1029	3
3816	1030	4
3816	1031	5
3816	1060	4
3816	1079	4
3816	1083	5
3816	1088	5
3816	1104	4
3816	1131	5
3816	1132	5
3816	1198	5
3816	1201	5
3816	1215	5
3816	1220	5
3816	1225	4
3816	1226	4
3816	1246	5
3816	1257	3
3816	1261	5
3816	1271	4
3816	1278	5
3816	1286	5
3816	1287	3
3816	1288	3
3816	1297	5
3816	1333	4
3816	1356	3
3816	1374	2
3816	1378	4
3816	1387	4
3816	1393	4
3816	1394	4
3816	1396	4
3816	1449	4
3816	1485	4
3816	1580	5
3816	1610	4
3816	1722	4
3816	1806	4
3816	1918	4
3816	1949	5
3816	1954	3
3816	1967	5
3816	1997	1
3816	2001	4
3816	2015	5
3816	2016	4
3816	2022	2
3816	2041	5
3816	2046	4
3816	2050	4
3816	2059	5
3816	2072	2
3816	2078	4
3816	2080	5
3816	2081	3
3816	2095	3
3816	2100	3
3816	2102	4
3816	2105	3
3816	2111	4
3816	2125	4
3816	2143	2
3816	2161	5
3816	2193	4
3816	2245	4
3816	2248	3
3816	2262	3
3816	2302	4
3816	2374	4
3816	2405	4
3816	2416	2
3816	2485	4
3816	2529	3
3816	2640	3
3816	2716	4
3816	2747	3
3816	2794	3
3816	2876	3
3816	2881	5
3816	2899	3
3816	2915	3
3816	2916	5
3816	2928	5
3816	2950	3
3816	2951	4
3816	2990	4
3816	2997	1
3816	3033	5
3816	3039	5
3816	3072	2
3816	3159	3
3816	3247	4
3816	3251	3
3816	3253	4
3816	3255	3
3816	3334	5
3816	3398	3
3816	3418	5
3816	3421	4
3816	3447	4
3816	3489	3
3816	3633	4
3816	3635	4
3816	3638	3
3816	3671	5
3816	3702	4
3816	3703	3
3816	3704	4
3816	3723	5
3816	3740	4
3816	3791	4
3829	6	3
3829	17	4
3829	22	1
3829	24	1
3829	31	2
3829	34	5
3829	35	2
3829	52	4
3829	63	3
3829	64	2
3829	71	1
3829	84	3
3829	95	4
3829	110	2
3829	111	4
3829	122	4
3829	140	1
3829	144	3
3829	147	2
3829	148	2
3829	151	2
3829	180	2
3829	198	5
3829	205	3
3829	215	5
3829	222	3
3829	229	3
3829	235	4
3829	236	4
3829	246	4
3829	269	3
3829	295	3
3829	296	5
3829	299	2
3829	307	5
3829	308	2
3829	318	3
3829	321	3
3829	339	3
3829	348	4
3829	352	3
3829	357	4
3829	371	2
3829	372	4
3829	373	4
3829	381	2
3829	411	3
3829	425	2
3829	441	4
3829	446	3
3829	448	4
3829	457	5
3829	467	2
3829	472	3
3829	483	3
3829	489	1
3829	493	3
3829	496	3
3829	497	3
3829	501	2
3829	514	4
3829	518	1
3829	529	3
3829	532	2
3829	535	5
3829	537	3
3829	538	4
3829	549	4
3829	550	4
3829	555	4
3829	565	3
3829	581	5
3829	587	3
3829	593	5
3829	608	4
3829	628	4
3829	647	3
3829	662	2
3829	697	2
3829	709	3
3829	728	1
3829	736	1
3829	759	3
3829	780	1
3829	784	3
3829	785	2
3829	838	4
3829	851	3
3829	866	3
3829	903	4
3829	908	3
3829	922	5
3829	926	5
3829	942	3
3829	968	5
3829	984	3
3829	987	2
3829	998	2
3829	999	4
3829	1000	4
3829	1003	2
3829	1034	4
3829	1042	3
3829	1046	2
3829	1050	4
3829	1051	2
3829	1057	2
3829	1059	3
3829	1086	2
3829	1088	4
3829	1091	1
3829	1092	3
3829	1094	4
3829	1096	4
3829	1126	1
3829	1171	3
3829	1176	4
3829	1183	5
3829	1190	4
3829	1200	4
3829	1211	2
3829	1213	5
3829	1214	4
3829	1222	3
3829	1228	5
3829	1230	5
3829	1236	3
3829	1242	4
3829	1252	3
3829	1257	3
3829	1258	4
3829	1265	3
3829	1271	2
3829	1277	2
3829	1288	5
3829	1289	4
3829	1295	3
3829	1342	3
3829	1347	4
3829	1355	1
3829	1392	4
3829	1393	4
3829	1394	4
3829	1407	5
3829	1413	2
3829	1414	4
3829	1449	5
3829	1466	4
3829	1477	3
3829	1480	3
3829	1484	2
3829	1493	3
3829	1498	1
3829	1499	2
3829	1513	3
3829	1571	4
3829	1573	4
3829	1580	2
3829	1585	2
3829	1590	3
3829	1594	4
3829	1598	1
3829	1605	1
3829	1615	4
3829	1617	4
3829	1621	2
3829	1633	3
3829	1639	3
3829	1641	5
3829	1647	1
3829	1648	4
3829	1649	4
3829	1655	1
3829	1660	4
3829	1671	2
3829	1673	5
3829	1674	4
3829	1680	3
3829	1683	3
3829	1690	1
3829	1704	3
3829	1721	4
3829	1727	2
3829	1729	3
3829	1747	4
3829	1749	3
3829	1779	1
3829	1783	2
3829	1784	2
3829	1794	4
3829	1816	4
3829	1827	4
3829	1834	4
3829	1835	2
3829	1845	5
3829	1875	4
3829	1888	2
3829	1892	2
3829	1896	2
3829	1906	3
3829	1912	4
3829	1914	3
3829	1916	2
3829	1917	2
3829	1918	1
3829	1923	4
3829	1962	3
3829	1970	4
3829	1972	3
3829	1973	3
3829	1994	3
3829	1997	3
3829	2011	2
3829	2024	5
3829	2029	3
3829	2058	3
3829	2072	1
3829	2081	4
3829	2100	3
3829	2104	3
3829	2107	2
3829	2110	3
3829	2111	3
3829	2112	5
3829	2118	2
3829	2130	3
3829	2132	3
3829	2171	4
3829	2177	4
3829	2178	4
3829	2181	3
3829	2188	1
3829	2203	4
3829	2241	3
3829	2245	4
3829	2248	5
3829	2252	2
3829	2257	3
3829	2262	4
3829	2267	3
3829	2272	3
3829	2278	2
3829	2280	2
3829	2282	1
3829	2289	5
3829	2292	1
3829	2295	4
3829	2302	2
3829	2305	4
3829	2312	4
3829	2316	1
3829	2318	4
3829	2336	3
3829	2346	3
3829	2349	3
3829	2359	3
3829	2369	3
3829	2385	1
3829	2389	1
3829	2390	3
3829	2391	5
3829	2395	4
3829	2396	4
3829	2407	2
3829	2416	3
3829	2424	2
3829	2435	4
3829	2440	2
3829	2442	2
3829	2446	2
3829	2469	4
3829	2474	3
3829	2482	2
3829	2485	1
3829	2492	3
3829	2500	2
3829	2506	1
3829	2546	2
3829	2551	4
3829	2558	3
3829	2567	3
3829	2580	5
3829	2581	1
3829	2590	2
3829	2598	2
3829	2600	4
3829	2617	4
3829	2642	1
3829	2690	2
3829	2692	3
3829	2693	4
3829	2712	3
3829	2714	3
3829	2716	3
3829	2719	1
3829	2722	2
3829	2739	4
3829	2746	4
3829	2752	3
3829	2763	4
3829	2764	3
3829	2770	3
3829	2771	2
3829	2794	1
3829	2795	3
3829	2796	2
3829	2844	3
3829	2871	3
3829	2881	2
3829	2883	2
3829	2890	5
3829	2908	4
3829	2912	3
3829	2916	2
3829	2917	3
3829	2952	3
3829	2967	4
3829	2976	2
3829	2978	2
3829	2979	1
3829	2997	4
3829	3005	2
3829	3019	4
3829	3020	3
3829	3039	3
3829	3051	2
3829	3063	4
3829	3072	5
3829	3079	3
3829	3102	3
3829	3107	2
3829	3112	3
3829	3125	4
3829	3145	3
3829	3148	2
3829	3175	3
3829	3176	4
3829	3185	1
3829	3238	1
3829	3252	3
3829	3263	4
3829	3267	3
3829	3272	3
3829	3274	3
3829	3300	3
3829	3308	3
3829	3317	3
3829	3354	1
3829	3390	1
3829	3398	3
3829	3418	4
3829	3445	3
3829	3499	3
3829	3501	4
3829	3505	3
3829	3510	4
3829	3515	4
3829	3546	3
3829	3578	3
3829	3584	3
3829	3594	3
3829	3608	3
3829	3618	3
3829	3649	4
3829	3684	3
3829	3707	3
3829	3712	2
3829	3727	3
3829	3747	3
3829	3786	3
3829	3791	4
3829	3812	3
3829	3844	2
3829	3882	3
3829	3896	2
3829	3900	3
3831	6	4
3831	17	5
3831	34	3
3831	110	3
3831	161	3
3831	163	1
3831	235	4
3831	293	3
3831	296	4
3831	318	5
3831	329	3
3831	454	4
3831	527	4
3831	554	3
3831	593	5
3831	608	4
3831	628	4
3831	832	3
3831	903	1
3831	1013	4
3831	1059	3
3831	1092	4
3831	1198	5
3831	1200	5
3831	1214	5
3831	1333	4
3831	1356	4
3831	1374	5
3831	1573	3
3831	1590	1
3831	1610	4
3831	1617	5
3831	1661	4
3831	1690	2
3831	1704	5
3831	1834	5
3831	1892	2
3831	1962	2
3831	2058	3
3831	2245	4
3831	2336	4
3831	2353	3
3831	2382	1
3831	2396	1
3831	2485	5
3831	2612	5
3831	2640	4
3831	2642	2
3831	2770	5
3831	2908	4
3831	2916	2
3831	3006	5
3831	3176	5
3831	3256	5
3831	3391	2
3831	3476	3
3831	3527	1
3831	3716	2
3831	3798	5
3832	34	5
3832	111	5
3832	296	4
3832	318	5
3832	326	4
3832	506	2
3832	527	4
3832	581	4
3832	593	4
3832	608	4
3832	1041	5
3832	1060	3
3832	1091	2
3832	1104	5
3832	1136	4
3832	1147	5
3832	1175	5
3832	1193	4
3832	1213	5
3832	1225	5
3832	1228	5
3832	1230	4
3832	1449	5
3832	1657	4
3832	1704	2
3832	1997	4
3832	2248	5
3832	2289	4
3832	2396	4
3832	2692	5
3832	2739	5
3832	2804	5
3832	2908	4
3832	2935	5
3832	2997	5
3832	3176	3
3832	3326	2
3832	3354	2
3832	3362	5
3832	3510	3
3832	3515	3
3832	3578	4
3832	3679	5
3832	3744	3
3832	3747	3
3832	3786	4
3832	3793	4
3832	3858	3
3832	3873	5
3832	3893	3
3832	3896	1
3832	3929	5
3832	3943	5
3833	6	4
3833	10	5
3833	19	2
3833	24	2
3833	34	1
3833	42	3
3833	44	3
3833	52	3
3833	110	4
3833	151	3
3833	153	4
3833	180	5
3833	293	4
3833	296	4
3833	317	2
3833	318	3
3833	329	3
3833	371	3
3833	457	4
3833	480	4
3833	513	4
3833	527	4
3833	533	4
3833	587	3
3833	588	4
3833	590	2
3833	593	3
3833	595	4
3833	608	4
3833	610	3
3833	720	5
3833	741	5
3833	780	4
3833	784	2
3833	786	4
3833	861	4
3833	866	4
3833	903	5
3833	908	4
3833	911	5
3833	926	5
3833	1028	3
3833	1032	4
3833	1059	4
3833	1060	4
3833	1079	4
3833	1088	4
3833	1092	3
3833	1136	5
3833	1175	4
3833	1193	4
3833	1198	4
3833	1199	4
3833	1206	5
3833	1215	4
3833	1222	3
3833	1223	5
3833	1234	5
3833	1242	4
3833	1252	5
3833	1265	3
3833	1278	5
3833	1339	4
3833	1391	4
3833	1396	4
3833	1408	2
3833	1562	2
3833	1566	3
3833	1580	5
3833	1610	3
3833	1611	3
3833	1617	4
3833	1639	4
3833	1680	3
3833	1688	5
3833	1721	3
3833	1722	5
3833	1747	4
3833	1769	5
3833	1779	3
3833	1784	4
3833	1882	3
3833	1883	2
3833	1924	3
3833	1982	2
3833	2010	3
3833	2019	5
3833	2080	3
3833	2081	3
3833	2093	2
3833	2105	3
3833	2110	5
3833	2111	2
3833	2153	4
3833	2196	3
3833	2249	3
3833	2282	4
3833	2396	5
3833	2405	3
3833	2490	5
3833	2540	4
3833	2617	5
3833	2640	3
3833	2692	4
3833	2709	5
3833	2716	3
3833	2731	3
3833	2763	4
3833	2770	4
3833	2826	4
3833	2890	4
3833	2916	2
3833	2953	1
3833	2990	4
3833	2993	4
3833	3033	4
3833	3034	4
3833	3104	3
3833	3107	3
3833	3159	4
3833	3247	2
3833	3255	2
3833	3263	3
3833	3269	2
3833	3334	4
3833	3438	3
3833	3450	2
3833	3452	4
3833	3479	3
3833	3489	3
3833	3527	3
3833	3552	3
3833	3578	3
3833	3633	4
3833	3635	4
3833	3638	3
3833	3671	5
3833	3684	3
3833	3702	3
3833	3729	4
3833	3745	5
3833	3793	5
3833	3844	3
3842	6	4
3842	8	5
3842	17	3
3842	19	1
3842	34	5
3842	36	4
3842	70	1
3842	111	5
3842	189	4
3842	197	5
3842	205	5
3842	232	5
3842	235	5
3842	247	5
3842	294	4
3842	296	5
3842	300	4
3842	317	3
3842	318	3
3842	357	3
3842	410	4
3842	413	5
3842	432	3
3842	457	3
3842	480	4
3842	488	4
3842	500	4
3842	512	3
3842	514	5
3842	515	3
3842	555	5
3842	590	3
3842	593	4
3842	608	3
3842	628	4
3842	635	5
3842	707	5
3842	728	3
3842	735	4
3842	785	4
3842	799	3
3842	830	3
3842	858	5
3842	866	4
3842	880	4
3842	891	4
3842	903	5
3842	905	5
3842	908	5
3842	910	5
3842	924	2
3842	932	4
3842	933	4
3842	952	3
3842	953	5
3842	968	5
3842	969	4
3842	971	5
3842	997	4
3842	998	4
3842	999	5
3842	1020	4
3842	1041	4
3842	1042	3
3842	1076	5
3842	1079	5
3842	1083	2
3842	1084	4
3842	1086	5
3842	1088	1
3842	1091	1
3842	1094	5
3842	1096	4
3842	1104	5
3842	1130	3
3842	1131	3
3842	1135	5
3842	1136	5
3842	1162	5
3842	1183	3
3842	1193	5
3842	1198	4
3842	1199	3
3842	1200	4
3842	1201	4
3842	1206	2
3842	1214	5
3842	1215	2
3842	1220	5
3842	1222	2
3842	1225	5
3842	1228	5
3842	1230	5
3842	1234	5
3842	1246	4
3842	1252	5
3842	1257	4
3842	1258	5
3842	1261	4
3842	1265	4
3842	1271	5
3842	1272	3
3842	1276	4
3842	1278	1
3842	1288	5
3842	1292	5
3842	1313	4
3842	1329	1
3842	1333	5
3842	1339	5
3842	1340	4
3842	1341	1
3842	1346	2
3842	1347	5
3842	1352	4
3842	1355	4
3842	1367	4
3842	1387	5
3842	1391	2
3842	1394	5
3842	1414	3
3842	1425	5
3842	1441	5
3842	1453	3
3842	1460	5
3842	1464	3
3842	1499	1
3842	1580	4
3842	1585	5
3842	1590	1
3842	1605	3
3842	1609	4
3842	1617	4
3842	1641	5
3842	1648	2
3842	1661	3
3842	1673	3
3842	1689	5
3842	1699	5
3842	1729	5
3842	1747	3
3842	1762	2
3842	1779	2
3842	1783	4
3842	1784	5
3842	1806	5
3842	1816	3
3842	1834	4
3842	1845	5
3842	1883	4
3842	1892	3
3842	1916	5
3842	1923	1
3842	1924	5
3842	1931	5
3842	1936	4
3842	1942	4
3842	1950	5
3842	1953	4
3842	1954	2
3842	1962	5
3842	1963	5
3842	1964	4
3842	1967	3
3842	1970	1
3842	1972	1
3842	1974	4
3842	1982	5
3842	1986	1
3842	1994	5
3842	1995	2
3842	1997	5
3842	2010	3
3842	2011	5
3842	2012	5
3842	2015	5
3842	2022	5
3842	2035	3
3842	2058	2
3842	2072	3
3842	2074	5
3842	2080	4
3842	2081	3
3842	2097	5
3842	2100	5
3842	2102	5
3842	2110	2
3842	2111	2
3842	2118	5
3842	2121	3
3842	2122	2
3842	2132	5
3842	2147	1
3842	2173	5
3842	2188	3
3842	2193	4
3842	2202	5
3842	2205	4
3842	2208	5
3842	2212	4
3842	2247	5
3842	2264	4
3842	2267	2
3842	2282	3
3842	2287	5
3842	2289	5
3842	2295	5
3842	2302	5
3842	2313	5
3842	2318	1
3842	2329	4
3842	2359	5
3842	2389	5
3842	2395	5
3842	2407	5
3842	2416	1
3842	2424	3
3842	2440	5
3842	2458	5
3842	2459	2
3842	2469	3
3842	2483	5
3842	2520	1
3842	2539	5
3842	2551	4
3842	2567	2
3842	2583	5
3842	2612	5
3842	2624	4
3842	2664	4
3842	2716	5
3842	2719	3
3842	2729	2
3842	2739	4
3842	2745	4
3842	2746	3
3842	2747	4
3842	2764	2
3842	2788	5
3842	2794	1
3842	2795	1
3842	2804	5
3842	2817	1
3842	2826	1
3842	2846	5
3842	2915	3
3842	2916	3
3842	2917	3
3842	2921	5
3842	2952	4
3842	2967	5
3842	2976	3
3842	2997	5
3842	3006	5
3842	3019	5
3842	3033	2
3842	3036	2
3842	3037	5
3842	3040	2
3842	3053	2
3842	3072	5
3842	3088	5
3842	3104	5
3842	3135	1
3842	3142	2
3842	3148	3
3842	3157	3
3842	3169	4
3842	3175	4
3842	3176	3
3842	3203	3
3842	3244	1
3842	3251	5
3842	3252	4
3842	3253	4
3842	3304	4
3842	3330	4
3842	3334	5
3842	3362	5
3842	3388	2
3842	3398	4
3842	3418	5
3842	3421	3
3842	3424	4
3842	3461	5
3842	3471	4
3842	3476	5
3842	3499	5
3842	3501	3
3842	3505	4
3842	3521	5
3842	3524	4
3842	3527	1
3842	3545	5
3842	3546	5
3842	3551	4
3842	3552	5
3842	3578	2
3842	3608	5
3842	3649	2
3842	3661	1
3842	3671	1
3842	3676	5
3842	3681	3
3842	3684	4
3842	3685	4
3842	3693	5
3842	3703	3
3842	3704	3
3842	3707	2
3842	3710	1
3842	3712	4
3842	3714	5
3842	3727	5
3842	3732	3
3842	3760	4
3842	3791	2
3842	3812	2
3842	3834	3
3842	3836	5
3842	3844	3
3842	3869	2
3842	3928	1
3842	3929	5
3842	3932	4
3850	10	4
3850	52	4
3850	65	3
3850	70	5
3850	72	5
3850	95	4
3850	111	5
3850	144	4
3850	145	3
3850	163	5
3850	180	5
3850	198	4
3850	216	3
3850	222	3
3850	231	3
3850	235	2
3850	246	4
3850	293	5
3850	296	5
3850	318	4
3850	357	4
3850	371	4
3850	408	4
3850	410	4
3850	434	3
3850	441	5
3850	457	3
3850	480	4
3850	493	3
3850	527	4
3850	529	4
3850	536	3
3850	555	5
3850	587	5
3850	590	3
3850	593	4
3850	595	5
3850	605	4
3850	608	5
3850	610	3
3850	628	5
3850	736	4
3850	780	3
3850	799	3
3850	832	4
3850	833	2
3850	858	5
3850	866	3
3850	999	4
3850	1020	3
3850	1042	4
3850	1051	4
3850	1057	4
3850	1059	4
3850	1060	5
3850	1092	4
3850	1213	5
3850	1265	4
3850	1271	4
3850	1396	3
3850	1441	3
3850	1488	4
3850	1498	5
3850	1513	4
3850	1563	5
3850	1569	4
3850	1573	4
3850	1580	3
3850	1594	5
3850	1611	4
3850	1617	5
3850	1639	5
3850	1673	4
3850	1680	3
3850	1683	5
3850	1689	4
3850	1704	4
3850	1721	4
3850	1722	4
3850	1729	4
3850	1747	3
3850	1762	3
3850	1770	4
3850	1784	4
3850	1785	4
3850	1794	4
3850	1816	4
3850	1835	4
3850	1845	5
3850	1863	2
3850	1875	3
3850	1888	3
3850	1892	4
3850	1912	5
3850	1916	4
3850	1923	4
3850	2001	3
3850	2058	4
3850	2060	3
3850	2171	4
3850	2188	3
3850	2247	4
3850	2278	4
3850	2282	4
3850	2289	5
3850	2292	4
3850	2302	3
3850	2318	2
3850	2329	5
3850	2369	3
3850	2395	4
3850	2424	4
3850	2433	4
3850	2435	5
3850	2485	4
3850	2490	4
3850	2540	3
3850	2567	4
3850	2568	2
3850	2580	4
3850	2581	3
3850	2583	3
3850	2598	4
3850	2629	4
3850	2712	5
3850	2722	3
3850	2746	4
3850	2763	4
3850	2770	3
3850	2772	3
3850	2826	3
3850	2840	3
3850	2842	5
3850	2864	4
3850	2881	3
3850	2889	5
3850	2890	4
3850	2908	3
3850	2916	5
3850	2976	5
3850	3006	5
3850	3019	5
3850	3020	4
3850	3051	4
3850	3148	5
3850	3176	4
3850	3185	5
3850	3238	3
3850	3256	3
3850	3263	4
3850	3317	5
3850	3326	3
3850	3354	3
3850	3409	3
3850	3418	4
3850	3438	3
3850	3450	3
3850	3452	5
3850	3468	5
3850	3477	5
3850	3499	2
3850	3555	3
3850	3578	4
3850	3594	5
3850	3618	3
3850	3793	3
3850	3797	3
3850	3844	4
3851	24	2
3851	500	3
3851	527	5
3851	785	3
3851	788	3
3851	1513	2
3851	1687	2
3851	2022	4
3851	2080	3
3851	2188	2
3851	2336	5
3851	2369	2
3851	2390	4
3851	2395	5
3851	2396	4
3851	2433	2
3851	2490	3
3851	2492	3
3851	2580	2
3851	2581	2
3851	2598	2
3851	2600	4
3851	2690	4
3851	2692	5
3851	2701	1
3851	2712	4
3851	2716	5
3851	2719	2
3851	2722	2
3851	2761	3
3851	2763	3
3851	2770	3
3851	2826	3
3851	2976	4
3851	2995	1
3851	2997	5
3851	3175	4
3851	3176	2
3851	3219	3
3851	3238	1
3851	3300	3
3851	3471	3
3851	3578	4
3851	3793	4
3851	3798	1
3861	110	5
3861	296	5
3861	318	5
3861	593	5
3861	858	5
3861	940	3
3861	1213	5
3861	1393	3
3861	1411	4
3861	1466	4
3861	1617	3
3861	1639	4
3861	1704	4
3861	2329	5
3861	2396	4
3861	2485	3
3861	3578	5
3861	3744	3
3868	19	2
3868	31	3
3868	34	4
3868	42	4
3868	70	3
3868	79	3
3868	222	3
3868	231	4
3868	276	3
3868	282	3
3868	293	3
3868	296	5
3868	318	5
3868	329	4
3868	333	4
3868	351	3
3868	376	3
3868	378	4
3868	379	3
3868	413	2
3868	457	5
3868	480	3
3868	493	3
3868	500	3
3868	529	4
3868	588	3
3868	605	4
3868	608	5
3868	628	4
3868	736	3
3868	780	3
3868	784	3
3868	832	3
3868	833	4
3868	838	3
3868	992	4
3868	998	2
3868	1000	4
3868	1003	2
3868	1006	4
3868	1013	3
3868	1014	3
3868	1059	2
3868	1242	4
3868	1339	4
3868	1356	3
3868	1363	3
3868	1367	3
3868	1372	3
3868	1390	3
3868	1396	3
3868	1431	3
3868	1453	3
3868	1457	3
3868	1466	5
3868	1485	3
3868	1488	3
3868	1513	3
3868	1569	3
3868	1573	3
3868	1580	3
3868	1598	3
3868	1605	3
3868	1615	3
3868	1617	4
3868	1621	3
3868	1641	4
3868	1646	3
3868	1660	4
3868	1665	3
3868	1673	4
3868	1690	3
3868	1703	3
3868	1704	3
3868	1721	4
3868	1722	4
3868	1727	3
3868	1729	5
3868	1760	4
3868	1783	5
3868	1784	5
3868	1792	3
3868	1833	2
3868	1834	4
3868	1835	2
3868	1883	3
3868	1888	2
3868	1892	3
3868	1895	3
3868	1912	5
3868	1914	4
3868	1917	3
3868	1923	5
3868	2011	3
3868	2046	4
3868	2125	4
3868	2188	3
3868	2195	4
3868	2278	3
3868	2302	4
3868	2316	1
3868	2391	5
3868	2424	3
3868	2485	3
3868	2490	5
3868	2539	4
3868	2581	4
3868	2617	3
3868	2640	4
3868	2722	3
3868	2763	4
3868	2764	3
3868	2770	4
3868	2772	3
3868	2860	4
3868	2890	4
3868	3033	4
3868	3051	4
3868	3146	4
3868	3176	5
3868	3450	3
3868	3513	3
3868	3668	4
3868	3793	2
3873	19	1
3873	34	5
3873	410	3
3873	527	5
3873	924	5
3873	926	5
3873	940	5
3873	969	5
3873	999	4
3873	1019	3
3873	1032	5
3873	1200	2
3873	1214	5
3873	1225	5
3873	1230	4
3873	1251	5
3873	1367	3
3873	1690	1
3873	1927	5
3873	2015	4
3873	2153	1
3873	2311	3
3873	2320	2
3873	2520	4
3873	2521	2
3873	2539	4
3873	2748	2
3873	2788	5
3873	2826	5
3873	2846	5
3873	2971	5
3873	3251	5
3876	111	5
3876	246	5
3876	318	5
3876	527	5
3876	608	4
3876	1094	4
3876	1213	5
3876	1617	4
3876	1912	3
3876	2001	5
3876	2282	4
3876	2396	3
3876	2692	4
3876	2761	3
3876	2908	4
3876	3006	5
3876	3540	3
3876	3615	4
3876	3616	1
3876	3618	1
3876	3646	4
3876	3745	1
3876	3747	3
3876	3753	2
3876	3793	3
3876	3798	2
3880	180	4
3880	296	5
3880	527	2
3880	593	4
3880	608	4
3880	858	5
3880	953	4
3880	1094	3
3880	1193	5
3880	1213	5
3880	1234	3
3880	1276	3
3880	1278	3
3880	1466	3
3880	1704	4
3880	1923	5
3880	1982	3
3880	2078	3
3880	2313	2
3880	2529	2
3880	2716	1
3880	2804	4
3880	3006	3
3880	3253	2
3880	3421	5
3880	3468	3
3880	3499	4
3885	10	5
3885	34	4
3885	95	4
3885	111	5
3885	157	4
3885	163	4
3885	170	3
3885	198	3
3885	246	4
3885	247	5
3885	296	4
3885	318	2
3885	329	3
3885	335	4
3885	373	5
3885	434	3
3885	480	2
3885	494	4
3885	512	3
3885	527	4
3885	532	4
3885	555	2
3885	587	2
3885	588	1
3885	593	3
3885	608	4
3885	610	2
3885	671	3
3885	720	5
3885	736	4
3885	780	4
3885	836	3
3885	849	3
3885	858	5
3885	861	5
3885	866	4
3885	880	3
3885	908	5
3885	922	5
3885	924	5
3885	926	5
3885	929	4
3885	931	5
3885	943	5
3885	953	3
3885	968	4
3885	969	4
3885	986	4
3885	999	3
3885	1019	5
3885	1028	5
3885	1078	4
3885	1079	3
3885	1084	5
3885	1092	3
3885	1094	2
3885	1104	4
3885	1136	5
3885	1147	5
3885	1153	5
3885	1162	4
3885	1178	5
3885	1189	4
3885	1193	4
3885	1198	5
3885	1199	5
3885	1200	5
3885	1201	5
3885	1202	5
3885	1204	5
3885	1206	3
3885	1213	5
3885	1214	3
3885	1215	5
3885	1217	4
3885	1220	5
3885	1222	5
3885	1223	5
3885	1225	3
3885	1230	5
3885	1236	4
3885	1237	5
3885	1238	5
3885	1251	4
3885	1252	4
3885	1257	5
3885	1258	4
3885	1261	4
3885	1264	3
3885	1272	5
3885	1275	4
3885	1288	5
3885	1297	5
3885	1306	5
3885	1310	4
3885	1333	4
3885	1356	3
3885	1372	3
3885	1373	2
3885	1374	4
3885	1387	4
3885	1391	4
3885	1394	5
3885	1396	5
3885	1413	5
3885	1480	4
3885	1499	3
3885	1573	3
3885	1580	4
3885	1590	1
3885	1610	5
3885	1617	5
3885	1639	5
3885	1649	3
3885	1690	2
3885	1722	4
3885	1729	4
3885	1744	2
3885	1769	4
3885	1779	3
3885	1792	3
3885	1797	3
3885	1804	3
3885	1827	5
3885	1834	4
3885	1845	5
3885	1882	2
3885	1912	5
3885	1917	2
3885	1918	3
3885	1920	3
3885	1924	2
3885	1962	3
3885	1967	3
3885	1974	2
3885	1994	4
3885	2001	4
3885	2011	3
3885	2012	3
3885	2019	5
3885	2021	3
3885	2038	1
3885	2041	1
3885	2072	4
3885	2073	4
3885	2081	1
3885	2093	2
3885	2097	5
3885	2105	5
3885	2110	3
3885	2111	1
3885	2118	4
3885	2121	2
3885	2122	1
3885	2132	4
3885	2143	1
3885	2159	4
3885	2181	4
3885	2193	2
3885	2202	5
3885	2204	5
3885	2232	4
3885	2241	3
3885	2245	3
3885	2248	4
3885	2261	4
3885	2278	5
3885	2287	5
3885	2289	5
3885	2302	3
3885	2311	4
3885	2312	3
3885	2313	4
3885	2346	4
3885	2353	5
3885	2374	4
3885	2377	1
3885	2391	4
3885	2399	1
3885	2405	3
3885	2407	3
3885	2416	3
3885	2471	3
3885	2474	4
3885	2479	3
3885	2526	2
3885	2529	4
3885	2530	3
3885	2531	2
3885	2532	2
3885	2533	3
3885	2600	1
3885	2612	4
3885	2617	4
3885	2639	4
3885	2640	2
3885	2642	1
3885	2663	3
3885	2664	5
3885	2667	4
3885	2670	5
3885	2681	5
3885	2692	5
3885	2693	4
3885	2716	5
3885	2719	2
3885	2734	4
3885	2735	2
3885	2746	2
3885	2761	5
3885	2788	5
3885	2804	3
3885	2815	2
3885	2890	5
3885	2915	2
3885	2916	2
3885	2919	4
3885	2951	5
3885	2986	3
3885	2990	4
3885	2997	4
3885	3006	4
3885	3017	4
3885	3019	4
3885	3022	5
3885	3029	4
3885	3033	3
3885	3044	5
3885	3068	4
3885	3072	2
3885	3077	5
3885	3110	3
3885	3159	2
3885	3203	4
3885	3223	4
3885	3256	3
3885	3334	5
3885	3339	5
3885	3354	1
3885	3362	4
3885	3421	3
3885	3429	5
3885	3445	4
3885	3461	5
3885	3468	5
3885	3471	4
3885	3476	4
3885	3478	4
3885	3479	4
3885	3521	5
3885	3524	3
3885	3527	2
3885	3608	5
3885	3634	5
3885	3637	5
3885	3638	1
3885	3643	4
3885	3679	4
3885	3684	3
3885	3698	2
3885	3700	4
3885	3702	5
3885	3703	5
3885	3704	3
3885	3708	2
3885	3727	4
3885	3740	5
3885	3766	3
3885	3780	3
3885	3791	3
3885	3793	4
3885	3807	4
3885	3819	5
3885	3836	4
3885	3841	3
3885	3872	4
3885	3873	2
3885	3878	4
3885	3922	3
3885	3926	4
3885	3927	5
3885	3931	3
3885	3932	5
3885	3935	4
3885	3937	3
3890	6	4
3890	441	5
3890	457	4
3890	593	5
3890	608	4
3890	858	5
3890	934	4
3890	1060	5
3890	1265	5
3890	1441	4
3890	1580	3
3890	1610	4
3890	1617	4
3890	1747	3
3890	1784	4
3890	1923	5
3890	2389	3
3890	2395	5
3890	2500	2
3890	2747	3
3890	2915	5
3890	2997	5
3890	3033	5
3890	3039	5
3890	3253	4
3890	3255	4
3890	3263	5
3890	3362	5
3890	3552	4
3890	3598	3
3890	3747	3
3890	3753	5
3890	3760	4
3890	3793	5
3900	5	4
3900	6	4
3900	10	5
3900	19	3
3900	36	5
3900	110	5
3900	144	3
3900	153	4
3900	163	4
3900	186	4
3900	203	1
3900	231	4
3900	236	3
3900	256	3
3900	296	5
3900	317	5
3900	318	5
3900	333	4
3900	339	3
3900	340	2
3900	342	4
3900	351	4
3900	355	3
3900	357	4
3900	360	3
3900	362	5
3900	372	3
3900	378	4
3900	415	1
3900	432	4
3900	434	3
3900	457	4
3900	480	4
3900	494	3
3900	497	4
3900	500	5
3900	514	3
3900	527	5
3900	546	1
3900	577	4
3900	587	4
3900	588	4
3900	590	5
3900	593	5
3900	608	4
3900	610	2
3900	656	2
3900	736	3
3900	780	4
3900	785	2
3900	786	3
3900	788	5
3900	798	2
3900	830	4
3900	858	5
3900	934	5
3900	1014	4
3900	1017	3
3900	1019	3
3900	1031	4
3900	1042	3
3900	1057	2
3900	1060	4
3900	1079	5
3900	1091	4
3900	1126	3
3900	1135	3
3900	1136	5
3900	1193	5
3900	1198	5
3900	1213	4
3900	1220	4
3900	1242	5
3900	1265	4
3900	1288	4
3900	1378	4
3900	1379	4
3900	1391	2
3900	1393	5
3900	1408	4
3900	1438	3
3900	1441	3
3900	1457	2
3900	1485	5
3900	1488	2
3900	1513	4
3900	1562	3
3900	1566	3
3900	1569	4
3900	1573	3
3900	1580	4
3900	1610	3
3900	1616	3
3900	1641	4
3900	1687	4
3900	1689	3
3900	1722	5
3900	1747	4
3900	1769	4
3900	1784	5
3900	1792	3
3900	1863	2
3900	1888	4
3900	1917	4
3900	1918	5
3900	1923	5
3900	2001	5
3900	2011	4
3900	2012	2
3900	2016	4
3900	2038	4
3900	2050	4
3900	2053	2
3900	2080	5
3900	2111	2
3900	2161	5
3900	2241	3
3900	2245	4
3900	2247	3
3900	2248	5
3900	2249	2
3900	2262	4
3900	2265	4
3900	2302	4
3900	2353	5
3900	2359	4
3900	2369	2
3900	2374	2
3900	2380	1
3900	2396	5
3900	2405	4
3900	2407	3
3900	2416	1
3900	2424	2
3900	2433	3
3900	2457	2
3900	2468	2
3900	2469	4
3900	2471	3
3900	2490	4
3900	2558	3
3900	2567	3
3900	2574	2
3900	2598	4
3900	2640	5
3900	2642	3
3900	2716	5
3900	2722	2
3900	2735	2
3900	2746	4
3900	2747	3
3900	2752	3
3900	2763	5
3900	2794	3
3900	2804	5
3900	2815	2
3900	2822	3
3900	2881	3
3900	2916	3
3900	2950	2
3900	2990	2
3900	3005	4
3900	3020	4
3900	3033	4
3900	3037	3
3900	3039	4
3900	3072	4
3900	3104	2
3900	3107	5
3900	3243	2
3900	3247	4
3900	3255	4
3900	3256	5
3900	3269	3
3900	3299	3
3900	3308	2
3900	3325	5
3900	3388	2
3900	3391	1
3900	3418	5
3900	3421	5
3900	3450	5
3900	3489	3
3900	3524	3
3900	3552	5
3900	3608	3
3900	3702	2
3900	3712	4
3900	3753	5
3900	3841	2
3902	10	5
3902	42	5
3902	71	5
3902	145	5
3902	153	5
3902	360	5
3902	376	5
3902	434	5
3902	457	5
3902	466	3
3902	480	5
3902	736	5
3902	780	5
3902	798	5
3902	849	5
3902	861	5
3902	886	5
3902	1153	4
3902	1198	5
3902	1214	5
3902	1222	5
3902	1242	5
3902	1287	5
3902	1374	5
3902	1378	5
3902	1379	5
3902	1387	5
3902	1388	5
3902	1438	5
3902	1562	5
3902	1580	5
3902	1610	5
3902	1690	5
3902	1722	5
3902	1731	4
3902	1792	5
3902	1917	5
3902	1918	5
3902	1953	5
3902	1954	5
3902	2001	5
3902	2019	5
3902	2022	1
3902	2105	5
3902	2322	5
3902	2365	5
3902	2373	5
3902	2405	5
3902	2410	5
3902	2411	5
3902	2457	5
3902	2468	5
3902	2531	5
3902	2532	5
3902	2533	5
3902	2640	5
3902	2642	5
3902	2701	5
3902	2881	5
3902	3029	5
3902	3107	5
3902	3274	5
3902	3404	5
3902	3418	5
3902	3430	5
3902	3444	5
3902	3527	5
3902	3584	5
3902	3633	5
3902	3635	5
3902	3638	5
3902	3697	5
3902	3698	5
3902	3703	5
3902	3704	5
3902	3710	5
3902	3740	5
3902	3753	5
3902	3793	5
3906	6	3
3906	110	4
3906	457	4
3906	480	3
3906	836	4
3906	858	5
3906	1200	3
3906	1201	3
3906	1214	5
3906	1220	4
3906	1222	3
3906	1275	3
3906	1287	5
3906	1387	5
3906	1573	3
3906	1580	3
3906	1610	5
3906	1953	3
3906	1954	4
3906	2001	4
3906	2353	4
3906	2469	3
3906	2529	3
3906	2763	2
3906	2916	4
3906	3062	4
3906	3104	4
3906	3256	4
3906	3405	3
3906	3527	4
3906	3654	4
3906	3702	4
3906	3703	3
3906	3729	4
3906	3740	3
3910	52	4
3910	70	1
3910	89	2
3910	95	2
3910	151	3
3910	198	3
3910	303	2
3910	329	4
3910	357	4
3910	434	2
3910	457	5
3910	480	4
3910	497	3
3910	527	5
3910	588	4
3910	590	3
3910	608	4
3910	653	3
3910	707	3
3910	736	2
3910	780	3
3910	788	3
3910	851	1
3910	858	5
3910	861	4
3910	866	4
3910	911	4
3910	914	5
3910	922	4
3910	933	4
3910	940	5
3910	969	5
3910	1059	3
3910	1078	4
3910	1094	3
3910	1136	5
3910	1183	3
3910	1193	4
3910	1200	4
3910	1201	5
3910	1204	5
3910	1206	4
3910	1220	5
3910	1223	4
3910	1226	5
3910	1242	4
3910	1252	5
3910	1258	4
3910	1265	4
3910	1275	4
3910	1276	5
3910	1277	3
3910	1278	4
3910	1283	5
3910	1287	4
3910	1288	5
3910	1372	3
3910	1373	1
3910	1374	4
3910	1378	3
3910	1379	2
3910	1387	5
3910	1388	2
3910	1391	4
3910	1498	2
3910	1573	2
3910	1580	4
3910	1610	4
3910	1616	3
3910	1617	5
3910	1674	3
3910	1702	2
3910	1721	2
3910	1722	3
3910	1747	4
3910	1784	4
3910	1912	3
3910	1947	4
3910	1953	4
3910	1954	5
3910	2001	3
3910	2019	5
3910	2021	1
3910	2080	4
3910	2081	4
3910	2100	3
3910	2102	4
3910	2105	3
3910	2143	2
3910	2353	3
3910	2396	5
3910	2401	4
3910	2405	3
3910	2468	1
3910	2490	4
3910	2529	4
3910	2617	3
3910	2640	4
3910	2701	1
3910	2716	4
3910	2788	4
3910	2804	5
3910	2916	4
3910	2921	4
3910	2922	4
3910	2951	5
3910	2993	3
3910	2997	4
3910	3020	4
3910	3022	5
3910	3044	4
3910	3104	4
3910	3107	3
3910	3114	4
3910	3256	3
3910	3334	5
3910	3424	3
3910	3429	4
3910	3466	4
3910	3471	5
3910	3479	4
3910	3508	4
3910	3527	3
3910	3578	4
3910	3635	3
3910	3638	1
3910	3643	4
3910	3671	4
3910	3681	4
3910	3684	4
3910	3685	4
3910	3753	3
3910	3811	4
3910	3836	5
3914	6	2
3914	36	4
3914	70	4
3914	161	5
3914	457	4
3914	480	4
3914	527	5
3914	555	3
3914	593	4
3914	608	5
3914	858	4
3914	1198	5
3914	1200	5
3914	1201	4
3914	1213	5
3914	1214	4
3914	1215	3
3914	1220	4
3914	1222	5
3914	1261	4
3914	1333	3
3914	1356	3
3914	1387	4
3914	1396	3
3914	1580	4
3914	1610	4
3914	1690	3
3914	1721	3
3914	1916	2
3914	1994	3
3914	2023	3
3914	2110	2
3914	2118	3
3914	2401	4
3914	2490	4
3914	2529	4
3914	2530	4
3914	2531	3
3914	2532	5
3914	2533	3
3914	2701	3
3914	2716	3
3914	2903	2
3914	2916	3
3914	3044	3
3914	3104	3
3914	3203	4
3914	3256	3
3914	3418	2
3914	3505	3
3914	3527	4
3914	3555	5
3914	3702	3
3914	3703	5
3914	3760	3
3915	1198	2
3915	1230	1
3915	2712	2
3915	2716	4
3915	2881	5
3915	2908	5
3915	3005	2
3915	3146	4
3915	3176	3
3915	3238	4
3917	17	5
3917	70	2
3917	79	3
3917	110	4
3917	151	4
3917	161	3
3917	293	5
3917	342	3
3917	351	3
3917	357	5
3917	415	4
3917	457	5
3917	480	4
3917	494	1
3917	497	5
3917	500	5
3917	587	3
3917	593	5
3917	608	5
3917	736	3
3917	832	4
3917	838	5
3917	866	5
3917	1094	5
3917	1183	2
3917	1265	4
3917	1339	3
3917	1393	3
3917	1407	2
3917	1569	3
3917	1610	4
3917	1615	4
3917	1617	5
3917	1639	4
3917	1680	5
3917	1783	4
3917	1892	3
3917	1912	5
3917	2058	4
3917	2391	2
3917	2396	4
3917	2763	4
3917	2881	3
3917	2889	3
3917	2917	2
3917	3176	3
3917	3256	4
3917	3418	4
3919	282	1
3919	318	5
3919	454	4
3919	529	3
3919	736	5
3919	780	5
3919	1028	5
3919	1230	2
3919	1374	4
3919	1387	2
3919	1566	3
3919	1721	5
3919	2001	4
3919	2302	4
3919	2746	3
3919	2889	5
3919	2993	5
3919	3034	3
3919	3072	4
3919	3114	5
3919	3263	4
3919	3489	5
3919	3578	5
3919	3615	4
3919	3638	4
3919	3654	4
3919	3753	5
3919	3760	4
3919	3793	5
3922	6	3
3922	19	1
3922	63	4
3922	65	2
3922	110	4
3922	145	1
3922	153	1
3922	180	4
3922	186	3
3922	216	4
3922	231	5
3922	235	2
3922	372	3
3922	413	1
3922	429	4
3922	441	5
3922	457	2
3922	466	3
3922	480	3
3922	493	4
3922	514	4
3922	518	2
3922	529	4
3922	532	1
3922	550	2
3922	587	2
3922	610	3
3922	736	2
3922	784	2
3922	785	5
3922	830	1
3922	840	2
3922	1198	4
3922	1200	2
3922	1206	4
3922	1214	2
3922	1215	1
3922	1220	3
3922	1242	4
3922	1276	3
3922	1378	3
3922	1387	3
3922	1391	2
3922	1394	4
3922	1431	3
3922	1580	2
3922	1639	3
3922	1747	3
3922	1753	2
3922	1784	2
3922	1883	4
3922	2004	1
3922	2011	3
3922	2012	2
3922	2027	1
3922	2058	2
3922	2060	2
3922	2302	4
3922	2380	1
3922	2385	2
3922	2395	4
3922	2492	1
3922	2640	2
3922	2716	3
3922	2746	1
3922	2796	1
3922	2916	2
3922	2976	3
3922	2997	5
3922	3033	4
3922	3243	1
3922	3253	4
3922	3263	3
3922	3421	4
3922	3471	4
3922	3476	2
3922	3477	1
3922	3489	3
3922	3527	2
3922	3578	3
3922	3671	3
3922	3760	3
3924	111	5
3924	373	5
3924	457	4
3924	593	5
3924	608	5
3924	903	5
3924	908	5
3924	924	5
3924	933	4
3924	1086	4
3924	1131	4
3924	1200	3
3924	1252	4
3924	1264	5
3924	1275	4
3924	1283	5
3924	1610	3
3924	1834	2
3924	1953	5
3924	1994	5
3924	2349	4
3924	2391	4
3924	2819	4
3924	2871	5
3924	2889	3
3924	2917	4
3924	2921	4
3924	2922	4
3924	2976	2
3924	3203	3
3924	3420	4
3924	3476	4
3924	3551	3
3924	3615	4
3942	6	5
3942	24	2
3942	34	3
3942	36	3
3942	70	3
3942	71	1
3942	76	1
3942	89	2
3942	95	1
3942	110	4
3942	111	4
3942	145	1
3942	147	5
3942	153	1
3942	163	4
3942	173	1
3942	235	5
3942	256	1
3942	296	5
3942	300	3
3942	303	1
3942	317	1
3942	318	5
3942	329	2
3942	340	3
3942	434	2
3942	441	3
3942	454	2
3942	457	3
3942	466	1
3942	479	2
3942	480	3
3942	512	2
3942	527	3
3942	555	4
3942	588	1
3942	590	3
3942	593	4
3942	595	1
3942	608	5
3942	709	1
3942	736	1
3942	741	2
3942	786	1
3942	788	1
3942	798	1
3942	836	1
3942	842	2
3942	849	1
3942	858	5
3942	861	2
3942	866	2
3942	880	2
3942	891	2
3942	903	4
3942	908	3
3942	924	3
3942	953	3
3942	968	3
3942	969	3
3942	1000	1
3942	1017	3
3942	1019	3
3942	1028	3
3942	1029	3
3942	1032	3
3942	1059	2
3942	1091	2
3942	1092	3
3942	1136	4
3942	1147	3
3942	1193	4
3942	1198	5
3942	1199	4
3942	1200	4
3942	1201	3
3942	1206	4
3942	1213	5
3942	1214	5
3942	1215	5
3942	1220	3
3942	1222	5
3942	1227	2
3942	1228	4
3942	1237	4
3942	1241	3
3942	1246	4
3942	1257	2
3942	1258	3
3942	1261	3
3942	1265	3
3942	1271	2
3942	1275	3
3942	1277	3
3942	1278	3
3942	1287	2
3942	1295	2
3942	1297	3
3942	1310	5
3942	1333	4
3942	1339	3
3942	1340	3
3942	1342	2
3942	1347	2
3942	1356	2
3942	1372	1
3942	1373	1
3942	1374	2
3942	1378	2
3942	1387	5
3942	1388	2
3942	1391	2
3942	1394	3
3942	1396	3
3942	1407	3
3942	1408	3
3942	1432	2
3942	1438	1
3942	1464	2
3942	1466	5
3942	1499	1
3942	1562	1
3942	1563	3
3942	1580	2
3942	1590	1
3942	1601	1
3942	1606	1
3942	1615	2
3942	1617	4
3942	1639	3
3942	1640	1
3942	1655	1
3942	1661	2
3942	1673	3
3942	1674	3
3942	1687	1
3942	1690	2
3942	1704	2
3942	1729	4
3942	1747	4
3942	1779	3
3942	1785	1
3942	1825	3
3942	1834	4
3942	1882	1
3942	1912	2
3942	1917	1
3942	1918	1
3942	1923	3
3942	1924	3
3942	1953	3
3942	1954	3
3942	1967	4
3942	1970	2
3942	1974	4
3942	1975	3
3942	1979	1
3942	1982	4
3942	1984	1
3942	1986	1
3942	1994	3
3942	1997	2
3942	2001	2
3942	2004	3
3942	2009	2
3942	2011	2
3942	2012	1
3942	2015	2
3942	2019	3
3942	2021	5
3942	2023	4
3942	2046	2
3942	2072	4
3942	2078	3
3942	2080	2
3942	2081	1
3942	2097	4
3942	2100	1
3942	2105	2
3942	2107	2
3942	2118	3
3942	2121	2
3942	2122	3
3942	2143	3
3942	2153	1
3942	2161	2
3942	2184	2
3942	2193	4
3942	2232	2
3942	2278	3
3942	2389	1
3942	2391	3
3942	2395	4
3942	2405	3
3942	2407	2
3942	2410	2
3942	2411	1
3942	2446	1
3942	2459	1
3942	2471	1
3942	2490	2
3942	2501	3
3942	2529	4
3942	2530	1
3942	2531	2
3942	2532	2
3942	2533	1
3942	2560	4
3942	2580	3
3942	2617	2
3942	2640	3
3942	2642	2
3942	2646	3
3942	2647	3
3942	2649	2
3942	2650	3
3942	2651	3
3942	2664	4
3942	2672	2
3942	2701	1
3942	2712	4
3942	2716	5
3942	2719	2
3942	2722	1
3942	2747	2
3942	2772	2
3942	2784	2
3942	2793	2
3942	2796	3
3942	2804	3
3942	2813	5
3942	2815	1
3942	2826	1
3942	2844	3
3942	2871	4
3942	2890	3
3942	2915	3
3942	2916	2
3942	2951	3
3942	2976	4
3942	2986	1
3942	2995	2
3942	2997	5
3942	3019	4
3942	3020	3
3942	3033	3
3942	3063	2
3942	3088	3
3942	3104	2
3942	3107	2
3942	3169	3
3942	3253	3
3942	3255	2
3942	3300	2
3942	3354	3
3942	3362	3
3942	3398	3
3942	3421	3
3942	3424	4
3942	3438	2
3942	3452	2
3942	3471	4
3942	3476	3
3942	3479	2
3942	3489	2
3942	3499	3
3942	3527	3
3942	3551	4
3942	3552	2
3942	3555	2
3942	3578	4
3942	3608	3
3942	3638	1
3942	3671	2
3942	3676	4
3942	3698	2
3942	3702	4
3942	3703	3
3942	3704	3
3942	3708	3
3942	3709	1
3942	3732	1
3942	3744	2
3942	3753	3
3942	3793	4
3942	3840	1
3942	3896	5
3942	3932	3
3942	3952	2
3945	22	3
3945	24	4
3945	36	3
3945	44	1
3945	70	1
3945	105	4
3945	110	5
3945	111	4
3945	153	3
3945	203	3
3945	231	2
3945	235	3
3945	236	3
3945	282	5
3945	296	5
3945	300	3
3945	333	3
3945	339	3
3945	357	5
3945	360	3
3945	376	3
3945	410	3
3945	444	2
3945	466	2
3945	480	5
3945	500	5
3945	518	3
3945	527	5
3945	546	2
3945	587	3
3945	590	5
3945	593	5
3945	595	5
3945	608	4
3945	653	3
3945	707	3
3945	782	2
3945	783	4
3945	788	3
3945	830	3
3945	840	2
3945	858	5
3945	880	1
3945	909	5
3945	910	4
3945	914	5
3945	916	5
3945	924	5
3945	940	5
3945	952	2
3945	953	5
3945	971	5
3945	982	5
3945	1013	3
3945	1014	3
3945	1015	3
3945	1020	3
3945	1028	3
3945	1029	5
3945	1030	3
3945	1032	5
3945	1079	5
3945	1086	4
3945	1088	3
3945	1092	4
3945	1094	5
3945	1096	3
3945	1104	5
3945	1126	5
3945	1136	2
3945	1161	4
3945	1183	1
3945	1193	5
3945	1198	5
3945	1199	2
3945	1206	5
3945	1214	5
3945	1220	4
3945	1222	4
3945	1225	4
3945	1242	4
3945	1246	4
3945	1252	3
3945	1258	5
3945	1265	5
3945	1271	5
3945	1272	3
3945	1276	5
3945	1278	3
3945	1288	3
3945	1290	4
3945	1293	5
3945	1297	4
3945	1330	4
3945	1333	4
3945	1339	2
3945	1357	5
3945	1374	2
3945	1387	4
3945	1388	1
3945	1391	4
3945	1393	3
3945	1394	3
3945	1401	4
3945	1407	2
3945	1485	4
3945	1499	2
3945	1562	3
3945	1569	3
3945	1573	3
3945	1580	5
3945	1601	2
3945	1610	4
3945	1611	3
3945	1615	3
3945	1641	3
3945	1665	1
3945	1673	3
3945	1690	3
3945	1727	3
3945	1779	2
3945	1784	5
3945	1834	3
3945	1856	2
3945	1882	3
3945	1917	4
3945	1918	4
3945	1923	4
3945	1943	3
3945	1947	5
3945	1950	4
3945	1954	5
3945	1955	5
3945	1957	2
3945	1962	5
3945	1967	3
3945	1994	4
3945	1997	5
3945	2009	3
3945	2018	4
3945	2021	1
3945	2023	4
3945	2024	3
3945	2053	3
3945	2057	3
3945	2073	2
3945	2075	1
3945	2078	3
3945	2080	5
3945	2081	4
3945	2097	3
3945	2100	3
3945	2110	3
3945	2120	3
3945	2121	1
3945	2123	2
3945	2125	4
3945	2132	5
3945	2151	4
3945	2161	5
3945	2177	2
3945	2193	3
3945	2245	4
3945	2247	3
3945	2302	5
3945	2311	2
3945	2313	5
3945	2316	4
3945	2320	3
3945	2369	3
3945	2405	3
3945	2407	5
3945	2424	4
3945	2468	3
3945	2469	3
3945	2471	3
3945	2506	5
3945	2530	1
3945	2531	1
3945	2533	2
3945	2535	2
3945	2539	4
3945	2567	2
3945	2574	3
3945	2617	5
3945	2639	4
3945	2640	4
3945	2642	2
3945	2712	5
3945	2716	5
3945	2719	4
3945	2734	3
3945	2735	3
3945	2739	5
3945	2746	3
3945	2747	5
3945	2794	2
3945	2798	1
3945	2871	4
3945	2874	4
3945	2899	3
3945	2917	4
3945	2919	4
3945	2953	3
3945	2971	5
3945	3028	5
3945	3039	3
3945	3072	5
3945	3088	5
3945	3107	3
3945	3169	4
3945	3219	3
3945	3243	2
3945	3247	3
3945	3251	4
3945	3252	4
3945	3253	3
3945	3255	4
3945	3362	4
3945	3388	3
3945	3418	3
3945	3421	5
3945	3426	2
3945	3438	2
3945	3450	4
3945	3471	5
3945	3478	2
3945	3479	3
3945	3489	4
3945	3499	4
3945	3501	5
3945	3524	2
3945	3545	5
3945	3590	3
3945	3608	3
3945	3668	5
3945	3671	3
3945	3685	3
3945	3700	3
3945	3702	3
3945	3704	3
3945	3707	3
3945	3708	2
3945	3712	4
3945	3714	4
3945	3733	5
3945	3791	3
3945	3812	2
3949	161	4
3949	210	5
3949	458	2
3949	466	3
3949	527	4
3949	590	4
3949	858	4
3949	969	5
3949	1091	3
3949	1094	2
3949	1201	2
3949	1204	5
3949	1242	5
3949	1283	4
3949	1378	4
3949	1379	4
3949	1408	4
3949	2012	3
3949	2401	5
3949	2670	3
3949	2701	2
3949	2815	3
3949	2890	3
3949	2921	5
3949	2922	4
3949	2951	2
3949	3037	4
3949	3196	4
3949	3365	4
3949	3406	3
3949	3508	5
3949	3654	4
3949	3671	4
3949	3681	3
3949	3753	4
3949	3806	3
3949	3811	3
3949	3836	4
3949	3873	4
3952	34	4
3952	116	5
3952	588	4
3952	926	5
3952	952	4
3952	969	5
3952	1031	3
3952	1032	4
3952	1230	5
3952	1287	5
3952	1441	3
3952	1688	4
3952	1784	4
3952	2015	4
3952	2018	5
3952	2032	3
3952	2071	4
3952	2520	2
3952	2531	4
3952	2870	3
3952	2971	4
3952	3251	4
3952	3421	2
3952	3478	4
3952	3524	4
3952	3672	4
3958	17	5
3958	34	5
3958	105	2
3958	110	5
3958	151	3
3958	161	5
3958	276	4
3958	317	4
3958	318	5
3958	339	4
3958	342	4
3958	357	4
3958	434	5
3958	454	5
3958	536	4
3958	580	3
3958	587	5
3958	588	5
3958	593	3
3958	736	5
3958	780	5
3958	788	3
3958	805	4
3958	832	2
3958	1006	3
3958	1028	4
3958	1094	4
3958	1183	2
3958	1265	5
3958	1271	4
3958	1363	2
3958	1374	5
3958	1387	5
3958	1393	3
3958	1396	4
3958	1411	3
3958	1566	5
3958	1580	2
3958	1583	2
3958	1702	3
3958	1704	3
3958	1721	5
3958	1727	3
3958	1747	1
3958	1784	4
3958	1918	4
3958	1923	3
3958	1927	5
3958	2001	5
3958	2059	5
3958	2266	2
3958	2302	5
3958	2316	2
3958	2369	4
3958	2385	1
3958	2396	5
3958	2424	3
3958	2429	4
3958	2746	4
3958	2804	5
3958	2822	1
3958	2890	4
3958	3034	5
3958	3039	5
3958	3107	5
3958	3114	5
3958	3175	4
3958	3255	3
3958	3418	4
3958	3438	4
3958	3501	2
3958	3615	4
3958	3633	5
3958	3638	3
3958	3654	5
3958	3836	5
3958	3841	3
3958	3844	3
3959	924	2
3959	1193	5
3959	1272	3
3959	3578	4
3959	3615	2
3959	3616	4
3959	3618	3
3959	3646	2
3959	3719	4
3959	3753	3
3959	3784	1
3959	3797	1
3961	24	3
3961	70	3
3961	329	2
3961	379	1
3961	480	4
3961	532	3
3961	546	1
3961	610	4
3961	671	3
3961	780	3
3961	849	2
3961	880	3
3961	910	5
3961	924	4
3961	968	4
3961	1019	5
3961	1078	5
3961	1130	4
3961	1136	5
3961	1199	3
3961	1200	5
3961	1206	5
3961	1214	5
3961	1215	3
3961	1230	4
3961	1258	4
3961	1261	5
3961	1278	5
3961	1292	5
3961	1333	5
3961	1339	3
3961	1340	4
3961	1346	4
3961	1347	4
3961	1356	3
3961	1374	5
3961	1387	5
3961	1391	3
3961	1573	3
3961	1580	4
3961	1590	2
3961	1690	2
3961	1762	1
3961	1862	2
3961	1882	2
3961	1917	2
3961	1924	4
3961	1931	5
3961	1974	4
3961	1982	5
3961	1994	4
3961	1997	5
3961	2010	5
3961	2011	1
3961	2012	3
3961	2021	3
3961	2105	3
3961	2287	3
3961	2322	2
3961	2365	3
3961	2377	3
3961	2396	5
3961	2407	3
3961	2456	1
3961	2459	5
3961	2526	2
3961	2529	4
3961	2530	5
3961	2532	5
3961	2617	1
3961	2640	2
3961	2642	1
3961	2663	4
3961	2664	4
3961	2701	1
3961	2716	3
3961	2746	3
3961	2747	4
3961	2794	3
3961	2889	3
3961	2976	3
3961	2997	5
3961	3022	5
3961	3033	3
3961	3040	5
3961	3175	5
3961	3185	4
3961	3340	4
3961	3421	5
3961	3452	2
3961	3471	5
3961	3476	3
3961	3506	2
3961	3527	4
3961	3638	1
3961	3676	3
3961	3697	2
3961	3700	5
3961	3702	5
3961	3703	4
3961	3704	4
3961	3727	3
3961	3760	4
3961	3793	4
3961	3812	5
3961	3864	5
3963	17	4
3963	36	5
3963	41	4
3963	110	4
3963	111	2
3963	236	4
3963	246	3
3963	296	3
3963	303	2
3963	317	4
3963	318	4
3963	339	4
3963	357	4
3963	419	1
3963	425	4
3963	434	1
3963	457	3
3963	480	4
3963	497	3
3963	527	5
3963	529	4
3963	588	5
3963	590	5
3963	593	5
3963	595	5
3963	608	5
3963	653	4
3963	736	4
3963	858	5
3963	903	4
3963	908	5
3963	909	4
3963	910	4
3963	911	4
3963	914	5
3963	915	3
3963	922	3
3963	924	5
3963	931	5
3963	943	4
3963	945	4
3963	947	3
3963	952	4
3963	953	5
3963	969	5
3963	1017	4
3963	1019	5
3963	1024	5
3963	1025	4
3963	1028	5
3963	1029	4
3963	1031	5
3963	1032	5
3963	1041	4
3963	1079	3
3963	1084	4
3963	1094	4
3963	1096	4
3963	1131	5
3963	1132	5
3963	1162	5
3963	1178	5
3963	1183	3
3963	1193	5
3963	1198	4
3963	1201	4
3963	1204	5
3963	1206	3
3963	1214	3
3963	1217	4
3963	1222	4
3963	1225	5
3963	1226	3
3963	1228	3
3963	1230	4
3963	1234	5
3963	1237	4
3963	1242	4
3963	1251	2
3963	1252	3
3963	1265	4
3963	1272	5
3963	1276	5
3963	1278	5
3963	1283	4
3963	1287	5
3963	1292	5
3963	1293	5
3963	1340	5
3963	1357	3
3963	1374	4
3963	1387	3
3963	1393	5
3963	1394	5
3963	1411	3
3963	1580	3
3963	1610	4
3963	1617	4
3963	1674	5
3963	1680	5
3963	1702	3
3963	1704	4
3963	1747	2
3963	1784	5
3963	1797	5
3963	1923	4
3963	1935	4
3963	1947	4
3963	1949	5
3963	1950	5
3963	1954	5
3963	1955	4
3963	1957	5
3963	1962	4
3963	1964	4
3963	2010	3
3963	2012	4
3963	2015	4
3963	2018	4
3963	2021	4
3963	2046	4
3963	2078	5
3963	2080	3
3963	2081	4
3963	2100	3
3963	2105	2
3963	2130	3
3963	2132	4
3963	2161	5
3963	2289	4
3963	2313	5
3963	2336	5
3963	2353	5
3963	2370	4
3963	2391	4
3963	2396	5
3963	2430	3
3963	2501	4
3963	2539	5
3963	2617	1
3963	2624	2
3963	2640	5
3963	2647	2
3963	2649	3
3963	2650	1
3963	2651	3
3963	2652	1
3963	2664	4
3963	2701	1
3963	2739	5
3963	2745	5
3963	2761	3
3963	2770	4
3963	2795	3
3963	2804	4
3963	2819	3
3963	2822	4
3963	2871	4
3963	2883	4
3963	2916	2
3963	2919	5
3963	2932	3
3963	2970	3
3963	2997	5
3963	3006	4
3963	3020	4
3963	3022	5
3963	3028	5
3963	3034	4
3963	3036	5
3963	3037	5
3963	3039	5
3963	3062	5
3963	3072	5
3963	3088	4
3963	3093	5
3963	3100	5
3963	3104	4
3963	3114	3
3963	3115	4
3963	3139	4
3963	3148	5
3963	3176	3
3963	3196	5
3963	3253	3
3963	3255	5
3963	3284	4
3963	3334	4
3963	3359	4
3963	3362	3
3963	3398	5
3963	3405	5
3963	3418	5
3963	3421	3
3963	3466	4
3963	3471	4
3963	3479	3
3963	3489	5
3963	3538	2
3963	3545	4
3963	3578	4
3963	3634	3
3963	3654	4
3963	3668	5
3963	3671	4
3963	3681	4
3963	3684	4
3963	3723	5
3963	3736	5
3963	3737	5
3963	3753	3
3963	3754	5
3963	3789	5
3963	3811	4
3963	3836	3
3963	3872	4
3963	3926	3
3963	3927	4
3963	3928	2
3965	6	4
3965	10	4
3965	22	4
3965	24	3
3965	61	4
3965	95	4
3965	110	5
3965	145	3
3965	151	5
3965	161	5
3965	163	4
3965	296	5
3965	303	2
3965	416	2
3965	432	3
3965	434	3
3965	454	4
3965	457	4
3965	458	5
3965	465	2
3965	466	2
3965	480	4
3965	487	3
3965	500	3
3965	529	5
3965	587	4
3965	590	5
3965	593	5
3965	628	4
3965	647	4
3965	780	4
3965	782	3
3965	785	5
3965	786	3
3965	832	4
3965	849	3
3965	858	5
3965	880	3
3965	969	5
3965	1020	4
3965	1092	5
3965	1094	2
3965	1198	5
3965	1200	3
3965	1201	4
3965	1214	4
3965	1215	3
3965	1220	5
3965	1242	5
3965	1265	4
3965	1272	4
3965	1276	5
3965	1283	4
3965	1378	4
3965	1379	3
3965	1387	4
3965	1391	2
3965	1393	5
3965	1407	4
3965	1445	3
3965	1488	4
3965	1513	2
3965	1573	3
3965	1610	5
3965	1617	5
3965	1639	3
3965	1673	4
3965	1674	4
3965	1687	5
3965	1722	4
3965	1744	3
3965	1769	3
3965	1783	4
3965	1792	5
3965	1833	4
3965	1863	3
3965	1912	3
3965	1917	4
3965	1920	3
3965	2009	4
3965	2012	3
3965	2058	5
3965	2107	3
3965	2122	3
3965	2147	3
3965	2188	2
3965	2247	3
3965	2248	5
3965	2302	2
3965	2320	3
3965	2353	4
3965	2389	3
3965	2395	1
3965	2401	4
3965	2457	4
3965	2485	4
3965	2492	1
3965	2540	3
3965	2580	2
3965	2581	3
3965	2598	3
3965	2670	5
3965	2701	2
3965	2714	5
3965	2716	5
3965	2722	3
3965	2734	3
3965	2764	5
3965	2770	2
3965	2815	4
3965	2816	1
3965	2817	1
3965	2826	4
3965	2871	5
3965	2881	4
3965	2890	4
3965	2921	3
3965	2922	3
3965	2951	3
3965	3005	4
3965	3034	5
3965	3062	5
3965	3102	4
3965	3122	4
3965	3146	4
3965	3178	5
3965	3256	4
3965	3263	4
3965	3461	4
3965	3487	5
3965	3508	5
3965	3527	4
3965	3545	3
3965	3555	5
3965	3578	5
3965	3671	5
3965	3681	3
3965	3698	3
3965	3703	4
3965	3753	5
3965	3766	4
3965	3791	4
3965	3793	5
3965	3841	4
3965	3844	2
3967	22	2
3967	24	1
3967	31	2
3967	34	3
3967	105	3
3967	110	4
3967	122	2
3967	140	1
3967	147	2
3967	158	2
3967	203	4
3967	231	3
3967	271	3
3967	282	2
3967	296	5
3967	300	4
3967	317	2
3967	318	5
3967	339	4
3967	355	1
3967	357	2
3967	362	2
3967	371	4
3967	372	3
3967	413	1
3967	441	3
3967	444	2
3967	454	2
3967	477	3
3967	497	3
3967	500	2
3967	510	1
3967	527	4
3967	529	3
3967	538	3
3967	546	1
3967	587	3
3967	588	3
3967	590	4
3967	593	4
3967	595	4
3967	605	2
3967	608	5
3967	736	3
3967	784	1
3967	788	2
3967	832	1
3967	851	4
3967	858	4
3967	908	4
3967	915	3
3967	932	3
3967	934	3
3967	1015	2
3967	1017	2
3967	1020	1
3967	1025	2
3967	1028	3
3967	1029	4
3967	1030	2
3967	1032	3
3967	1059	4
3967	1060	4
3967	1064	2
3967	1079	3
3967	1088	2
3967	1091	3
3967	1183	2
3967	1193	5
3967	1213	5
3967	1215	3
3967	1225	4
3967	1242	3
3967	1246	4
3967	1252	4
3967	1257	2
3967	1265	3
3967	1271	3
3967	1278	3
3967	1290	2
3967	1339	3
3967	1357	2
3967	1367	2
3967	1378	3
3967	1379	3
3967	1391	2
3967	1393	3
3967	1408	3
3967	1411	5
3967	1466	3
3967	1485	1
3967	1498	4
3967	1569	4
3967	1594	1
3967	1617	4
3967	1639	3
3967	1641	2
3967	1673	3
3967	1704	5
3967	1722	3
3967	1727	3
3967	1729	4
3967	1747	3
3967	1760	1
3967	1784	5
3967	1835	3
3967	1912	3
3967	1918	2
3967	1923	2
3967	1947	4
3967	1954	2
3967	1957	2
3967	1962	3
3967	1967	3
3967	2001	2
3967	2004	1
3967	2011	3
3967	2012	3
3967	2018	4
3967	2022	1
3967	2023	3
3967	2053	1
3967	2057	2
3967	2059	2
3967	2072	4
3967	2078	3
3967	2080	3
3967	2081	3
3967	2100	2
3967	2123	2
3967	2138	4
3967	2142	3
3967	2143	2
3967	2146	1
3967	2161	3
3967	2245	2
3967	2261	2
3967	2266	2
3967	2272	3
3967	2282	3
3967	2302	4
3967	2313	2
3967	2329	4
3967	2359	4
3967	2369	2
3967	2395	3
3967	2405	3
3967	2407	2
3967	2410	1
3967	2411	1
3967	2424	3
3967	2468	2
3967	2485	2
3967	2506	4
3967	2567	3
3967	2581	3
3967	2598	3
3967	2729	2
3967	2739	4
3967	2746	2
3967	2788	4
3967	2848	2
3967	2860	3
3967	2912	2
3967	2915	2
3967	2950	1
3967	2953	1
3967	2997	5
3967	3006	4
3967	3028	3
3967	3033	1
3967	3034	3
3967	3039	3
3967	3072	3
3967	3100	4
3967	3107	3
3967	3159	5
3967	3247	3
3967	3252	4
3967	3253	3
3967	3255	3
3967	3263	2
3967	3269	3
3967	3308	2
3967	3388	2
3967	3398	4
3967	3418	2
3967	3436	4
3967	3450	3
3967	3461	3
3967	3471	1
3967	3477	1
3967	3513	3
3967	3515	1
3967	3552	1
3967	3578	4
3967	3608	2
3967	3615	3
3967	3649	2
3967	3668	3
3967	3675	4
3967	3712	4
3967	3723	5
3967	3753	1
3967	3791	2
3967	3793	4
3967	3844	3
3967	3869	2
3968	6	5
3968	42	2
3968	95	4
3968	110	5
3968	434	5
3968	454	3
3968	457	4
3968	466	4
3968	479	3
3968	480	3
3968	555	2
3968	780	4
3968	798	3
3968	861	3
3968	1091	2
3968	1198	5
3968	1215	5
3968	1379	1
3968	1391	4
3968	1438	3
3968	1480	5
3968	1573	5
3968	1580	3
3968	1610	5
3968	1616	3
3968	1722	4
3968	1785	4
3968	2023	5
3968	2058	3
3968	2278	5
3968	2353	4
3968	2365	5
3968	2490	4
3968	2540	3
3968	2617	4
3968	2916	5
3968	3020	4
3968	3107	4
3968	3256	5
3968	3418	2
3968	3438	3
3968	3697	5
3968	3793	5
3970	24	3
3970	34	5
3970	70	4
3970	79	2
3970	145	3
3970	173	1
3970	198	5
3970	200	1
3970	209	5
3970	216	4
3970	231	4
3970	293	4
3970	296	4
3970	318	5
3970	329	4
3970	457	5
3970	479	3
3970	480	5
3970	494	5
3970	500	1
3970	529	3
3970	546	1
3970	587	1
3970	590	3
3970	593	5
3970	608	1
3970	653	3
3970	741	5
3970	780	3
3970	782	1
3970	836	3
3970	849	3
3970	866	2
3970	1079	4
3970	1092	4
3970	1094	1
3970	1175	2
3970	1198	4
3970	1206	4
3970	1214	5
3970	1215	5
3970	1258	3
3970	1261	4
3970	1333	4
3970	1356	4
3970	1387	4
3970	1391	1
3970	1396	5
3970	1407	4
3970	1485	4
3970	1573	2
3970	1590	3
3970	1610	3
3970	1617	1
3970	1639	5
3970	1641	4
3970	1665	3
3970	1673	5
3970	1704	3
3970	1784	3
3970	1792	3
3970	1882	1
3970	1892	4
3970	1923	5
3970	1962	4
3970	1997	5
3970	2053	2
3970	2058	4
3970	2072	2
3970	2112	2
3970	2120	3
3970	2153	1
3970	2232	1
3970	2302	5
3970	2320	5
3970	2329	5
3970	2353	4
3970	2391	1
3970	2395	2
3970	2529	5
3970	2580	5
3970	2600	4
3970	2617	1
3970	2664	4
3970	2672	3
3970	2719	1
3970	2722	4
3970	2881	1
3970	2890	4
3970	2916	5
3970	2997	5
3970	3005	4
3970	3006	5
3970	3020	5
3970	3176	2
3970	3213	4
3970	3219	1
3970	3247	4
3970	3253	3
3970	3255	5
3970	3256	3
3970	3263	4
3970	3267	4
3970	3274	3
3970	3300	4
3970	3418	1
3970	3421	5
3970	3438	3
3970	3450	5
3970	3476	5
3970	3510	4
3970	3578	3
3970	3671	1
3970	3712	5
3970	3793	4
3970	3882	4
3970	3952	4
3972	546	2
3972	1193	3
3972	1198	5
3972	2071	3
3972	2336	5
3972	2369	2
3972	2881	3
3972	3005	4
3972	3203	4
3994	10	4
3994	36	3
3994	153	3
3994	161	1
3994	235	3
3994	329	5
3994	379	5
3994	434	4
3994	480	5
3994	587	3
3994	590	5
3994	780	3
3994	858	5
3994	910	4
3994	924	5
3994	952	3
3994	1020	5
3994	1028	3
3994	1083	4
3994	1104	4
3994	1136	5
3994	1206	3
3994	1220	3
3994	1225	5
3994	1234	5
3994	1252	4
3994	1276	4
3994	1278	4
3994	1288	2
3994	1356	5
3994	1372	4
3994	1373	4
3994	1374	5
3994	1391	4
3994	1394	5
3994	1396	3
3994	1485	2
3994	1562	4
3994	1569	4
3994	1573	4
3994	1580	5
3994	1617	4
3994	1641	4
3994	1674	4
3994	1747	2
3994	1784	4
3994	1883	3
3994	1947	3
3994	1949	4
3994	1957	4
3994	2011	4
3994	2012	4
3994	2021	3
3994	2032	3
3994	2110	4
3994	2245	4
3994	2302	4
3994	2369	3
3994	2396	5
3994	2529	5
3994	2640	5
3994	2642	4
3994	2701	4
3994	2716	5
3994	2746	4
3994	2916	4
3994	2997	5
3994	3033	4
3994	3037	4
3994	3039	5
3994	3040	3
3994	3088	3
3994	3175	4
3994	3196	4
3994	3253	4
3994	3308	4
3994	3334	3
3994	3398	2
3994	3421	5
3994	3450	4
3994	3471	4
3994	3489	4
3994	3638	4
3994	3671	5
3994	3702	5
3994	3753	4
3994	3789	5
3994	3873	5
4008	44	3
4008	216	3
4008	1721	1
4008	3317	2
4008	3510	4
4008	3578	5
4008	3618	4
4008	3646	3
4008	3744	4
4008	3745	3
4008	3753	4
4008	3754	1
4008	3784	1
4008	3793	5
4009	26	1
4009	36	3
4009	70	4
4009	105	3
4009	110	5
4009	147	5
4009	161	4
4009	229	4
4009	235	3
4009	271	3
4009	282	1
4009	293	3
4009	296	5
4009	297	1
4009	300	2
4009	330	1
4009	354	3
4009	493	4
4009	527	5
4009	529	2
4009	532	1
4009	593	5
4009	606	1
4009	610	1
4009	647	3
4009	735	2
4009	842	1
4009	858	5
4009	866	1
4009	891	3
4009	953	4
4009	968	5
4009	1059	1
4009	1130	5
4009	1193	5
4009	1213	5
4009	1214	5
4009	1215	4
4009	1222	5
4009	1225	4
4009	1228	5
4009	1241	1
4009	1242	5
4009	1246	3
4009	1258	5
4009	1261	4
4009	1272	5
4009	1276	5
4009	1278	5
4009	1324	1
4009	1339	3
4009	1342	3
4009	1347	4
4009	1387	5
4009	1393	2
4009	1407	4
4009	1411	3
4009	1466	3
4009	1639	1
4009	1655	2
4009	1673	4
4009	1674	3
4009	1690	4
4009	1729	4
4009	1840	4
4009	1862	2
4009	1914	2
4009	1916	2
4009	1924	1
4009	1962	4
4009	1970	4
4009	1972	2
4009	1973	1
4009	1974	4
4009	1975	3
4009	1979	3
4009	1982	5
4009	1984	4
4009	1986	3
4009	1992	1
4009	1993	1
4009	1994	5
4009	1995	1
4009	1997	5
4009	2004	1
4009	2023	1
4009	2071	3
4009	2107	3
4009	2118	5
4009	2120	3
4009	2121	3
4009	2122	3
4009	2149	1
4009	2158	1
4009	2159	4
4009	2282	1
4009	2305	1
4009	2313	5
4009	2315	1
4009	2329	5
4009	2368	1
4009	2389	2
4009	2411	2
4009	2430	5
4009	2456	1
4009	2461	3
4009	2548	1
4009	2617	1
4009	2655	3
4009	2664	3
4009	2716	5
4009	2746	3
4009	2764	2
4009	2793	2
4009	2908	5
4009	2976	3
4009	2982	2
4009	2995	2
4009	3006	4
4009	3013	1
4009	3017	3
4009	3019	3
4009	3198	5
4009	3247	2
4009	3255	3
4009	3362	5
4009	3418	3
4009	3424	4
4009	3426	1
4009	3471	3
4009	3476	4
4009	3499	5
4009	3578	4
4009	3649	3
4009	3685	5
4009	3692	3
4009	3693	1
4009	3708	3
4009	3709	3
4009	3723	3
4009	3840	3
4010	22	3
4010	593	3
4010	968	4
4010	1617	4
4010	2336	4
4010	2369	3
4010	2716	4
4010	2722	3
4010	2729	4
4010	3219	3
4013	6	3
4013	17	4
4013	34	4
4013	110	5
4013	140	4
4013	153	1
4013	161	4
4013	293	3
4013	296	3
4013	318	4
4013	434	3
4013	454	3
4013	457	4
4013	459	1
4013	480	3
4013	527	4
4013	587	3
4013	590	3
4013	593	3
4013	647	3
4013	653	4
4013	780	2
4013	786	2
4013	788	3
4013	832	3
4013	858	3
4013	880	3
4013	924	3
4013	1092	2
4013	1094	3
4013	1183	2
4013	1198	3
4013	1200	5
4013	1214	3
4013	1220	5
4013	1242	4
4013	1246	4
4013	1275	1
4013	1356	4
4013	1372	2
4013	1391	2
4013	1562	1
4013	1573	4
4013	1580	3
4013	1610	4
4013	1617	4
4013	1639	3
4013	1687	2
4013	1704	4
4013	1721	3
4013	1769	2
4013	1840	1
4013	1954	1
4013	2001	2
4013	2011	3
4013	2021	2
4013	2023	2
4013	2041	3
4013	2046	3
4013	2058	2
4013	2100	3
4013	2105	5
4013	2118	2
4013	2161	3
4013	2278	4
4013	2373	3
4013	2407	3
4013	2410	1
4013	2411	1
4013	2433	1
4013	2456	3
4013	2763	4
4013	2764	3
4013	2815	2
4013	2822	3
4013	2871	4
4013	2890	2
4013	2916	4
4013	2986	1
4013	3005	2
4013	3006	4
4013	3053	3
4013	3107	4
4013	3203	3
4013	3238	1
4013	3252	4
4013	3256	1
4013	3274	2
4013	3444	1
4013	3461	3
4013	3471	3
4013	3527	3
4013	3578	5
4013	3697	2
4013	3698	4
4018	6	4
4018	70	3
4018	95	3
4018	163	4
4018	198	4
4018	329	3
4018	457	4
4018	480	4
4018	494	4
4018	527	5
4018	610	4
4018	653	3
4018	780	4
4018	786	3
4018	858	5
4018	861	3
4018	998	3
4018	1200	5
4018	1201	4
4018	1214	4
4018	1220	4
4018	1222	3
4018	1242	5
4018	1275	4
4018	1287	4
4018	1356	4
4018	1372	2
4018	1374	5
4018	1573	3
4018	1580	3
4018	1610	5
4018	1616	4
4018	1661	4
4018	1690	1
4018	1721	4
4018	1769	4
4018	1953	3
4018	1954	5
4018	2001	4
4018	2023	4
4018	2105	3
4018	2193	4
4018	2278	3
4018	2347	4
4018	2353	4
4018	2370	3
4018	2533	2
4018	2916	4
4018	2951	4
4018	2993	3
4018	3029	2
4018	3062	4
4018	3107	4
4018	3256	4
4018	3372	4
4018	3404	4
4018	3406	4
4018	3418	3
4018	3430	3
4018	3635	3
4018	3643	3
4018	3654	5
4018	3702	4
4018	3703	4
4018	3704	3
4018	3729	1
4018	3807	4
4018	3836	5
4018	3849	4
4030	111	4
4030	231	4
4030	333	4
4030	480	5
4030	593	3
4030	608	4
4030	785	4
4030	858	3
4030	903	2
4030	1079	3
4030	1193	4
4030	1198	5
4030	1206	3
4030	1213	2
4030	1214	3
4030	1226	3
4030	1242	4
4030	1252	3
4030	1258	4
4030	1288	5
4030	1387	5
4030	1580	3
4030	1641	3
4030	1721	2
4030	1729	4
4030	1997	5
4030	2100	4
4030	2121	2
4030	2315	3
4030	2391	5
4030	2411	4
4030	2474	2
4030	2520	4
4030	2529	5
4030	2716	3
4030	2795	4
4030	2871	4
4030	3019	3
4030	3033	2
4030	3104	4
4030	3146	4
4030	3175	3
4030	3176	4
4030	3362	4
4030	3405	4
4030	3444	4
4030	3527	3
4030	3555	3
4030	3578	4
4030	3608	3
4030	3744	3
4050	110	5
4050	235	2
4050	293	5
4050	296	5
4050	318	5
4050	448	2
4050	457	5
4050	480	4
4050	529	3
4050	590	5
4050	593	5
4050	608	5
4050	828	5
4050	858	5
4050	940	5
4050	953	5
4050	1028	5
4050	1029	5
4050	1059	2
4050	1079	5
4050	1084	5
4050	1086	5
4050	1136	5
4050	1193	5
4050	1198	5
4050	1200	4
4050	1201	5
4050	1206	5
4050	1213	5
4050	1214	5
4050	1222	5
4050	1225	4
4050	1228	3
4050	1258	5
4050	1265	4
4050	1278	4
4050	1287	5
4050	1288	3
4050	1292	4
4050	1293	3
4050	1333	3
4050	1387	5
4050	1394	3
4050	1498	3
4050	1610	5
4050	1617	4
4050	1641	4
4050	1673	4
4050	1704	4
4050	1784	3
4050	1912	4
4050	1947	5
4050	1954	5
4050	1964	4
4050	1982	5
4050	1997	5
4050	2078	5
4050	2080	4
4050	2118	3
4050	2336	5
4050	2529	4
4050	2580	3
4050	2716	5
4050	2737	4
4050	2772	3
4050	2804	5
4050	2846	4
4050	2866	3
4050	2871	4
4050	2916	5
4050	2917	3
4050	2950	3
4050	2971	4
4050	3034	5
4050	3068	5
4050	3114	5
4050	3253	5
4050	3359	4
4050	3362	4
4050	3421	5
4050	3468	5
4050	3471	5
4050	3499	5
4050	3552	5
4050	3608	5
4050	3671	5
4050	3702	5
4050	3703	4
4050	3709	3
4059	65	1
4059	111	4
4059	799	2
4059	909	1
4059	1079	3
4059	1215	3
4059	1265	3
4059	1394	4
4059	1407	4
4059	1923	4
4059	2248	3
4059	2313	2
4059	2716	2
4059	2804	4
4059	2976	3
4059	2986	1
4059	2997	3
4059	3146	4
4059	3176	3
4059	3308	4
4059	3476	4
4059	3499	4
4059	3552	3
4059	3608	2
4060	6	4
4060	34	4
4060	36	4
4060	42	3
4060	70	4
4060	111	4
4060	161	3
4060	235	3
4060	246	4
4060	296	4
4060	454	3
4060	457	4
4060	466	4
4060	480	4
4060	527	4
4060	555	4
4060	587	4
4060	590	4
4060	593	5
4060	608	4
4060	610	3
4060	653	3
4060	736	4
4060	780	4
4060	788	4
4060	849	3
4060	858	4
4060	924	4
4060	953	3
4060	1060	4
4060	1079	3
4060	1092	4
4060	1136	5
4060	1183	3
4060	1193	4
4060	1198	5
4060	1206	4
4060	1213	4
4060	1214	4
4060	1220	5
4060	1225	4
4060	1234	4
4060	1258	5
4060	1278	4
4060	1288	4
4060	1330	4
4060	1347	5
4060	1387	4
4060	1391	3
4060	1393	4
4060	1407	5
4060	1499	3
4060	1573	4
4060	1580	4
4060	1617	4
4060	1639	3
4060	1641	4
4060	1702	3
4060	1721	4
4060	1747	5
4060	1797	4
4060	1914	4
4060	1923	4
4060	1954	4
4060	1974	4
4060	1982	4
4060	1994	4
4060	1997	5
4060	2004	3
4060	2046	4
4060	2100	4
4060	2110	4
4060	2118	3
4060	2121	4
4060	2122	4
4060	2146	3
4060	2161	4
4060	2245	3
4060	2266	4
4060	2282	3
4060	2302	4
4060	2396	4
4060	2580	4
4060	2617	3
4060	2716	4
4060	2746	3
4060	2804	4
4060	2871	5
4060	2890	4
4060	2916	4
4060	3020	4
4060	3039	5
4060	3044	4
4060	3072	3
4060	3107	4
4060	3114	4
4060	3421	5
4060	3438	3
4060	3461	4
4060	3471	4
4060	3489	3
4060	3499	4
4060	3527	4
4060	3552	5
4060	3671	5
4060	3693	3
4060	3698	4
4060	3708	3
4060	3753	5
4060	3798	4
4060	3844	4
4076	36	4
4076	110	5
4076	121	4
4076	147	5
4076	282	5
4076	318	5
4076	372	2
4076	527	5
4076	593	4
4076	608	3
4076	647	4
4076	1003	3
4076	1393	4
4076	1401	4
4076	1411	4
4076	1704	5
4076	1721	4
4076	1784	3
4076	1888	5
4076	3255	3
4076	3418	4
4078	17	2
4078	34	4
4078	105	1
4078	110	5
4078	231	4
4078	235	4
4078	246	5
4078	247	5
4078	293	3
4078	296	5
4078	300	3
4078	318	5
4078	357	2
4078	373	3
4078	457	3
4078	506	1
4078	529	5
4078	555	5
4078	593	5
4078	608	3
4078	671	3
4078	720	3
4078	1034	5
4078	1079	5
4078	1088	1
4078	1094	5
4078	1096	2
4078	1131	4
4078	1147	4
4078	1198	4
4078	1199	3
4078	1213	5
4078	1217	3
4078	1220	3
4078	1222	5
4078	1223	3
4078	1225	5
4078	1242	3
4078	1246	5
4078	1258	5
4078	1261	3
4078	1265	4
4078	1271	2
4078	1277	4
4078	1290	3
4078	1295	2
4078	1297	3
4078	1347	5
4078	1393	3
4078	1394	3
4078	1396	3
4078	1465	3
4078	1466	3
4078	1569	4
4078	1617	3
4078	1639	4
4078	1673	5
4078	1674	4
4078	1704	4
4078	1721	4
4078	1784	3
4078	1923	5
4078	1962	4
4078	1974	3
4078	1994	4
4078	2001	3
4078	2011	2
4078	2021	2
4078	2022	3
4078	2097	1
4078	2100	4
4078	2105	2
4078	2111	2
4078	2118	2
4078	2159	3
4078	2241	4
4078	2247	2
4078	2248	4
4078	2262	4
4078	2289	3
4078	2312	3
4078	2349	2
4078	2369	2
4078	2374	3
4078	2391	5
4078	2395	4
4078	2405	3
4078	2457	4
4078	2469	2
4078	2551	3
4078	2624	5
4078	2639	2
4078	2659	3
4078	2716	3
4078	2735	1
4078	2739	5
4078	2745	3
4078	2752	2
4078	2890	3
4078	2908	4
4078	2915	3
4078	2997	3
4078	3006	5
4078	3019	3
4078	3029	3
4078	3033	3
4078	3039	3
4078	3090	5
4078	3104	5
4078	3142	5
4078	3203	5
4078	3251	4
4078	3252	4
4078	3255	4
4078	3385	1
4078	3424	5
4078	3478	3
4078	3499	5
4078	3501	4
4078	3505	3
4078	3524	3
4078	3527	4
4078	3552	4
4078	3578	4
4078	3608	3
4078	3698	3
4078	3791	1
4078	3811	3
4078	3834	2
4078	3844	5
4086	10	5
4086	17	5
4086	19	2
4086	34	3
4086	54	5
4086	79	5
4086	110	5
4086	146	3
4086	153	5
4086	158	5
4086	203	4
4086	216	5
4086	250	5
4086	262	5
4086	276	5
4086	317	4
4086	333	5
4086	339	5
4086	342	4
4086	351	5
4086	355	5
4086	362	5
4086	376	5
4086	410	4
4086	454	2
4086	480	4
4086	500	5
4086	505	5
4086	527	5
4086	529	5
4086	558	4
4086	577	5
4086	587	5
4086	588	5
4086	595	5
4086	631	3
4086	662	5
4086	709	4
4086	736	5
4086	780	5
4086	783	5
4086	788	3
4086	808	5
4086	830	4
4086	837	4
4086	838	5
4086	888	3
4086	914	5
4086	918	5
4086	986	5
4086	1015	5
4086	1020	5
4086	1025	5
4086	1028	5
4086	1029	5
4086	1030	5
4086	1031	5
4086	1032	5
4086	1042	5
4086	1059	4
4086	1064	5
4086	1088	5
4086	1113	5
4086	1126	5
4086	1214	5
4086	1223	5
4086	1258	5
4086	1278	5
4086	1387	4
4086	1391	5
4086	1393	5
4086	1407	4
4086	1438	2
4086	1441	4
4086	1453	5
4086	1485	4
4086	1513	5
4086	1562	5
4086	1566	5
4086	1569	5
4086	1580	5
4086	1592	4
4086	1605	1
4086	1641	5
4086	1680	4
4086	1688	5
4086	1702	3
4086	1721	4
4086	1722	4
4086	1760	3
4086	1784	5
4086	1806	2
4086	1888	4
4086	1895	5
4086	1917	4
4086	1918	4
4086	1947	5
4086	2018	5
4086	2027	1
4086	2036	5
4086	2046	5
4086	2053	3
4086	2059	4
4086	2078	5
4086	2080	5
4086	2081	5
4086	2083	5
4086	2093	1
4086	2100	5
4086	2123	5
4086	2125	5
4086	2138	5
4086	2142	4
4086	2161	5
4086	2193	5
4086	2353	5
4086	2385	2
4086	2389	3
4086	2395	5
4086	2396	5
4086	2424	5
4086	2485	5
4086	2500	5
4086	2501	5
4086	2506	5
4086	2539	4
4086	2568	2
4086	2581	5
4086	2597	4
4086	2617	4
4086	2701	5
4086	2719	2
4086	2722	3
4086	2746	5
4086	2747	5
4086	2761	5
4086	2763	4
4086	2770	4
4086	2881	5
4086	2889	5
4086	2916	5
4086	2953	5
4086	3005	5
4086	3034	5
4086	3114	5
4086	3175	5
4086	3176	5
4086	3247	5
4086	3489	5
4086	3594	5
4086	3608	5
4094	34	4
4094	36	4
4094	170	4
4094	235	3
4094	256	4
4094	318	5
4094	351	4
4094	357	4
4094	371	4
4094	441	3
4094	448	4
4094	457	4
4094	472	4
4094	480	5
4094	494	4
4094	527	4
4094	529	5
4094	536	4
4094	588	4
4094	593	5
4094	608	2
4094	628	5
4094	736	5
4094	780	4
4094	805	5
4094	837	5
4094	903	5
4094	908	5
4094	924	4
4094	969	5
4094	1006	4
4094	1020	4
4094	1079	5
4094	1092	4
4094	1126	4
4094	1198	5
4094	1200	5
4094	1213	3
4094	1220	5
4094	1222	5
4094	1230	3
4094	1234	5
4094	1257	4
4094	1258	5
4094	1265	4
4094	1272	4
4094	1387	5
4094	1394	5
4094	1513	3
4094	1569	4
4094	1573	4
4094	1580	5
4094	1592	3
4094	1610	5
4094	1617	3
4094	1689	3
4094	1703	4
4094	1704	5
4094	1721	5
4094	1747	4
4094	1772	3
4094	1783	3
4094	1784	5
4094	1845	4
4094	1892	4
4094	1912	5
4094	1917	4
4094	1954	5
4094	1994	5
4094	2058	5
4094	2295	3
4094	2329	4
4094	2353	5
4094	2490	4
4094	2501	4
4094	2506	3
4094	2580	4
4094	2600	3
4094	2672	3
4094	2881	4
4094	2889	4
4094	2908	3
4094	2916	4
4094	2997	2
4094	3020	4
4094	3039	5
4094	3072	5
4094	3107	5
4094	3114	4
4094	3175	4
4094	3178	5
4094	3253	4
4094	3255	5
4094	3256	4
4094	3263	5
4094	3274	4
4094	3299	4
4094	3325	4
4094	3354	4
4094	3362	5
4094	3409	5
4094	3424	5
4094	3450	5
4094	3471	5
4094	3476	5
4094	3499	5
4094	3510	4
4094	3513	4
4094	3515	5
4094	3555	4
4094	3578	4
4094	3616	3
4094	3646	3
4094	3671	3
4094	3753	5
4094	3758	5
4094	3791	5
4094	3793	4
4094	3798	5
4094	3804	4
4094	3821	5
4094	3844	5
4094	3879	4
4094	3893	3
4102	330	2
4102	735	3
4102	799	4
4102	842	2
4102	891	1
4102	968	5
4102	1130	4
4102	1214	5
4102	1215	3
4102	1258	5
4102	1261	3
4102	1333	5
4102	1347	5
4102	1388	2
4102	1407	4
4102	1655	3
4102	1690	3
4102	1974	1
4102	1975	1
4102	1984	1
4102	1986	1
4102	1992	1
4102	1993	3
4102	1994	5
4102	1995	4
4102	1997	5
4102	2004	3
4102	2107	2
4102	2120	2
4102	2121	4
4102	2149	1
4102	2315	1
4102	2389	1
4102	2617	3
4102	2995	1
4102	3709	2
4102	3840	4
4108	158	3
4108	318	5
4108	593	5
4108	908	4
4108	953	5
4108	1104	5
4108	1193	4
4108	1225	3
4108	1276	4
4108	1950	5
4108	2804	4
4108	2967	4
4108	3196	5
4108	3467	4
4108	3468	4
4118	110	4
4118	111	5
4118	145	4
4118	246	4
4118	293	5
4118	296	5
4118	318	5
4118	457	4
4118	588	4
4118	593	4
4118	608	4
4118	662	4
4118	709	4
4118	736	3
4118	780	4
4118	828	4
4118	858	5
4118	908	4
4118	969	4
4118	1024	2
4118	1028	3
4118	1032	5
4118	1059	4
4118	1079	4
4118	1136	5
4118	1178	4
4118	1193	5
4118	1198	5
4118	1199	5
4118	1200	5
4118	1201	5
4118	1206	5
4118	1213	4
4118	1214	4
4118	1215	4
4118	1222	4
4118	1225	4
4118	1258	5
4118	1265	4
4118	1272	5
4118	1276	5
4118	1278	5
4118	1287	4
4118	1288	4
4118	1333	5
4118	1374	4
4118	1387	5
4118	1394	4
4118	1610	4
4118	1617	4
4118	1704	4
4118	1912	4
4118	1927	5
4118	1954	4
4118	1957	4
4118	1994	4
4118	2011	3
4118	2012	3
4118	2018	5
4118	2024	5
4118	2138	4
4118	2161	1
4118	2287	4
4118	2289	5
4118	2302	3
4118	2313	4
4118	2369	2
4118	2395	4
4118	2396	4
4118	2500	2
4118	2501	5
4118	2580	4
4118	2716	4
4118	2761	3
4118	2788	5
4118	2804	4
4118	2890	4
4118	2915	4
4118	2951	5
4118	2971	3
4118	2976	3
4118	2997	3
4118	3006	3
4118	3034	2
4118	3104	5
4118	3114	5
4118	3146	4
4118	3159	3
4118	3175	4
4118	3176	1
4118	3198	5
4118	3359	4
4118	3418	4
4118	3421	5
4118	3471	5
4118	3499	5
4118	3552	5
4118	3578	5
4118	3608	2
4118	3611	2
4118	3615	3
4118	3633	3
4118	3635	4
4118	3671	4
4118	3681	4
4118	3703	5
4118	3776	3
4118	3793	4
4118	3844	3
4119	736	3
4119	780	5
4119	1032	4
4119	1230	2
4119	1374	5
4119	1721	3
4119	2001	5
4119	2181	4
4119	2369	1
4119	2408	3
4119	2746	4
4119	3145	2
4119	3175	4
4119	3263	3
4119	3608	5
4119	3633	3
4119	3634	4
4119	3635	2
4119	3638	3
4119	3642	3
4119	3654	4
4119	3729	1
4119	3760	3
4119	3780	5
4119	3792	3
4119	3807	3
4119	3811	3
4119	3812	3
4124	19	4
4124	24	3
4124	70	4
4124	122	4
4124	144	3
4124	153	4
4124	180	4
4124	216	3
4124	231	3
4124	317	5
4124	333	5
4124	339	4
4124	357	3
4124	371	4
4124	372	3
4124	379	2
4124	413	3
4124	415	3
4124	480	4
4124	487	3
4124	500	4
4124	532	3
4124	558	3
4124	593	4
4124	610	4
4124	635	3
4124	653	3
4124	780	5
4124	785	3
4124	788	4
4124	799	3
4124	830	3
4124	840	3
4124	849	2
4124	870	2
4124	1020	4
4124	1028	3
4124	1042	3
4124	1079	4
4124	1091	2
4124	1113	4
4124	1126	2
4124	1135	4
4124	1167	3
4124	1215	4
4124	1220	5
4124	1226	3
4124	1246	3
4124	1257	3
4124	1265	4
4124	1276	5
4124	1278	3
4124	1297	4
4124	1356	3
4124	1372	4
4124	1374	3
4124	1378	4
4124	1379	4
4124	1391	2
4124	1394	4
4124	1396	4
4124	1431	3
4124	1439	3
4124	1445	3
4124	1453	3
4124	1485	4
4124	1513	3
4124	1569	4
4124	1573	2
4124	1590	2
4124	1641	3
4124	1661	2
4124	1746	4
4124	1772	4
4124	1779	3
4124	1784	5
4124	1837	2
4124	1888	4
4124	1895	4
4124	1917	5
4124	1920	2
4124	1923	5
4124	2001	5
4124	2011	4
4124	2012	4
4124	2036	2
4124	2041	1
4124	2060	5
4124	2100	3
4124	2110	3
4124	2111	3
4124	2193	4
4124	2195	3
4124	2249	4
4124	2302	5
4124	2353	3
4124	2359	2
4124	2374	3
4124	2395	2
4124	2405	3
4124	2416	3
4124	2424	4
4124	2433	3
4124	2458	3
4124	2471	3
4124	2485	4
4124	2490	4
4124	2549	3
4124	2568	2
4124	2581	4
4124	2598	3
4124	2640	4
4124	2642	1
4124	2701	4
4124	2716	4
4124	2719	2
4124	2735	3
4124	2770	3
4124	2772	4
4124	2795	5
4124	2826	4
4124	2881	4
4124	2889	3
4124	2916	4
4124	2976	2
4124	3005	3
4124	3033	4
4124	3175	4
4124	3203	3
4124	3243	3
4124	3255	5
4124	3269	3
4124	3354	2
4124	3388	4
4124	3421	5
4124	3450	4
4124	3477	4
4124	3479	3
4124	3489	3
4124	3506	3
4124	3527	5
4124	3552	5
4124	3578	5
4124	3638	4
4124	3697	3
4124	3698	3
4124	3702	4
4124	3703	3
4124	3704	3
4124	3710	3
4124	3812	5
4124	3836	3
4125	17	1
4125	235	4
4125	296	4
4125	828	1
4125	932	1
4125	1193	5
4125	1225	3
4125	1230	4
4125	1592	3
4125	1784	4
4125	1917	4
4125	2016	1
4125	2130	4
4125	2152	3
4125	2353	4
4125	2458	1
4125	2788	4
4125	2826	1
4125	2971	5
4125	2997	5
4125	3039	3
4126	17	4
4126	19	3
4126	34	4
4126	44	4
4126	70	5
4126	71	3
4126	110	4
4126	153	2
4126	158	4
4126	163	5
4126	173	3
4126	293	5
4126	295	3
4126	355	2
4126	434	3
4126	457	3
4126	480	5
4126	489	3
4126	529	3
4126	558	4
4126	587	3
4126	590	5
4126	595	5
4126	608	1
4126	628	3
4126	653	4
4126	720	4
4126	736	5
4126	780	5
4126	783	4
4126	786	4
4126	840	3
4126	861	3
4126	891	3
4126	999	3
4126	1017	4
4126	1028	4
4126	1059	1
4126	1088	3
4126	1094	2
4126	1198	5
4126	1200	5
4126	1213	3
4126	1214	4
4126	1215	5
4126	1223	4
4126	1242	4
4126	1258	3
4126	1265	3
4126	1278	4
4126	1292	3
4126	1339	4
4126	1374	4
4126	1378	4
4126	1379	2
4126	1391	3
4126	1393	4
4126	1396	4
4126	1407	4
4126	1408	2
4126	1480	2
4126	1487	3
4126	1535	3
4126	1562	3
4126	1566	3
4126	1573	3
4126	1580	4
4126	1610	2
4126	1639	2
4126	1674	3
4126	1721	4
4126	1804	3
4126	1835	3
4126	1892	3
4126	1916	2
4126	1917	3
4126	1920	4
4126	1923	1
4126	1954	3
4126	1967	4
4126	1982	4
4126	1984	3
4126	1986	3
4126	2001	2
4126	2011	5
4126	2012	5
4126	2053	3
4126	2060	2
4126	2072	3
4126	2081	3
4126	2083	4
4126	2100	3
4126	2107	3
4126	2112	3
4126	2123	3
4126	2125	5
4126	2142	4
4126	2161	4
4126	2193	4
4126	2267	3
4126	2302	2
4126	2396	4
4126	2407	4
4126	2424	4
4126	2458	3
4126	2617	4
4126	2701	3
4126	2716	4
4126	2746	4
4126	2763	3
4126	2804	4
4126	2826	3
4126	2953	3
4126	2997	4
4126	3020	3
4126	3033	4
4126	3039	3
4126	3044	4
4126	3061	4
4126	3107	3
4126	3114	5
4126	3157	3
4126	3253	2
4126	3255	3
4126	3256	3
4126	3263	2
4126	3267	4
4126	3299	3
4126	3300	4
4126	3354	3
4126	3388	3
4126	3418	4
4126	3438	4
4126	3479	3
4126	3499	3
4126	3510	5
4126	3552	3
4126	3578	4
4126	3608	4
4126	3615	5
4126	3684	2
4126	3707	3
4126	3740	4
4126	3753	5
4126	3760	1
4126	3784	3
4126	3793	5
4126	3841	3
4126	3869	4
4128	1092	5
4128	1214	1
4128	1220	5
4128	1490	2
4128	1499	3
4128	1673	4
4128	1784	5
4128	1883	4
4128	2019	5
4128	2130	4
4128	2520	3
4128	2539	5
4128	2917	5
4128	2971	4
4128	2976	5
4128	3107	3
4128	3420	5
4128	3421	4
4128	3444	4
4128	3478	3
4128	3524	4
4128	3671	5
4131	24	3
4131	317	3
4131	480	5
4131	512	5
4131	590	3
4131	653	4
4131	788	3
4131	799	4
4131	968	4
4131	1019	5
4131	1200	5
4131	1201	5
4131	1214	5
4131	1215	5
4131	1258	3
4131	1278	3
4131	1283	3
4131	1333	5
4131	1378	5
4131	1387	5
4131	1513	3
4131	1967	5
4131	1997	4
4131	2012	2
4131	2015	5
4131	2021	4
4131	2038	5
4131	2041	2
4131	2100	5
4131	2105	3
4131	2143	4
4131	2147	4
4131	2161	4
4131	2401	4
4131	2433	4
4131	2490	5
4131	2526	4
4131	2549	3
4131	2664	5
4131	2670	4
4131	2722	5
4131	2826	5
4131	2890	5
4131	2896	3
4131	2921	5
4131	2922	4
4131	2951	5
4131	3037	2
4131	3093	2
4131	3175	5
4131	3219	3
4131	3365	5
4131	3438	5
4131	3467	4
4131	3479	4
4131	3487	3
4131	3489	4
4131	3508	5
4131	3671	5
4131	3681	4
4131	3737	2
4133	20	3
4133	34	4
4133	113	4
4133	235	3
4133	317	4
4133	480	5
4133	500	4
4133	514	4
4133	590	4
4133	736	3
4133	799	4
4133	1015	4
4133	1126	1
4133	1214	4
4133	1241	3
4133	1258	5
4133	1265	4
4133	1333	5
4133	1347	2
4133	1407	2
4133	1460	1
4133	1569	2
4133	1580	5
4133	1590	2
4133	1615	4
4133	1665	1
4133	1690	3
4133	1702	2
4133	1747	2
4133	1762	4
4133	1783	4
4133	1837	3
4133	1892	4
4133	1917	4
4133	1920	3
4133	1955	4
4133	1973	1
4133	1994	5
4133	1997	4
4133	2045	3
4133	2107	1
4133	2118	4
4133	2120	2
4133	2302	4
4133	2315	1
4133	2389	1
4133	2617	4
4133	2664	4
4133	2793	1
4133	2829	3
4133	2997	4
4133	3044	5
4133	3114	5
4133	3175	3
4133	3176	4
4133	3253	4
4133	3255	4
4133	3476	5
4133	3499	5
4133	3709	1
4140	5	3
4140	6	4
4140	10	4
4140	19	3
4140	20	3
4140	22	3
4140	24	4
4140	34	4
4140	36	3
4140	61	3
4140	64	3
4140	76	1
4140	95	3
4140	105	3
4140	110	5
4140	122	3
4140	140	3
4140	145	4
4140	151	4
4140	153	2
4140	158	2
4140	161	3
4140	173	1
4140	179	3
4140	186	3
4140	209	3
4140	210	3
4140	216	3
4140	222	3
4140	231	5
4140	235	2
4140	236	3
4140	246	3
4140	256	1
4140	276	3
4140	282	3
4140	293	5
4140	296	5
4140	300	3
4140	303	1
4140	318	5
4140	329	3
4140	333	4
4140	339	3
4140	340	2
4140	354	2
4140	355	2
4140	357	3
4140	372	3
4140	376	2
4140	378	4
4140	379	2
4140	381	3
4140	413	2
4140	415	2
4140	416	2
4140	419	1
4140	429	2
4140	432	2
4140	433	3
4140	457	5
4140	459	3
4140	465	3
4140	466	3
4140	480	3
4140	497	3
4140	500	3
4140	511	3
4140	527	5
4140	529	3
4140	533	2
4140	538	3
4140	548	2
4140	587	5
4140	590	5
4140	593	5
4140	595	3
4140	608	5
4140	628	3
4140	647	3
4140	653	3
4140	718	2
4140	736	3
4140	780	3
4140	784	1
4140	785	2
4140	786	3
4140	788	5
4140	798	2
4140	805	5
4140	832	4
4140	836	3
4140	858	5
4140	886	3
4140	924	5
4140	932	5
4140	934	3
4140	952	3
4140	953	5
4140	1006	3
4140	1015	3
4140	1017	3
4140	1019	4
4140	1028	3
4140	1029	4
4140	1042	3
4140	1079	3
4140	1088	4
4140	1126	1
4140	1135	3
4140	1183	4
4140	1198	5
4140	1200	4
4140	1201	5
4140	1204	5
4140	1213	5
4140	1214	5
4140	1220	5
4140	1222	5
4140	1227	3
4140	1234	5
4140	1242	5
4140	1246	4
4140	1257	3
4140	1261	2
4140	1265	4
4140	1271	3
4140	1272	5
4140	1275	3
4140	1276	5
4140	1278	4
4140	1283	5
4140	1286	3
4140	1287	5
4140	1290	3
4140	1293	3
4140	1339	3
4140	1356	4
4140	1357	4
4140	1363	3
4140	1372	3
4140	1373	3
4140	1374	4
4140	1378	3
4140	1379	2
4140	1382	2
4140	1387	5
4140	1388	3
4140	1391	1
4140	1393	5
4140	1394	4
4140	1396	5
4140	1401	5
4140	1408	4
4140	1431	3
4140	1432	2
4140	1441	3
4140	1457	3
4140	1487	3
4140	1488	3
4140	1499	2
4140	1513	1
4140	1562	2
4140	1566	3
4140	1573	4
4140	1580	4
4140	1590	1
4140	1606	2
4140	1610	5
4140	1674	3
4140	1687	3
4140	1689	3
4140	1690	3
4140	1702	3
4140	1704	5
4140	1721	4
4140	1779	2
4140	1784	4
4140	1792	3
4140	1804	3
4140	1833	3
4140	1835	4
4140	1863	1
4140	1917	3
4140	1923	5
4140	1954	4
4140	1957	3
4140	1962	3
4140	2001	4
4140	2011	3
4140	2012	3
4140	2016	3
4140	2018	3
4140	2021	4
4140	2022	3
4140	2023	1
4140	2046	3
4140	2050	3
4140	2053	2
4140	2071	3
4140	2078	3
4140	2080	3
4140	2081	3
4140	2095	3
4140	2100	3
4140	2105	3
4140	2110	2
4140	2111	2
4140	2112	5
4140	2120	3
4140	2143	1
4140	2146	4
4140	2193	3
4140	2195	2
4140	2245	3
4140	2247	3
4140	2248	3
4140	2249	2
4140	2257	3
4140	2262	4
4140	2264	3
4140	2266	3
4140	2287	2
4140	2289	3
4140	2302	4
4140	2311	5
4140	2313	3
4140	2347	3
4140	2353	3
4140	2369	2
4140	2373	2
4140	2374	2
4140	2377	1
4140	2380	2
4140	2401	3
4140	2405	3
4140	2407	3
4140	2408	3
4140	2410	3
4140	2411	3
4140	2416	4
4140	2429	3
4140	2456	1
4140	2457	2
4140	2468	3
4140	2469	2
4140	2471	3
4140	2474	3
4140	2490	5
4140	2529	3
4140	2530	3
4140	2531	3
4140	2532	3
4140	2533	3
4140	2598	2
4140	2617	3
4140	2640	3
4140	2642	3
4140	2716	3
4140	2734	2
4140	2735	2
4140	2739	3
4140	2746	2
4140	2794	2
4140	2796	4
4140	2798	2
4140	2815	2
4140	2816	1
4140	2817	1
4140	2822	3
4140	2862	2
4140	2866	3
4140	2871	5
4140	2915	5
4140	2916	4
4140	2919	3
4140	2921	5
4140	2922	5
4140	2950	3
4140	2951	5
4140	2953	3
4140	2986	2
4140	2990	4
4140	2993	4
4140	3029	3
4140	3033	1
4140	3036	1
4140	3037	5
4140	3039	5
4140	3040	3
4140	3100	5
4140	3107	3
4140	3114	4
4140	3135	5
4140	3142	3
4140	3169	5
4140	3203	3
4140	3219	4
4140	3243	1
4140	3247	3
4140	3253	3
4140	3255	3
4140	3256	4
4140	3263	2
4140	3269	3
4140	3274	3
4140	3308	3
4140	3359	3
4140	3385	3
4140	3418	3
4140	3421	5
4140	3424	3
4140	3425	3
4140	3426	3
4140	3436	3
4140	3438	1
4140	3444	3
4140	3450	3
4140	3468	4
4140	3471	5
4140	3479	3
4140	3489	2
4140	3500	1
4140	3501	3
4140	3506	4
4140	3508	5
4140	3524	5
4140	3527	4
4140	3552	5
4140	3584	2
4140	3608	2
4140	3633	3
4140	3635	4
4140	3638	4
4140	3649	4
4140	3654	4
4140	3671	5
4140	3672	3
4140	3681	5
4140	3684	3
4140	3697	1
4140	3698	3
4140	3702	3
4140	3703	4
4140	3704	3
4140	3707	4
4140	3710	1
4140	3740	1
4140	3766	3
4140	3791	3
4140	3812	3
4140	3834	2
4140	3836	4
4140	3841	2
4141	10	4
4141	22	4
4141	34	4
4141	36	4
4141	42	4
4141	70	4
4141	105	4
4141	110	5
4141	151	4
4141	153	4
4141	161	4
4141	198	4
4141	235	4
4141	293	4
4141	296	5
4141	300	4
4141	318	5
4141	329	3
4141	362	4
4141	376	4
4141	379	4
4141	434	4
4141	454	4
4141	457	4
4141	480	4
4141	515	4
4141	527	5
4141	532	3
4141	588	4
4141	590	5
4141	593	5
4141	595	4
4141	608	5
4141	628	5
4141	647	4
4141	707	4
4141	736	4
4141	780	4
4141	788	4
4141	798	3
4141	805	4
4141	832	4
4141	866	4
4141	968	4
4141	1034	4
4141	1092	5
4141	1094	2
4141	1183	4
4141	1213	4
4141	1258	4
4141	1265	5
4141	1271	5
4141	1339	3
4141	1356	4
4141	1372	3
4141	1391	4
4141	1393	4
4141	1396	4
4141	1401	5
4141	1407	5
4141	1408	3
4141	1466	4
4141	1573	2
4141	1580	3
4141	1601	4
4141	1610	3
4141	1611	1
4141	1616	3
4141	1617	4
4141	1641	5
4141	1660	3
4141	1673	4
4141	1680	4
4141	1683	3
4141	1704	4
4141	1721	5
4141	1722	4
4141	1779	3
4141	1784	4
4141	1833	3
4141	1883	4
4141	1892	4
4141	1912	4
4141	1918	4
4141	2012	4
4141	2023	3
4141	2058	4
4141	2081	4
4141	2252	3
4141	2278	3
4141	2336	4
4141	2353	3
4141	2391	5
4141	2396	5
4141	2433	4
4141	2501	5
4141	2529	4
4141	2580	4
4141	2617	4
4141	2701	2
4141	2890	4
4141	2908	5
4141	2916	4
4141	3006	5
4141	3044	4
4141	3100	5
4141	3145	4
4141	3159	5
4141	3175	4
4141	3176	4
4141	3178	4
4141	3247	4
4141	3255	5
4141	3256	4
4141	3274	4
4141	3418	5
4141	3466	4
4141	3489	2
4141	3499	5
4142	924	5
4142	969	3
4142	1019	2
4142	1198	5
4142	1214	5
4142	2015	2
4142	2311	2
4142	2520	2
4142	2881	3
4142	3251	4
4142	3359	2
4142	3420	5
4143	457	5
4143	555	1
4143	1198	5
4143	1214	4
4143	1220	5
4143	1387	5
4143	1610	5
4143	1954	5
4143	2353	5
4143	2794	4
4143	2816	3
4143	3524	4
4143	3527	5
4144	6	4
4144	110	3
4144	277	2
4144	296	4
4144	329	2
4144	480	4
4144	512	2
4144	527	5
4144	780	3
4144	858	5
4144	924	3
4144	1019	3
4144	1028	4
4144	1079	5
4144	1084	4
4144	1094	3
4144	1136	4
4144	1200	3
4144	1204	5
4144	1206	4
4144	1213	4
4144	1214	3
4144	1230	4
4144	1242	4
4144	1272	4
4144	1278	4
4144	1356	4
4144	1373	2
4144	1374	4
4144	1396	3
4144	1408	4
4144	1466	4
4144	1616	3
4144	1617	3
4144	1927	5
4144	1953	4
4144	2001	3
4144	2009	3
4144	2011	3
4144	2012	2
4144	2105	2
4144	2193	3
4144	2278	3
4144	2302	3
4144	2359	4
4144	2529	3
4144	2539	4
4144	2640	3
4144	2788	4
4144	2890	3
4144	2916	3
4144	3037	5
4144	3039	2
4144	3062	3
4144	3247	3
4144	3339	3
4144	3362	3
4144	3367	3
4144	3471	3
4144	3527	4
4144	3671	4
4144	3697	1
4144	3811	3
4153	10	4
4153	95	5
4153	110	5
4153	231	3
4153	256	4
4153	317	4
4153	357	2
4153	360	5
4153	362	4
4153	415	5
4153	432	3
4153	457	5
4153	480	4
4153	494	4
4153	497	5
4153	500	4
4153	533	3
4153	588	4
4153	590	4
4153	609	4
4153	653	5
4153	736	3
4153	780	5
4153	786	5
4153	836	4
4153	840	4
4153	849	2
4153	986	4
4153	1015	5
4153	1042	4
4153	1113	3
4153	1167	4
4153	1265	4
4153	1367	5
4153	1391	3
4153	1438	3
4153	1445	4
4153	1460	2
4153	1485	5
4153	1562	4
4153	1566	5
4153	1569	3
4153	1573	2
4153	1580	5
4153	1592	3
4153	1595	2
4153	1616	5
4153	1687	5
4153	1722	4
4153	1784	4
4153	1792	5
4153	1833	4
4153	1917	4
4153	2023	4
4153	2045	4
4153	2046	5
4153	2053	4
4153	2058	5
4153	2142	4
4153	2153	2
4153	2353	5
4153	2424	5
4153	2490	4
4153	2506	2
4153	2701	2
4153	2881	5
4153	2916	4
4153	2953	4
4153	3114	5
4153	3157	4
4153	3175	4
4153	3247	5
4153	3255	4
4153	3256	4
4153	3489	3
4153	3555	4
4165	34	3
4165	180	4
4165	235	5
4165	342	4
4165	372	2
4165	441	5
4165	497	2
4165	574	4
4165	1175	5
4165	1223	5
4165	1236	4
4165	1265	4
4165	1367	1
4165	1845	5
4165	1916	3
4165	1972	1
4165	2282	5
4165	2289	4
4165	2318	4
4165	2395	5
4165	2997	4
4165	3618	3
4165	3790	5
4170	235	4
4170	318	4
4170	381	5
4170	527	3
4170	593	5
4170	608	5
4170	858	5
4170	903	3
4170	908	4
4170	953	4
4170	969	5
4170	1084	5
4170	1136	3
4170	1193	4
4170	1198	3
4170	1201	3
4170	1213	5
4170	1214	4
4170	1220	4
4170	1225	5
4170	1230	4
4170	1234	5
4170	1333	2
4170	1373	3
4170	1617	3
4170	1721	4
4170	1747	1
4170	1931	4
4170	1938	5
4170	2396	4
4170	2716	2
4170	2921	3
4170	2951	3
4170	2971	5
4170	2997	3
4170	3019	4
4170	3198	4
4170	3418	5
4170	3421	2
4170	3471	3
4170	3501	4
4170	3702	3
4170	3841	4
4170	3844	4
4173	95	2
4173	110	5
4173	318	2
4173	457	4
4173	527	4
4173	588	5
4173	595	3
4173	914	5
4173	1006	4
4173	1028	5
4173	1032	3
4173	1088	5
4173	1220	5
4173	1487	3
4173	1573	4
4173	1580	5
4173	1610	3
4173	1688	5
4173	1722	4
4173	1760	2
4173	1772	5
4173	2001	4
4173	2080	4
4173	2353	5
4173	2746	4
4173	2916	4
4173	2990	4
4173	3256	3
4173	3418	3
4174	922	5
4174	924	5
4174	1199	3
4174	1206	5
4174	1214	4
4174	1230	4
4174	1252	4
4174	1617	3
4174	2010	3
4174	2635	4
4174	2664	5
4174	2976	5
4174	2997	3
4174	3471	4
4174	3702	4
4174	3703	4
4177	6	4
4177	34	5
4177	110	5
4177	235	4
4177	293	5
4177	296	5
4177	318	4
4177	441	4
4177	457	5
4177	480	5
4177	527	5
4177	555	5
4177	593	5
4177	608	5
4177	610	4
4177	858	5
4177	910	3
4177	924	5
4177	1189	4
4177	1198	5
4177	1200	5
4177	1201	4
4177	1214	5
4177	1215	4
4177	1220	5
4177	1222	5
4177	1234	4
4177	1258	4
4177	1261	5
4177	1265	3
4177	1275	5
4177	1278	5
4177	1287	4
4177	1333	3
4177	1347	4
4177	1374	4
4177	1387	5
4177	1407	5
4177	1580	4
4177	1610	5
4177	1954	5
4177	1982	5
4177	1994	5
4177	1997	4
4177	2078	4
4177	2097	4
4177	2118	5
4177	2193	4
4177	2278	4
4177	2289	4
4177	2313	5
4177	2353	3
4177	2459	4
4177	2529	4
4177	2533	3
4177	2640	4
4177	2716	4
4177	2746	5
4177	2761	5
4177	2788	5
4177	2804	5
4177	2916	4
4177	2951	4
4177	2992	3
4177	2993	4
4177	3104	5
4177	3359	5
4177	3471	4
4177	3476	4
4177	3499	4
4177	3527	4
4177	3552	5
4177	3635	4
4177	3727	5
4177	3760	4
4186	24	1
4186	26	3
4186	34	4
4186	70	3
4186	110	3
4186	111	3
4186	144	3
4186	153	3
4186	158	3
4186	173	1
4186	186	1
4186	203	2
4186	216	1
4186	235	3
4186	256	2
4186	296	4
4186	300	2
4186	317	2
4186	318	4
4186	329	1
4186	355	1
4186	357	4
4186	360	2
4186	379	2
4186	413	1
4186	429	2
4186	432	1
4186	433	2
4186	457	2
4186	466	3
4186	480	3
4186	505	2
4186	506	4
4186	512	3
4186	515	4
4186	527	4
4186	529	3
4186	535	3
4186	536	1
4186	538	4
4186	546	1
4186	555	4
4186	580	3
4186	587	2
4186	588	5
4186	590	4
4186	593	3
4186	595	3
4186	608	4
4186	610	3
4186	671	3
4186	709	2
4186	780	1
4186	783	1
4186	788	2
4186	849	1
4186	858	5
4186	903	3
4186	905	4
4186	908	5
4186	910	4
4186	916	3
4186	924	3
4186	940	3
4186	969	3
4186	971	3
4186	1017	3
4186	1019	4
4186	1020	4
4186	1024	3
4186	1025	2
4186	1028	3
4186	1030	2
4186	1032	2
4186	1059	3
4186	1064	2
4186	1088	1
4186	1092	3
4186	1094	3
4186	1104	4
4186	1136	5
4186	1193	4
4186	1198	4
4186	1199	5
4186	1200	4
4186	1204	2
4186	1206	4
4186	1213	5
4186	1214	3
4186	1220	3
4186	1222	4
4186	1225	3
4186	1234	3
4186	1238	2
4186	1242	3
4186	1252	3
4186	1258	3
4186	1265	5
4186	1272	3
4186	1278	4
4186	1283	3
4186	1287	3
4186	1290	2
4186	1297	4
4186	1339	2
4186	1347	2
4186	1356	2
4186	1372	4
4186	1373	1
4186	1374	5
4186	1387	3
4186	1391	1
4186	1393	4
4186	1394	3
4186	1396	2
4186	1411	1
4186	1414	2
4186	1425	3
4186	1466	2
4186	1513	2
4186	1566	5
4186	1580	3
4186	1611	2
4186	1617	3
4186	1639	4
4186	1641	4
4186	1647	3
4186	1680	4
4186	1690	2
4186	1704	3
4186	1762	2
4186	1779	2
4186	1882	1
4186	1895	2
4186	1906	4
4186	1912	4
4186	1917	1
4186	1920	1
4186	1923	1
4186	1943	3
4186	1947	3
4186	1954	4
4186	1955	4
4186	1962	5
4186	1967	3
4186	1973	1
4186	1974	2
4186	1982	3
4186	1994	4
4186	2009	3
4186	2010	3
4186	2011	3
4186	2012	4
4186	2015	4
4186	2018	4
4186	2021	2
4186	2027	1
4186	2032	4
4186	2037	4
4186	2038	3
4186	2044	3
4186	2046	3
4186	2050	2
4186	2053	2
4186	2055	3
4186	2078	3
4186	2080	3
4186	2081	4
4186	2093	2
4186	2100	5
4186	2105	3
4186	2110	4
4186	2111	3
4186	2118	4
4186	2120	5
4186	2122	1
4186	2138	3
4186	2146	2
4186	2184	3
4186	2188	4
4186	2202	3
4186	2245	4
4186	2247	2
4186	2248	4
4186	2249	2
4186	2262	3
4186	2264	1
4186	2265	1
4186	2289	4
4186	2302	3
4186	2316	1
4186	2380	1
4186	2389	3
4186	2391	3
4186	2395	3
4186	2396	3
4186	2405	2
4186	2407	3
4186	2408	2
4186	2416	4
4186	2433	3
4186	2456	2
4186	2469	3
4186	2471	1
4186	2501	4
4186	2506	1
4186	2529	2
4186	2531	3
4186	2554	4
4186	2589	3
4186	2640	3
4186	2642	1
4186	2664	3
4186	2667	3
4186	2693	3
4186	2701	1
4186	2712	4
4186	2722	2
4186	2732	2
4186	2734	1
4186	2752	3
4186	2761	5
4186	2770	3
4186	2772	1
4186	2788	3
4186	2793	5
4186	2796	1
4186	2804	1
4186	2822	3
4186	2829	2
4186	2868	3
4186	2871	3
4186	2890	3
4186	2899	4
4186	2908	3
4186	2912	4
4186	2916	3
4186	2917	4
4186	2986	1
4186	2997	3
4186	3006	3
4186	3020	4
4186	3033	2
4186	3034	2
4186	3037	4
4186	3040	2
4186	3072	3
4186	3093	3
4186	3104	2
4186	3114	4
4186	3145	4
4186	3159	3
4186	3169	3
4186	3175	3
4186	3196	3
4186	3213	4
4186	3219	4
4186	3243	2
4186	3269	1
4186	3331	1
4186	3334	4
4186	3359	3
4186	3362	2
4186	3401	3
4186	3418	1
4186	3421	4
4186	3436	1
4186	3461	4
4186	3468	3
4186	3471	4
4186	3479	4
4186	3489	1
4186	3499	3
4186	3501	4
4186	3520	3
4186	3527	2
4186	3578	3
4186	3598	5
4186	3638	2
4186	3671	5
4186	3685	4
4186	3697	3
4186	3698	2
4186	3702	1
4186	3703	1
4186	3704	2
4186	3709	2
4186	3733	2
4186	3740	2
4186	3745	3
4186	3793	4
4186	3824	1
4186	3869	3
4186	3877	1
4186	3926	3
4186	3928	4
4186	3932	3
4186	3937	3
4191	527	5
4191	1199	5
4191	2469	5
4191	2761	3
4191	2997	5
4191	3114	3
4191	3125	3
4191	3175	5
4191	3176	3
4191	3354	4
4191	3471	5
4191	3798	2
4196	480	3
4196	909	4
4196	1084	5
4196	1276	5
4196	1333	3
4196	1963	4
4196	2764	3
4196	2871	5
4196	3418	4
4196	3520	3
4196	3546	4
4196	3812	3
4196	3850	3
4202	593	5
4202	910	4
4202	1193	4
4202	1198	5
4202	1374	3
4202	2161	3
4202	3104	4
4202	3425	3
4202	3479	3
4202	3793	4
4208	28	5
4208	357	3
4208	497	5
4208	838	4
4208	911	4
4208	914	5
4208	915	5
4208	916	4
4208	932	5
4208	933	5
4208	943	4
4208	945	4
4208	969	5
4208	1094	3
4208	1183	5
4208	1264	4
4208	1265	2
4208	1277	5
4208	1393	3
4208	1408	3
4208	1674	5
4208	1721	1
4208	2396	5
4208	3330	4
4208	3684	3
4214	527	5
4214	593	5
4214	1132	4
4214	1213	5
4214	1408	4
4214	1617	4
4214	2262	4
4214	2997	4
4214	3072	4
4214	3176	4
4214	3185	4
4214	3578	3
4214	3753	4
4214	3798	3
4215	6	4
4215	52	4
4215	63	3
4215	70	3
4215	110	5
4215	111	5
4215	122	4
4215	144	4
4215	161	4
4215	296	5
4215	318	5
4215	342	4
4215	357	5
4215	371	3
4215	457	3
4215	515	5
4215	529	4
4215	532	4
4215	538	3
4215	574	3
4215	590	3
4215	593	4
4215	608	3
4215	785	4
4215	858	5
4215	908	5
4215	924	4
4215	933	5
4215	953	5
4215	1042	3
4215	1060	5
4215	1079	4
4215	1086	3
4215	1094	3
4215	1136	4
4215	1147	5
4215	1150	4
4215	1161	4
4215	1171	4
4215	1183	4
4215	1184	5
4215	1193	5
4215	1201	4
4215	1206	4
4215	1213	4
4215	1220	5
4215	1222	4
4215	1225	3
4215	1230	5
4215	1242	5
4215	1257	5
4215	1258	4
4215	1265	4
4215	1288	5
4215	1289	4
4215	1295	3
4215	1394	5
4215	1414	3
4215	1580	5
4215	1610	4
4215	1617	5
4215	1641	4
4215	1674	4
4215	1680	4
4215	1704	4
4215	1722	4
4215	1729	3
4215	1784	4
4215	1840	3
4215	1914	4
4215	1918	3
4215	1950	5
4215	1954	4
4215	1955	4
4215	1962	4
4215	1994	3
4215	2100	4
4215	2159	4
4215	2248	4
4215	2289	4
4215	2302	4
4215	2336	5
4215	2396	5
4215	2407	3
4215	2433	4
4215	2716	4
4215	2745	3
4215	2795	4
4215	2804	4
4215	2870	4
4215	2890	3
4215	2915	4
4215	2916	3
4215	2921	4
4215	2922	4
4215	2951	4
4215	2997	5
4215	3006	5
4215	3019	5
4215	3037	3
4215	3039	5
4215	3072	4
4215	3100	4
4215	3104	4
4215	3146	3
4215	3148	4
4215	3176	4
4215	3253	4
4215	3418	4
4215	3421	5
4215	3424	4
4215	3450	4
4215	3471	4
4215	3476	4
4215	3499	4
4215	3505	3
4215	3552	4
4215	3578	4
4215	3654	4
4215	3671	5
4215	3681	4
4215	3685	5
4215	3700	4
4215	3712	3
4215	3718	5
4215	3733	4
4215	3811	5
4216	158	3
4216	1017	3
4216	1028	4
4216	1374	5
4216	1388	2
4216	1923	2
4216	2001	5
4216	2302	5
4216	3175	4
4216	3615	5
4216	3745	4
4216	3753	5
4216	3793	5
4220	17	4
4220	34	5
4220	144	3
4220	180	4
4220	235	4
4220	318	4
4220	339	3
4220	342	3
4220	348	3
4220	357	3
4220	371	3
4220	441	3
4220	448	3
4220	466	5
4220	500	3
4220	515	4
4220	535	3
4220	587	2
4220	588	3
4220	635	2
4220	720	3
4220	728	1
4220	736	3
4220	780	4
4220	784	3
4220	785	3
4220	788	3
4220	838	4
4220	908	4
4220	909	3
4220	1042	5
4220	1060	2
4220	1079	3
4220	1135	3
4220	1175	4
4220	1220	4
4220	1265	4
4220	1288	5
4220	1394	4
4220	1441	3
4220	1449	4
4220	1485	4
4220	1513	4
4220	1569	3
4220	1580	4
4220	1617	5
4220	1639	2
4220	1641	4
4220	1648	2
4220	1665	4
4220	1704	3
4220	1721	4
4220	1747	5
4220	1845	5
4220	1875	2
4220	1923	4
4220	2001	3
4220	2011	4
4220	2012	4
4220	2100	4
4220	2110	4
4220	2111	3
4220	2247	3
4220	2289	4
4220	2302	4
4220	2336	4
4220	2359	5
4220	2369	4
4220	2395	2
4220	2396	4
4220	2407	4
4220	2424	4
4220	2469	3
4220	2539	4
4220	2581	3
4220	2690	2
4220	2692	5
4220	2716	4
4220	2746	2
4220	2770	3
4220	2794	4
4220	2804	5
4220	2997	4
4220	3039	4
4220	3146	5
4220	3175	3
4220	3185	3
4220	3253	5
4220	3255	3
4220	3299	2
4220	3326	2
4220	3388	3
4220	3418	3
4220	3450	4
4220	3477	3
4220	3501	3
4220	3524	3
4220	3608	4
4220	3633	4
4220	3760	4
4220	3812	3
4220	3844	3
4220	3869	5
4230	736	4
4230	926	4
4230	1013	4
4230	1927	4
4230	3753	4
4230	3784	5
4230	3789	5
4230	3792	5
4230	3806	4
4230	3812	4
4230	3841	3
4230	3845	3
4231	34	5
4231	110	4
4231	296	2
4231	318	3
4231	480	5
4231	500	5
4231	587	5
4231	608	3
4231	858	3
4231	1013	5
4231	1193	3
4231	1246	2
4231	1265	4
4231	1617	2
4231	1704	2
4231	1923	2
4231	2391	3
4231	2501	4
4231	2617	4
4231	2761	5
4231	3421	3
4231	3450	3
4250	6	4
4250	20	4
4250	34	4
4250	110	3
4250	113	4
4250	140	4
4250	161	5
4250	271	4
4250	276	3
4250	277	4
4250	282	3
4250	318	5
4250	329	3
4250	351	4
4250	354	4
4250	360	4
4250	381	3
4250	434	4
4250	454	4
4250	459	3
4250	479	3
4250	480	4
4250	494	5
4250	511	4
4250	527	5
4250	529	4
4250	587	5
4250	605	4
4250	628	3
4250	647	4
4250	736	5
4250	780	5
4250	786	5
4250	832	4
4250	849	3
4250	858	5
4250	886	3
4250	1201	3
4250	1213	5
4250	1220	3
4250	1242	4
4250	1271	4
4250	1356	4
4250	1363	4
4250	1374	3
4250	1382	4
4250	1387	4
4250	1388	3
4250	1393	4
4250	1401	5
4250	1438	5
4250	1453	3
4250	1465	4
4250	1466	4
4250	1487	5
4250	1488	3
4250	1562	3
4250	1573	5
4250	1580	4
4250	1610	5
4250	1616	5
4250	1617	5
4250	1687	3
4250	1704	5
4250	1721	5
4250	1722	5
4250	1747	2
4250	1762	4
4250	1784	5
4250	1792	5
4250	1833	5
4250	1835	5
4250	1882	3
4250	1888	3
4250	1892	4
4250	1895	4
4250	1918	5
4250	1953	4
4250	1954	3
4250	2001	5
4250	2023	4
4250	2058	5
4250	2071	4
4250	2153	2
4250	2252	4
4250	2311	4
4250	2316	3
4250	2336	4
4250	2353	5
4250	2365	3
4250	2396	4
4250	2405	4
4250	2410	3
4250	2411	2
4250	2424	4
4250	2433	4
4250	2457	4
4250	2490	3
4250	2530	2
4250	2531	1
4250	2532	1
4250	2533	2
4250	2535	4
4250	2558	3
4250	2640	4
4250	2642	4
4250	2701	3
4250	2737	4
4250	2763	5
4250	2815	4
4250	2822	5
4250	2881	5
4250	2916	3
4250	2993	5
4250	3029	4
4250	3062	3
4250	3104	4
4250	3107	4
4250	3252	4
4250	3255	5
4250	3269	4
4250	3274	3
4250	3430	3
4250	3432	3
4250	3527	4
4250	3555	5
4250	3578	4
4250	3633	5
4250	3635	5
4250	3638	5
4250	3643	4
4250	3654	5
4250	3716	4
4250	3740	3
4250	3766	2
4250	3768	2
4250	3782	3
4250	3791	4
4250	3793	5
4250	3798	4
4250	3834	2
4250	3836	3
4250	3841	3
4250	3844	4
4251	34	3
4251	296	5
4251	318	3
4251	457	4
4251	527	4
4251	593	5
4251	608	5
4251	671	4
4251	1079	4
4251	1092	4
4251	1135	3
4251	1213	4
4251	1265	4
4251	1297	3
4251	1394	3
4251	1580	4
4251	1610	3
4251	1617	4
4251	1641	3
4251	1727	2
4251	1914	4
4251	1923	3
4251	1931	4
4251	2058	4
4251	2072	3
4251	2100	4
4251	2289	4
4251	2302	3
4251	2391	5
4251	2407	4
4251	2795	4
4251	2804	5
4251	2915	4
4251	2916	3
4251	3114	3
4251	3238	4
4251	3424	4
4251	3450	4
4251	3552	4
4251	3685	4
4251	3712	5
4252	6	5
4252	22	2
4252	70	5
4252	95	2
4252	163	5
4252	229	2
4252	293	5
4252	454	4
4252	457	4
4252	480	5
4252	593	5
4252	628	3
4252	736	3
4252	832	4
4252	849	2
4252	891	3
4252	1092	4
4252	1499	1
4252	1565	4
4252	1610	4
4252	1616	3
4252	1722	3
4252	1769	4
4252	1792	2
4252	1892	4
4252	2107	3
4252	2320	3
4252	2353	3
4252	2389	4
4252	2548	1
4252	2617	4
4252	2719	4
4252	2763	4
4252	2840	4
4252	2916	3
4252	3044	2
4252	3063	1
4252	3219	2
4252	3256	3
4252	3267	5
4252	3476	3
4252	3697	2
4253	34	3
4253	36	2
4253	110	4
4253	111	4
4253	235	2
4253	246	3
4253	296	4
4253	318	5
4253	354	2
4253	357	2
4253	457	4
4253	480	5
4253	527	3
4253	529	4
4253	588	4
4253	590	4
4253	593	4
4253	608	5
4253	610	3
4253	662	4
4253	858	5
4253	861	2
4253	903	3
4253	905	3
4253	908	4
4253	910	3
4253	914	3
4253	926	3
4253	934	3
4253	940	4
4253	953	5
4253	969	5
4253	971	2
4253	1076	2
4253	1079	3
4253	1084	3
4253	1086	3
4253	1092	2
4253	1136	3
4253	1183	4
4253	1193	5
4253	1198	5
4253	1199	4
4253	1200	5
4253	1201	4
4253	1204	5
4253	1206	4
4253	1211	4
4253	1214	4
4253	1217	5
4253	1220	3
4253	1225	4
4253	1226	3
4253	1227	4
4253	1228	3
4253	1230	5
4253	1234	4
4253	1237	3
4253	1242	4
4253	1252	4
4253	1264	5
4253	1271	4
4253	1272	5
4253	1276	4
4253	1278	4
4253	1283	4
4253	1287	5
4253	1288	4
4253	1292	2
4253	1293	4
4253	1295	3
4253	1331	3
4253	1356	3
4253	1374	3
4253	1387	5
4253	1394	4
4253	1610	4
4253	1617	4
4253	1674	4
4253	1704	4
4253	1729	2
4253	1731	1
4253	1856	1
4253	1925	3
4253	1927	3
4253	1931	3
4253	1947	2
4253	1949	3
4253	1950	3
4253	1953	4
4253	1954	4
4253	1957	3
4253	1962	4
4253	1982	3
4253	1994	3
4253	2010	3
4253	2018	3
4253	2019	5
4253	2078	3
4253	2081	3
4253	2130	4
4253	2132	2
4253	2202	3
4253	2289	2
4253	2353	3
4253	2391	3
4253	2396	4
4253	2500	2
4253	2501	3
4253	2647	1
4253	2651	2
4253	2652	2
4253	2664	3
4253	2670	4
4253	2716	4
4253	2739	3
4253	2761	2
4253	2764	3
4253	2795	3
4253	2819	4
4253	2889	2
4253	2890	4
4253	2919	4
4253	2921	3
4253	2951	3
4253	2983	3
4253	2997	4
4253	3034	3
4253	3037	4
4253	3039	2
4253	3062	4
4253	3068	3
4253	3090	2
4253	3093	3
4253	3114	4
4253	3175	4
4253	3196	5
4253	3198	4
4253	3213	1
4253	3215	3
4253	3334	3
4253	3359	4
4253	3362	3
4253	3365	4
4253	3367	2
4253	3379	5
4253	3398	2
4253	3401	1
4253	3406	4
4253	3421	3
4253	3467	4
4253	3468	3
4253	3471	5
4253	3505	4
4253	3508	5
4253	3527	5
4253	3545	2
4253	3551	4
4253	3552	3
4253	3634	5
4253	3654	4
4253	3671	3
4253	3681	3
4253	3718	1
4253	3733	3
4253	3737	3
4253	3811	3
4253	3836	4
4263	785	5
4263	1230	5
4263	1393	2
4263	1513	3
4263	1923	4
4263	2318	4
4263	2336	3
4263	2369	3
4263	2395	5
4263	2580	4
4263	2692	4
4263	2716	4
4263	2763	4
4263	2770	4
4263	2997	5
4263	3114	5
4263	3145	2
4263	3175	3
4263	3203	3
4263	3219	1
4263	3253	5
4263	3793	3
4264	110	5
4264	151	4
4264	457	5
4264	736	3
4264	914	4
4264	1198	4
4264	1287	5
4264	1674	5
4264	2424	5
4264	3256	5
4264	3638	4
4264	3753	5
4268	5	2
4268	34	4
4268	52	4
4268	105	1
4268	170	3
4268	231	1
4268	236	3
4268	339	1
4268	419	2
4268	457	4
4268	466	3
4268	480	4
4268	500	3
4268	505	3
4268	587	3
4268	590	1
4268	593	1
4268	595	2
4268	830	2
4268	858	3
4268	901	4
4268	905	4
4268	914	5
4268	915	5
4268	924	1
4268	926	3
4268	932	5
4268	934	4
4268	938	5
4268	943	4
4268	945	4
4268	953	5
4268	969	5
4268	1014	3
4268	1015	4
4268	1019	5
4268	1030	1
4268	1031	3
4268	1059	1
4268	1135	1
4268	1136	5
4268	1198	4
4268	1213	1
4268	1220	3
4268	1225	5
4268	1228	1
4268	1230	5
4268	1234	5
4268	1246	3
4268	1252	4
4268	1265	5
4268	1271	5
4268	1278	5
4268	1287	4
4268	1292	5
4268	1293	3
4268	1333	3
4268	1387	3
4268	1391	1
4268	1394	1
4268	1396	5
4268	1414	3
4268	1441	5
4268	1580	4
4268	1610	4
4268	1639	1
4268	1689	3
4268	1704	4
4268	1731	1
4268	1784	5
4268	1927	3
4268	1933	4
4268	1938	4
4268	1947	3
4268	1954	1
4268	1957	3
4268	1964	4
4268	1997	1
4268	2018	3
4268	2023	2
4268	2032	3
4268	2037	3
4268	2038	3
4268	2041	2
4268	2046	3
4268	2055	3
4268	2057	3
4268	2077	5
4268	2081	3
4268	2112	3
4268	2123	2
4268	2125	5
4268	2132	1
4268	2138	1
4268	2146	2
4268	2153	1
4268	2161	2
4268	2177	5
4268	2184	4
4268	2202	4
4268	2208	5
4268	2212	4
4268	2266	5
4268	2312	4
4268	2346	3
4268	2369	5
4268	2468	4
4268	2469	2
4268	2501	5
4268	2747	1
4268	2761	3
4268	2763	5
4268	2788	5
4268	2795	3
4268	2871	1
4268	2953	1
4268	3072	4
4268	3086	2
4268	3100	1
4268	3144	3
4268	3198	4
4268	3252	1
4268	3253	3
4268	3255	3
4268	3388	1
4268	3398	3
4268	3418	4
4268	3421	1
4268	3478	3
4268	3489	3
4268	3500	1
4268	3501	4
4268	3524	1
4268	3531	1
4268	3546	3
4268	3552	4
4268	3633	5
4268	3638	5
4268	3654	3
4268	3668	4
4268	3671	5
4268	3672	2
4268	3700	4
4268	3707	1
4268	3812	5
4268	3844	3
4273	908	5
4273	1136	5
4273	1193	5
4273	1220	5
4273	1230	3
4273	1234	4
4273	1278	5
4273	1292	5
4273	1963	5
4273	2302	4
4273	3039	4
4273	3421	5
4273	3552	5
4273	3671	5
4280	34	4
4280	70	3
4280	296	5
4280	339	3
4280	357	4
4280	466	5
4280	608	4
4280	1175	3
4280	1213	4
4280	1265	5
4280	1275	4
4280	1617	4
4280	1641	5
4280	1784	4
4280	2153	1
4280	2369	2
4280	2395	2
4280	2396	2
4280	2424	4
4280	2567	4
4280	2574	2
4280	2598	2
4280	2672	4
4280	2701	2
4280	2716	4
4280	2763	2
4280	2770	3
4280	2881	3
4280	2883	3
4280	2916	5
4280	2997	4
4280	3005	2
4280	3114	4
4280	3175	4
4280	3176	3
4280	3317	2
4280	3326	4
4280	3354	2
4280	3578	4
4280	3812	3
4280	3836	4
4286	111	5
4286	235	4
4286	293	4
4286	454	4
4286	479	3
4286	527	2
4286	529	5
4286	736	4
4286	780	4
4286	858	5
4286	903	4
4286	905	3
4286	914	4
4286	922	4
4286	924	5
4286	953	5
4286	969	5
4286	1024	3
4286	1028	5
4286	1032	5
4286	1078	1
4286	1079	5
4286	1084	4
4286	1096	1
4286	1136	5
4286	1193	5
4286	1204	4
4286	1206	5
4286	1228	4
4286	1230	2
4286	1238	3
4286	1272	5
4286	1276	5
4286	1340	5
4286	1374	5
4286	1387	4
4286	1566	4
4286	1617	4
4286	1704	5
4286	1863	2
4286	1931	5
4286	1953	5
4286	1957	4
4286	1997	4
4286	2001	4
4286	2022	4
4286	2247	3
4286	2302	5
4286	2369	2
4286	2396	5
4286	2424	2
4286	2501	5
4286	2646	4
4286	2664	4
4286	2746	4
4286	2788	4
4286	3022	5
4286	3102	2
4286	3175	3
4286	3196	4
4286	3263	5
4286	3302	3
4286	3334	5
4286	3421	5
4286	3461	4
4286	3501	4
4286	3569	1
4286	3608	5
4286	3618	1
4286	3635	4
4286	3638	3
4286	3645	1
4286	3649	2
4286	3654	4
4286	3655	1
4286	3661	4
4286	3663	3
4286	3669	3
4286	3703	4
4286	3729	4
4286	3746	1
4286	3754	5
4286	3760	4
4286	3766	3
4286	3793	3
4286	3807	3
4286	3816	1
4286	3819	1
4286	3836	5
4286	3844	2
4289	610	3
4289	1088	4
4289	1091	4
4289	1198	5
4289	1199	4
4289	1220	3
4289	1222	4
4289	1261	4
4289	1275	5
4289	1286	5
4289	1297	5
4289	1330	5
4289	1373	3
4289	1374	4
4289	1378	4
4289	1394	5
4289	1460	4
4289	1923	5
4289	1994	3
4289	2001	4
4289	2011	4
4289	2021	3
4289	2072	3
4289	2100	5
4289	2105	4
4289	2111	4
4289	2118	4
4289	2173	4
4289	2193	4
4289	2241	5
4289	2261	4
4289	2311	4
4289	2370	4
4289	2374	4
4289	2382	2
4289	2401	4
4289	2405	3
4289	2407	3
4289	2408	3
4289	2410	3
4289	2411	3
4289	2468	4
4289	2471	4
4289	2474	3
4289	2477	3
4289	2520	4
4289	2642	4
4289	2716	5
4289	2735	4
4289	2746	5
4289	2794	4
4289	2795	5
4289	2815	3
4289	2816	2
4289	2846	3
4289	2915	4
4289	3033	2
4289	3039	4
4289	3385	3
4289	3442	3
4289	3444	4
4289	3479	5
4289	3501	4
4289	3505	4
4289	3527	5
4289	3608	3
4289	3698	4
4289	3703	5
4289	3708	5
4289	3740	5
4289	3766	2
4289	3793	5
4293	111	5
4293	296	5
4293	342	3
4293	858	5
4293	1017	4
4293	1131	5
4293	1136	5
4293	1198	5
4293	1217	4
4293	1230	5
4293	1234	5
4293	1252	5
4293	1292	4
4293	1387	4
4293	1419	5
4293	2238	5
4293	2511	4
4293	3545	5
4302	5	4
4302	17	4
4302	34	3
4302	79	3
4302	105	5
4302	151	3
4302	161	4
4302	222	4
4302	293	4
4302	318	5
4302	357	3
4302	371	4
4302	432	3
4302	494	4
4302	515	3
4302	527	5
4302	608	5
4302	780	4
4302	903	4
4302	1020	3
4302	1079	3
4302	1088	3
4302	1091	2
4302	1092	4
4302	1183	3
4302	1198	5
4302	1213	4
4302	1220	4
4302	1225	3
4302	1228	4
4302	1242	4
4302	1246	5
4302	1258	4
4302	1271	4
4302	1293	5
4302	1356	4
4302	1363	3
4302	1373	4
4302	1374	4
4302	1401	4
4302	1408	5
4302	1465	5
4302	1569	3
4302	1580	5
4302	1610	5
4302	1617	4
4302	1641	4
4302	1674	5
4302	1704	5
4302	1721	5
4302	1722	4
4302	1727	4
4302	1747	5
4302	1863	4
4302	1883	3
4302	1892	4
4302	1957	5
4302	1962	4
4302	2001	4
4302	2011	4
4302	2053	3
4302	2058	4
4302	2072	3
4302	2100	4
4302	2105	4
4302	2110	4
4302	2111	4
4302	2146	4
4302	2161	3
4302	2262	4
4302	2353	4
4302	2359	5
4302	2380	2
4302	2391	5
4302	2396	4
4302	2405	5
4302	2407	5
4302	2408	4
4302	2424	4
4302	2433	4
4302	2468	4
4302	2471	4
4302	2474	4
4302	2501	5
4302	2520	3
4302	2539	3
4302	2624	4
4302	2639	3
4302	2642	4
4302	2716	4
4302	2734	1
4302	2735	3
4302	2746	3
4302	2795	3
4302	2804	5
4302	2815	2
4302	2915	4
4302	2916	4
4302	2919	3
4302	2950	3
4302	2953	3
4302	3005	4
4302	3033	3
4302	3036	4
4302	3072	5
4302	3100	4
4302	3104	4
4302	3107	4
4302	3185	4
4302	3418	4
4302	3424	3
4302	3426	4
4302	3501	3
4302	3685	4
4302	3707	3
4302	3740	5
4302	3753	4
4302	3844	4
4304	6	4
4304	36	5
4304	231	4
4304	296	5
4304	318	5
4304	593	5
4304	608	3
4304	1704	5
4304	1721	4
4304	2329	4
4304	2997	5
4304	3006	5
4309	6	4
4309	26	3
4309	36	3
4309	83	4
4309	110	5
4309	235	1
4309	296	3
4309	318	5
4309	441	5
4309	457	5
4309	493	3
4309	587	4
4309	588	4
4309	608	3
4309	628	5
4309	805	4
4309	875	5
4309	986	3
4309	1020	3
4309	1213	5
4309	1265	3
4309	1271	3
4309	1339	4
4309	1411	3
4309	1466	3
4309	1573	5
4309	1639	3
4309	1688	3
4309	1784	5
4309	1923	3
4309	2023	4
4309	2272	4
4309	2289	3
4309	2391	3
4309	2424	2
4309	2433	3
4309	2770	3
4309	2771	3
4309	2826	5
4309	2883	4
4309	2916	5
4309	2976	2
4309	3005	4
4309	3020	4
4309	3146	3
4309	3176	2
4309	3238	3
4309	3253	3
4309	3255	4
4309	3450	3
4309	3510	5
4309	3578	5
4309	3615	2
4309	3727	4
4309	3740	3
4309	3753	4
4309	3793	3
4309	3798	3
4310	10	4
4310	22	4
4310	24	3
4310	31	3
4310	34	2
4310	70	4
4310	95	3
4310	110	5
4310	147	3
4310	151	5
4310	163	5
4310	170	3
4310	235	3
4310	246	3
4310	296	5
4310	318	5
4310	339	4
4310	376	5
4310	424	3
4310	454	4
4310	457	4
4310	511	4
4310	527	5
4310	546	1
4310	587	5
4310	590	5
4310	593	5
4310	608	4
4310	628	4
4310	662	4
4310	736	3
4310	782	4
4310	805	5
4310	832	3
4310	858	4
4310	953	3
4310	1092	4
4310	1094	3
4310	1147	5
4310	1193	5
4310	1198	4
4310	1200	5
4310	1213	5
4310	1214	3
4310	1222	5
4310	1225	5
4310	1228	4
4310	1242	3
4310	1265	4
4310	1271	5
4310	1275	3
4310	1339	5
4310	1393	4
4310	1394	5
4310	1396	5
4310	1407	3
4310	1408	5
4310	1466	3
4310	1488	3
4310	1590	3
4310	1598	5
4310	1610	5
4310	1617	5
4310	1639	5
4310	1690	2
4310	1704	5
4310	1721	3
4310	1722	3
4310	1729	4
4310	1769	4
4310	1784	4
4310	1792	4
4310	1816	5
4310	1825	3
4310	1835	5
4310	1895	4
4310	1912	5
4310	1917	4
4310	1923	4
4310	1927	4
4310	1931	5
4310	2058	4
4310	2120	5
4310	2125	2
4310	2146	5
4310	2318	5
4310	2320	3
4310	2329	5
4310	2353	4
4310	2391	5
4310	2395	5
4310	2396	4
4310	2490	5
4310	2580	5
4310	2581	3
4310	2716	4
4310	2763	5
4310	2772	2
4310	2826	4
4310	2890	3
4310	2908	3
4310	2916	3
4310	2997	4
4310	3005	4
4310	3006	4
4310	3072	4
4310	3100	4
4310	3107	4
4310	3145	3
4310	3146	4
4310	3176	4
4310	3255	3
4310	3256	4
4310	3300	5
4310	3418	3
4310	3425	3
4310	3426	4
4310	3452	4
4310	3527	5
4310	3555	2
4310	3578	5
4310	3671	4
4310	3697	3
4310	3744	4
4310	3745	2
4310	3753	5
4310	3786	5
4310	3793	3
4310	3844	5
4310	3879	4
4311	293	2
4311	459	3
4311	608	2
4311	610	3
4311	910	2
4311	933	3
4311	952	3
4311	969	4
4311	1017	3
4311	1031	3
4311	1079	1
4311	1136	1
4311	1213	3
4311	1220	5
4311	1226	4
4311	1234	4
4311	1275	3
4311	1287	5
4311	1374	2
4311	1394	4
4311	1617	3
4311	2032	2
4311	2080	3
4311	2193	3
4311	2477	2
4311	2640	4
4311	2871	3
4311	2874	3
4311	3037	4
4311	3088	4
4311	3104	2
4311	3244	2
4311	3362	1
4311	3406	2
4311	3421	4
4311	3461	5
4311	3479	3
4311	3578	3
4311	3671	5
4311	3672	3
4311	3836	4
4315	19	1
4315	65	4
4315	137	2
4315	153	4
4315	158	4
4315	180	5
4315	231	1
4315	296	5
4315	303	1
4315	329	5
4315	355	5
4315	372	4
4315	410	3
4315	413	4
4315	480	1
4315	500	2
4315	510	4
4315	546	2
4315	550	5
4315	587	5
4315	588	5
4315	940	3
4315	1020	4
4315	1059	5
4315	1265	3
4315	1271	5
4315	1339	1
4315	1356	5
4315	1372	5
4315	1373	3
4315	1374	5
4315	1378	5
4315	1379	5
4315	1391	1
4315	1407	4
4315	1408	3
4315	1488	5
4315	1580	3
4315	1673	5
4315	1721	3
4315	1760	1
4315	1779	1
4315	1914	5
4315	1967	4
4315	2011	1
4315	2012	5
4315	2060	5
4315	2081	4
4315	2083	5
4315	2100	2
4315	2161	5
4315	2188	5
4315	2382	4
4315	2716	3
4315	2840	5
4315	2916	5
4315	2953	1
4315	3033	5
4315	3176	5
4315	3203	5
4315	3247	5
4315	3253	5
4315	3255	5
4315	3269	2
4315	3398	5
4315	3418	5
4315	3489	3
4315	3668	5
4315	3712	3
4317	610	1
4317	924	5
4317	968	5
4317	1199	5
4317	1200	5
4317	1204	5
4317	1206	5
4317	1215	5
4317	1306	5
4317	1580	4
4317	1967	1
4317	2021	4
4317	2122	3
4317	2193	1
4317	2287	2
4317	2529	3
4317	2532	3
4317	2664	3
4317	2848	5
4317	2916	3
4317	3133	4
4317	3175	3
4317	3479	4
4317	3703	4
4325	785	4
4325	2041	3
4325	2193	2
4325	2202	3
4325	2433	4
4325	2580	5
4325	2712	4
4325	2976	1
4325	2997	2
4325	3039	3
4325	3638	3
4326	34	5
4326	36	3
4326	110	5
4326	203	4
4326	235	5
4326	279	3
4326	296	5
4326	299	4
4326	318	5
4326	515	2
4326	527	3
4326	529	3
4326	608	5
4326	805	3
4326	1041	5
4326	1094	5
4326	1193	3
4326	1271	5
4326	1357	4
4326	1392	4
4326	1401	3
4326	1465	4
4326	1466	2
4326	1480	3
4326	1549	1
4326	1563	4
4326	1594	5
4326	1673	5
4326	1683	2
4326	1704	3
4326	1729	2
4326	1747	5
4326	1784	5
4326	1788	3
4326	1914	4
4326	2125	4
4326	2171	4
4326	2329	5
4326	2336	4
4326	2434	3
4326	2501	4
4326	2546	1
4326	2890	2
4326	2908	5
4326	2912	5
4326	3100	5
4326	3118	5
4326	3141	2
4326	3145	3
4326	3148	4
4326	3255	5
4326	3418	5
4326	3436	2
4326	3438	1
4327	24	4
4327	161	4
4327	173	3
4327	296	5
4327	318	5
4327	329	4
4327	454	5
4327	480	4
4327	512	3
4327	587	4
4327	593	5
4327	608	5
4327	610	4
4327	780	4
4327	788	4
4327	924	5
4327	1041	4
4327	1092	4
4327	1193	4
4327	1198	5
4327	1200	5
4327	1204	5
4327	1214	5
4327	1227	5
4327	1252	5
4327	1287	5
4327	1372	3
4327	1373	4
4327	1374	3
4327	1391	3
4327	1573	4
4327	1580	4
4327	1610	5
4327	1617	5
4327	1674	5
4327	1690	4
4327	1779	3
4327	1882	3
4327	1917	4
4327	2012	4
4327	2021	4
4327	2053	3
4327	2311	4
4327	2407	5
4327	2408	4
4327	2490	3
4327	2501	5
4327	2529	5
4327	2642	4
4327	2664	5
4327	2672	4
4327	2763	5
4327	2871	4
4327	2890	4
4327	2899	5
4327	2912	4
4327	2916	4
4327	3006	5
4327	3044	4
4327	3104	5
4327	3175	5
4327	3176	5
4327	3185	5
4327	3256	5
4327	3409	3
4327	3418	4
4327	3476	4
4327	3505	4
4327	3510	4
4327	3527	5
4327	3538	3
4327	3578	5
4327	3638	4
4327	3661	3
4327	3697	4
4327	3698	3
4327	3700	3
4327	3702	5
4331	145	5
4331	432	3
4331	434	4
4331	454	4
4331	736	4
4331	786	4
4331	1193	3
4331	1215	4
4331	1222	5
4331	1387	2
4331	1639	4
4331	2302	4
4331	2647	2
4331	3063	4
4331	3146	3
4331	3175	3
4331	3578	5
4331	3633	5
4331	3638	4
4331	3760	3
4334	70	4
4334	76	4
4334	110	5
4334	111	4
4334	198	3
4334	329	4
4334	480	5
4334	512	4
4334	532	1
4334	610	5
4334	780	4
4334	788	2
4334	799	4
4334	842	4
4334	924	5
4334	968	4
4334	1130	3
4334	1199	3
4334	1200	5
4334	1206	3
4334	1214	5
4334	1215	3
4334	1258	5
4334	1261	4
4334	1278	4
4334	1333	4
4334	1339	5
4334	1342	4
4334	1346	3
4334	1356	5
4334	1372	5
4334	1391	3
4334	1407	4
4334	1573	3
4334	1580	3
4334	1690	4
4334	1917	1
4334	1974	5
4334	1982	4
4334	1994	5
4334	1997	5
4334	2011	1
4334	2012	1
4334	2021	5
4334	2097	2
4334	2105	4
4334	2118	4
4334	2311	4
4334	2377	2
4334	2407	3
4334	2459	4
4334	2461	1
4334	2554	3
4334	2617	4
4334	2640	3
4334	2664	4
4334	2826	5
4334	2916	4
4334	3005	4
4334	3013	2
4334	3033	3
4334	3175	2
4334	3471	4
4334	3476	5
4334	3499	4
4334	3527	4
4334	3638	3
4334	3693	4
4334	3698	4
4334	3702	3
4334	3703	4
4334	3704	1
4334	3708	1
4334	3727	4
4334	3758	4
4336	34	5
4336	64	4
4336	122	5
4336	153	4
4336	231	5
4336	276	4
4336	312	3
4336	317	3
4336	333	4
4336	410	2
4336	550	3
4336	587	3
4336	588	4
4336	788	5
4336	799	1
4336	830	5
4336	1064	5
4336	1126	3
4336	1339	5
4336	1367	5
4336	1407	3
4336	1441	5
4336	1457	3
4336	1485	5
4336	1569	5
4336	1721	5
4336	1783	5
4336	1784	4
4336	1863	5
4336	1888	5
4336	1918	5
4336	1923	3
4336	2004	5
4336	2142	5
4336	2302	4
4336	2389	4
4336	2424	5
4336	2506	5
4336	2617	1
4336	2719	2
4336	2746	3
4336	2770	3
4336	2953	2
4336	3176	3
4336	3243	5
4336	3247	5
4336	3255	4
4336	3263	2
4336	3450	5
4336	3499	5
4337	36	3
4337	70	5
4337	110	5
4337	163	5
4337	246	1
4337	318	5
4337	330	1
4337	512	4
4337	527	4
4337	532	1
4337	593	5
4337	608	3
4337	610	5
4337	656	1
4337	735	5
4337	741	5
4337	799	4
4337	858	5
4337	891	4
4337	924	5
4337	968	5
4337	1034	1
4337	1079	5
4337	1130	5
4337	1136	5
4337	1193	5
4337	1198	5
4337	1199	4
4337	1200	5
4337	1206	5
4337	1213	4
4337	1214	5
4337	1215	5
4337	1222	5
4337	1252	5
4337	1258	5
4337	1261	5
4337	1265	4
4337	1272	4
4337	1276	5
4337	1278	5
4337	1293	4
4337	1330	4
4337	1333	3
4337	1339	5
4337	1340	3
4337	1342	3
4337	1346	5
4337	1347	4
4337	1387	4
4337	1394	5
4337	1407	4
4337	1453	1
4337	1610	5
4337	1617	5
4337	1655	4
4337	1690	5
4337	1762	4
4337	1912	3
4337	1923	5
4337	1970	3
4337	1972	3
4337	1974	4
4337	1975	4
4337	1982	5
4337	1992	3
4337	1994	4
4337	1995	3
4337	1997	5
4337	2004	1
4337	2010	4
4337	2097	5
4337	2118	5
4337	2120	5
4337	2121	3
4337	2138	4
4337	2248	4
4337	2315	4
4337	2329	3
4337	2377	5
4337	2389	4
4337	2395	4
4337	2410	2
4337	2456	3
4337	2457	4
4337	2459	5
4337	2501	3
4337	2554	3
4337	2560	5
4337	2580	5
4337	2617	4
4337	2651	3
4337	2664	2
4337	2716	5
4337	2746	3
4337	2747	3
4337	2788	5
4337	2793	4
4337	2804	5
4337	2826	5
4337	2871	4
4337	2890	5
4337	2903	2
4337	2912	4
4337	2951	5
4337	2976	5
4337	3017	4
4337	3196	4
4337	3213	3
4337	3424	3
4337	3471	5
4337	3476	4
4337	3499	5
4337	3578	5
4337	3654	4
4337	3681	5
4337	3693	3
4337	3700	2
4337	3703	5
4337	3708	4
4337	3709	3
4337	3727	4
4337	3793	5
4337	3838	5
4338	480	3
4338	493	2
4338	1198	3
4338	1566	4
4338	1727	2
4338	2001	3
4338	2302	2
4338	2889	3
4338	3005	4
4338	3238	3
4338	3263	3
4338	3578	4
4338	3608	3
4338	3615	4
4340	34	5
4340	279	4
4340	296	5
4340	593	4
4340	805	4
4340	1213	5
4340	1265	3
4340	1617	4
4340	3159	4
4340	3615	3
4340	3616	2
4340	3754	1
4341	110	4
4341	296	1
4341	480	3
4341	593	3
4341	647	4
4341	1271	3
4341	1580	4
4341	1673	1
4341	1721	3
4341	1747	4
4341	3175	4
4341	3552	3
4341	3555	4
4341	3578	4
4341	3671	5
4349	111	2
4349	608	1
4349	1394	2
4349	1513	2
4349	1769	2
4349	1924	4
4349	2081	1
4349	2351	3
4349	2362	5
4349	2761	1
4349	2810	3
4349	3022	1
4350	111	5
4350	247	5
4350	441	3
4350	457	3
4350	527	4
4350	537	5
4350	590	3
4350	608	4
4350	610	4
4350	858	3
4350	924	5
4350	1198	5
4350	1200	5
4350	1206	5
4350	1257	3
4350	1391	1
4350	1994	5
4350	2011	4
4350	2012	3
4350	2346	2
4350	2347	4
4350	2377	3
4350	2459	4
4350	2640	4
4350	2642	2
4350	2664	4
4350	2917	5
4350	3471	4
4350	3679	3
4350	3697	2
4350	3729	5
4350	3761	3
4353	6	5
4353	70	4
4353	111	3
4353	151	2
4353	198	5
4353	457	2
4353	480	4
4353	527	5
4353	555	5
4353	780	4
4353	858	4
4353	1198	4
4353	1200	4
4353	1201	5
4353	1220	3
4353	1222	4
4353	1242	4
4353	1275	4
4353	1277	2
4353	1287	4
4353	1379	4
4353	1387	2
4353	1573	5
4353	1580	4
4353	1610	4
4353	1912	5
4353	1953	4
4353	1954	3
4353	2001	4
4353	2010	5
4353	2023	3
4353	2105	5
4353	2193	4
4353	2370	3
4353	2457	4
4353	2490	4
4353	2735	3
4353	2912	5
4353	2951	5
4353	2993	2
4353	3104	3
4353	3176	4
4353	3178	4
4353	3256	5
4353	3300	5
4353	3354	1
4353	3452	4
4353	3513	3
4353	3527	5
4353	3578	5
4353	3598	1
4353	3635	2
4353	3654	4
4353	3703	5
4353	3704	3
4353	3744	1
4353	3745	4
4353	3793	5
4353	3857	1
4353	3879	4
4354	19	2
4354	63	4
4354	110	5
4354	111	5
4354	145	1
4354	173	1
4354	231	4
4354	235	5
4354	296	5
4354	333	3
4354	355	1
4354	357	5
4354	376	4
4354	413	4
4354	429	1
4354	443	5
4354	457	4
4354	466	4
4354	480	5
4354	500	2
4354	527	5
4354	590	5
4354	593	3
4354	610	1
4354	736	5
4354	747	2
4354	780	5
4354	784	1
4354	788	4
4354	849	1
4354	858	5
4354	870	3
4354	903	5
4354	905	5
4354	908	5
4354	909	3
4354	910	5
4354	914	1
4354	947	5
4354	968	4
4354	969	5
4354	1019	4
4354	1020	3
4354	1028	2
4354	1032	2
4354	1042	5
4354	1078	5
4354	1079	5
4354	1083	4
4354	1084	5
4354	1086	4
4354	1091	2
4354	1135	4
4354	1136	5
4354	1178	4
4354	1184	5
4354	1198	5
4354	1199	5
4354	1200	5
4354	1201	3
4354	1202	5
4354	1204	5
4354	1206	5
4354	1213	5
4354	1214	5
4354	1220	5
4354	1222	5
4354	1228	5
4354	1230	5
4354	1234	5
4354	1242	5
4354	1246	1
4354	1252	5
4354	1258	5
4354	1265	5
4354	1272	5
4354	1276	5
4354	1278	5
4354	1283	5
4354	1287	5
4354	1288	5
4354	1292	2
4354	1293	4
4354	1297	4
4354	1356	5
4354	1372	5
4354	1373	5
4354	1374	5
4354	1378	5
4354	1379	5
4354	1387	4
4354	1390	4
4354	1394	5
4354	1407	5
4354	1431	2
4354	1439	3
4354	1445	1
4354	1449	5
4354	1485	3
4354	1513	3
4354	1580	4
4354	1610	5
4354	1617	5
4354	1665	3
4354	1674	4
4354	1689	1
4354	1704	4
4354	1747	4
4354	1753	4
4354	1772	1
4354	1784	5
4354	1792	4
4354	1882	1
4354	1888	1
4354	1917	4
4354	1924	5
4354	1927	4
4354	1931	5
4354	1947	3
4354	1953	5
4354	1962	5
4354	1963	4
4354	1994	5
4354	2001	4
4354	2009	5
4354	2010	3
4354	2011	4
4354	2012	4
4354	2015	4
4354	2019	1
4354	2021	1
4354	2032	1
4354	2035	3
4354	2044	1
4354	2046	3
4354	2053	1
4354	2060	4
4354	2072	5
4354	2093	5
4354	2095	1
4354	2100	3
4354	2102	5
4354	2105	3
4354	2110	5
4354	2111	3
4354	2121	4
4354	2143	1
4354	2151	5
4354	2161	3
4354	2181	4
4354	2183	5
4354	2184	5
4354	2193	4
4354	2202	5
4354	2208	4
4354	2212	4
4354	2248	1
4354	2249	5
4354	2262	1
4354	2278	3
4354	2302	4
4354	2313	5
4354	2346	2
4354	2353	4
4354	2365	5
4354	2369	3
4354	2374	4
4354	2391	4
4354	2395	4
4354	2399	4
4354	2401	4
4354	2407	5
4354	2410	4
4354	2411	3
4354	2468	3
4354	2469	2
4354	2471	2
4354	2474	3
4354	2500	1
4354	2529	5
4354	2530	5
4354	2531	5
4354	2532	5
4354	2533	5
4354	2554	5
4354	2617	2
4354	2639	4
4354	2640	1
4354	2642	1
4354	2659	1
4354	2664	5
4354	2670	5
4354	2716	4
4354	2733	1
4354	2734	4
4354	2735	1
4354	2746	1
4354	2747	5
4354	2748	1
4354	2749	4
4354	2788	5
4354	2794	4
4354	2796	3
4354	2804	2
4354	2819	5
4354	2870	4
4354	2871	5
4354	2915	4
4354	2916	4
4354	2919	5
4354	2921	5
4354	2928	1
4354	2950	1
4354	2951	4
4354	2967	5
4354	2971	4
4354	2977	1
4354	2981	5
4354	2983	4
4354	2986	1
4354	3020	5
4354	3033	5
4354	3037	5
4354	3039	3
4354	3040	4
4354	3062	5
4354	3072	1
4354	3086	5
4354	3104	5
4354	3107	1
4354	3142	3
4354	3146	1
4354	3169	5
4354	3196	5
4354	3214	1
4354	3244	4
4354	3247	1
4354	3253	4
4354	3255	3
4354	3256	3
4354	3263	5
4354	3267	3
4354	3269	4
4354	3308	2
4354	3334	5
4354	3362	5
4354	3365	5
4354	3367	5
4354	3372	4
4354	3385	3
4354	3388	1
4354	3391	2
4354	3418	4
4354	3421	5
4354	3424	3
4354	3432	5
4354	3450	4
4354	3467	5
4354	3471	5
4354	3473	1
4354	3478	5
4354	3489	3
4354	3501	5
4354	3506	1
4354	3508	4
4354	3520	5
4354	3524	5
4354	3527	1
4354	3544	3
4354	3545	3
4354	3551	3
4354	3552	5
4354	3584	1
4354	3590	3
4354	3602	3
4354	3608	5
4354	3633	4
4354	3634	5
4354	3635	3
4354	3638	3
4354	3643	4
4354	3649	2
4354	3654	5
4354	3655	4
4354	3671	5
4354	3679	5
4354	3680	3
4354	3681	4
4354	3685	3
4354	3700	5
4354	3702	5
4354	3703	5
4354	3704	5
4354	3708	4
4354	3712	3
4354	3714	3
4354	3729	2
4354	3737	5
4354	3740	1
4354	3760	5
4354	3766	3
4354	3782	2
4354	3791	1
4354	3806	3
4354	3807	1
4354	3812	5
4354	3819	4
4354	3834	3
4354	3836	3
4354	3841	3
4354	3844	4
4354	3849	5
4354	3873	5
4356	24	4
4356	110	4
4356	111	5
4356	151	3
4356	161	2
4356	203	3
4356	235	5
4356	296	5
4356	318	5
4356	457	2
4356	480	4
4356	527	5
4356	590	4
4356	593	5
4356	608	5
4356	610	3
4356	671	3
4356	780	3
4356	858	5
4356	908	4
4356	924	5
4356	953	5
4356	969	3
4356	1079	4
4356	1136	5
4356	1175	3
4356	1193	5
4356	1198	5
4356	1199	5
4356	1200	4
4356	1201	4
4356	1204	5
4356	1206	3
4356	1213	4
4356	1214	2
4356	1220	4
4356	1222	3
4356	1225	3
4356	1230	2
4356	1234	4
4356	1238	5
4356	1242	4
4356	1246	5
4356	1252	3
4356	1271	4
4356	1272	5
4356	1276	4
4356	1283	3
4356	1287	3
4356	1288	5
4356	1292	5
4356	1356	3
4356	1357	4
4356	1374	4
4356	1378	1
4356	1391	3
4356	1393	4
4356	1394	4
4356	1396	4
4356	1466	3
4356	1580	2
4356	1611	4
4356	1617	5
4356	1673	4
4356	1704	5
4356	1721	3
4356	1835	4
4356	1923	2
4356	1954	4
4356	1957	4
4356	1964	3
4356	2009	3
4356	2019	4
4356	2021	3
4356	2058	4
4356	2071	4
4356	2100	3
4356	2289	4
4356	2313	5
4356	2346	3
4356	2347	4
4356	2391	4
4356	2407	4
4356	2474	4
4356	2529	4
4356	2532	1
4356	2701	1
4356	2745	2
4356	2763	3
4356	2819	4
4356	2916	3
4356	2921	3
4356	3033	4
4356	3037	3
4356	3040	5
4356	3100	4
4356	3104	5
4356	3107	3
4356	3175	3
4356	3196	4
4356	3213	1
4356	3252	4
4356	3253	3
4356	3256	3
4356	3334	3
4356	3362	4
4356	3379	3
4356	3418	2
4356	3421	5
4356	3471	4
4356	3476	4
4356	3505	2
4356	3527	3
4356	3671	5
4356	3676	4
4356	3703	2
4356	3733	4
4356	3758	1
4356	3760	2
4356	3766	1
4356	3791	2
4356	3811	3
4356	3812	4
4356	3836	4
4369	480	2
4369	858	4
4369	914	3
4369	1041	3
4369	1084	4
4369	1131	5
4369	1193	4
4369	1214	4
4369	1225	5
4369	1230	5
4369	1252	5
4369	1292	4
4369	1942	4
4369	1950	4
4369	1957	4
4369	1964	3
4369	1997	2
4369	2173	2
4369	2347	4
4369	2664	2
4369	3019	4
4369	3077	4
4369	3468	4
4369	3473	4
4369	3545	4
4369	3789	4
4372	111	5
4372	2535	3
4372	2826	4
4372	2883	4
4372	2889	4
4372	2976	4
4372	2997	5
4372	3175	4
4372	3176	3
4373	34	5
4373	110	5
4373	111	3
4373	231	3
4373	235	3
4373	318	4
4373	357	4
4373	500	4
4373	527	5
4373	587	5
4373	858	5
4373	903	4
4373	908	5
4373	909	4
4373	910	5
4373	911	4
4373	915	5
4373	916	4
4373	933	5
4373	942	3
4373	945	4
4373	952	4
4373	953	5
4373	969	3
4373	1008	3
4373	1019	4
4373	1028	4
4373	1066	4
4373	1084	4
4373	1086	4
4373	1136	5
4373	1193	5
4373	1199	5
4373	1200	4
4373	1201	5
4373	1204	5
4373	1214	5
4373	1225	5
4373	1226	5
4373	1234	5
4373	1252	4
4373	1258	5
4373	1265	3
4373	1272	5
4373	1275	5
4373	1276	5
4373	1278	5
4373	1283	5
4373	1286	5
4373	1287	5
4373	1292	5
4373	1333	5
4373	1340	4
4373	1374	4
4373	1387	5
4373	1485	3
4373	1569	5
4373	1641	5
4373	1673	1
4373	1674	3
4373	1923	3
4373	1924	5
4373	1931	5
4373	1938	3
4373	1947	4
4373	1949	4
4373	1950	4
4373	1953	5
4373	1954	5
4373	1955	3
4373	1962	4
4373	1964	4
4373	1997	5
4373	2009	3
4373	2080	4
4373	2100	3
4373	2132	4
4373	2178	3
4373	2179	4
4373	2181	4
4373	2183	5
4373	2193	4
4373	2212	5
4373	2245	3
4373	2287	4
4373	2289	3
4373	2346	4
4373	2359	4
4373	2396	5
4373	2529	4
4373	2535	2
4373	2635	5
4373	2640	5
4373	2651	4
4373	2664	4
4373	2670	3
4373	2746	4
4373	2747	4
4373	2764	5
4373	2781	3
4373	2819	3
4373	2866	4
4373	2871	3
4373	2877	2
4373	2915	4
4373	2917	4
4373	2921	3
4373	2922	5
4373	2951	5
4373	2983	5
4373	2993	4
4373	3028	5
4373	3039	4
4373	3040	3
4373	3061	5
4373	3062	4
4373	3088	5
4373	3093	2
4373	3102	4
4373	3196	5
4373	3198	3
4373	3217	3
4373	3334	5
4373	3365	3
4373	3398	4
4373	3430	4
4373	3450	5
4373	3467	4
4373	3468	4
4373	3506	3
4373	3508	3
4373	3527	3
4373	3546	4
4373	3551	3
4373	3552	4
4373	3578	4
4373	3654	5
4373	3668	5
4373	3671	5
4373	3702	5
4373	3729	4
4373	3733	4
4373	3753	5
4373	3789	4
4378	6	4
4378	161	3
4378	296	5
4378	300	3
4378	457	4
4378	514	3
4378	555	4
4378	593	5
4378	662	3
4378	785	4
4378	858	5
4378	1079	3
4378	1213	5
4378	1220	3
4378	1265	2
4378	1297	3
4378	1396	4
4378	1407	4
4378	1466	4
4378	1640	1
4378	1673	4
4378	1674	3
4378	1923	4
4378	1954	3
4378	2247	3
4378	2248	3
4378	2302	4
4378	2369	3
4378	2385	1
4378	2433	3
4378	2581	1
4378	2701	1
4378	2716	3
4378	2763	3
4378	2764	4
4378	2770	4
4378	2772	4
4378	2795	3
4378	2881	4
4378	2890	5
4378	2915	3
4378	2916	3
4378	2997	1
4378	3005	4
4378	3039	3
4378	3063	3
4378	3219	3
4378	3255	3
4378	3461	3
4378	3505	3
4378	3552	4
4378	3671	4
4378	3684	1
4378	3703	1
4382	24	3
4382	34	2
4382	42	2
4382	153	2
4382	180	3
4382	231	1
4382	296	5
4382	410	1
4382	419	1
4382	441	3
4382	466	1
4382	480	3
4382	593	5
4382	608	4
4382	653	3
4382	784	2
4382	785	2
4382	851	4
4382	858	4
4382	1265	3
4382	1339	5
4382	1391	3
4382	1407	4
4382	1573	2
4382	1580	2
4382	1641	4
4382	1665	2
4382	1704	3
4382	1721	2
4382	1747	3
4382	1916	4
4382	2004	1
4382	2012	2
4382	2060	1
4382	2188	2
4382	2302	2
4382	2617	3
4382	2770	2
4382	2826	3
4382	2916	3
4382	2986	2
4382	2997	5
4382	3053	4
4382	3107	2
4382	3146	3
4382	3263	3
4382	3272	3
4382	3476	4
4382	3697	2
4386	10	3
4386	19	3
4386	24	3
4386	44	3
4386	52	5
4386	70	4
4386	76	3
4386	95	4
4386	110	5
4386	111	4
4386	151	4
4386	153	3
4386	161	3
4386	163	4
4386	173	4
4386	180	2
4386	198	4
4386	203	2
4386	231	3
4386	235	4
4386	236	3
4386	276	1
4386	296	5
4386	300	3
4386	317	3
4386	318	5
4386	329	4
4386	333	4
4386	339	3
4386	355	1
4386	365	3
4386	376	3
4386	379	3
4386	427	2
4386	429	3
4386	432	2
4386	434	3
4386	441	3
4386	454	4
4386	457	5
4386	466	1
4386	479	3
4386	480	5
4386	493	2
4386	497	3
4386	500	4
4386	515	3
4386	527	5
4386	555	5
4386	574	2
4386	587	5
4386	588	5
4386	590	5
4386	593	5
4386	608	5
4386	610	5
4386	653	3
4386	707	4
4386	736	5
4386	780	5
4386	784	3
4386	786	3
4386	788	3
4386	798	4
4386	799	3
4386	805	4
4386	832	4
4386	836	3
4386	849	4
4386	858	5
4386	866	4
4386	880	2
4386	903	5
4386	908	4
4386	924	5
4386	940	4
4386	953	5
4386	1008	4
4386	1013	4
4386	1019	4
4386	1020	4
4386	1025	3
4386	1028	4
4386	1031	3
4386	1032	4
4386	1042	4
4386	1079	5
4386	1084	4
4386	1088	2
4386	1091	1
4386	1092	2
4386	1094	4
4386	1096	4
4386	1126	1
4386	1130	3
4386	1135	4
4386	1136	5
4386	1183	3
4386	1193	5
4386	1198	5
4386	1199	5
4386	1200	5
4386	1201	4
4386	1204	5
4386	1206	5
4386	1213	5
4386	1214	5
4386	1215	3
4386	1217	3
4386	1220	4
4386	1222	5
4386	1225	4
4386	1230	4
4386	1234	5
4386	1242	5
4386	1246	4
4386	1258	5
4386	1261	4
4386	1265	5
4386	1271	1
4386	1272	4
4386	1275	5
4386	1276	5
4386	1278	5
4386	1283	4
4386	1287	5
4386	1288	5
4386	1292	4
4386	1293	4
4386	1295	3
4386	1297	5
4386	1333	5
4386	1339	4
4386	1342	3
4386	1346	2
4386	1347	5
4386	1356	5
4386	1372	4
4386	1373	3
4386	1374	5
4386	1378	3
4386	1387	5
4386	1388	3
4386	1391	3
4386	1393	3
4386	1394	5
4386	1396	3
4386	1401	4
4386	1407	3
4386	1408	4
4386	1438	3
4386	1441	3
4386	1457	3
4386	1466	4
4386	1485	4
4386	1488	3
4386	1562	3
4386	1569	1
4386	1573	3
4386	1580	5
4386	1610	5
4386	1617	5
4386	1639	5
4386	1641	3
4386	1647	4
4386	1666	4
4386	1673	5
4386	1674	5
4386	1690	4
4386	1702	2
4386	1704	4
4386	1721	5
4386	1722	4
4386	1729	3
4386	1779	3
4386	1784	3
4386	1862	3
4386	1882	3
4386	1883	3
4386	1917	4
4386	1920	3
4386	1923	5
4386	1950	4
4386	1954	5
4386	1957	3
4386	1962	3
4386	1967	3
4386	1974	3
4386	1982	5
4386	1984	1
4386	1994	5
4386	1995	4
4386	1997	4
4386	1998	1
4386	2001	4
4386	2004	3
4386	2009	5
4386	2010	4
4386	2011	4
4386	2012	4
4386	2019	4
4386	2021	5
4386	2022	3
4386	2023	3
4386	2038	3
4386	2044	2
4386	2053	2
4386	2071	3
4386	2078	4
4386	2080	3
4386	2097	4
4386	2100	5
4386	2105	4
4386	2107	3
4386	2110	3
4386	2111	2
4386	2118	3
4386	2120	3
4386	2121	2
4386	2122	3
4386	2132	3
4386	2143	4
4386	2146	3
4386	2147	2
4386	2159	4
4386	2161	3
4386	2184	4
4386	2188	3
4386	2193	5
4386	2232	4
4386	2245	3
4386	2247	3
4386	2249	3
4386	2262	3
4386	2278	5
4386	2282	4
4386	2289	3
4386	2302	4
4386	2311	5
4386	2312	4
4386	2313	4
4386	2315	2
4386	2316	3
4386	2320	2
4386	2322	3
4386	2353	4
4386	2369	4
4386	2370	4
4386	2373	2
4386	2374	2
4386	2377	4
4386	2391	2
4386	2395	3
4386	2396	5
4386	2401	5
4386	2405	5
4386	2407	5
4386	2408	4
4386	2410	3
4386	2411	1
4386	2416	2
4386	2456	2
4386	2457	4
4386	2468	1
4386	2469	3
4386	2471	4
4386	2474	2
4386	2490	3
4386	2529	5
4386	2533	3
4386	2539	3
4386	2540	4
4386	2548	2
4386	2549	4
4386	2551	2
4386	2560	3
4386	2609	4
4386	2617	4
4386	2640	4
4386	2642	2
4386	2672	3
4386	2701	2
4386	2716	5
4386	2734	3
4386	2735	4
4386	2739	3
4386	2746	3
4386	2761	4
4386	2793	3
4386	2794	1
4386	2795	4
4386	2804	5
4386	2815	1
4386	2819	4
4386	2822	4
4386	2826	4
4386	2840	3
4386	2862	3
4386	2871	4
4386	2890	5
4386	2912	3
4386	2915	5
4386	2916	5
4386	2919	4
4386	2921	4
4386	2928	5
4386	2950	2
4386	2951	4
4386	2953	3
4386	2976	3
4386	2986	5
4386	2993	4
4386	2995	3
4386	2997	5
4386	3019	3
4386	3020	3
4386	3021	1
4386	3033	4
4386	3036	5
4386	3037	5
4386	3039	5
4386	3053	4
4386	3072	5
4386	3102	2
4386	3104	5
4386	3107	3
4386	3114	5
4386	3135	3
4386	3175	5
4386	3196	5
4386	3198	5
4386	3203	2
4386	3243	2
4386	3247	2
4386	3251	3
4386	3252	3
4386	3253	5
4386	3255	3
4386	3256	4
4386	3263	4
4386	3275	4
4386	3300	4
4386	3326	4
4386	3334	3
4386	3354	3
4386	3359	4
4386	3388	1
4386	3409	3
4386	3418	3
4386	3421	5
4386	3424	3
4386	3438	2
4386	3444	3
4386	3450	3
4386	3471	5
4386	3476	3
4386	3478	3
4386	3479	3
4386	3489	1
4386	3499	5
4386	3500	3
4386	3505	3
4386	3508	5
4386	3510	4
4386	3524	3
4386	3527	5
4386	3551	4
4386	3552	5
4386	3578	4
4386	3608	5
4386	3635	4
4386	3638	3
4386	3671	5
4386	3681	4
4386	3684	3
4386	3685	4
4386	3697	5
4386	3698	4
4386	3702	5
4386	3703	5
4386	3704	4
4386	3707	2
4386	3708	2
4386	3710	2
4386	3714	2
4386	3718	3
4386	3740	5
4386	3744	3
4386	3745	3
4386	3753	4
4386	3758	2
4386	3760	3
4386	3766	3
4386	3791	3
4386	3793	5
4386	3807	4
4386	3811	3
4386	3812	4
4386	3834	3
4386	3841	2
4386	3857	3
4386	3896	4
4386	3932	3
4390	6	3
4390	10	3
4390	19	3
4390	20	3
4390	42	3
4390	65	1
4390	70	4
4390	71	3
4390	89	3
4390	95	3
4390	110	5
4390	122	3
4390	144	4
4390	145	3
4390	153	4
4390	163	3
4390	173	2
4390	186	3
4390	216	3
4390	231	2
4390	235	3
4390	276	3
4390	296	4
4390	303	3
4390	340	3
4390	355	2
4390	357	3
4390	372	3
4390	376	3
4390	379	3
4390	415	3
4390	434	3
4390	441	3
4390	457	5
4390	459	2
4390	480	4
4390	493	3
4390	494	3
4390	500	4
4390	511	3
4390	514	2
4390	518	1
4390	555	3
4390	587	4
4390	590	5
4390	653	3
4390	736	4
4390	780	5
4390	784	4
4390	785	2
4390	788	3
4390	798	2
4390	832	4
4390	849	2
4390	886	3
4390	1265	5
4390	1382	3
4390	1391	1
4390	1408	3
4390	1457	3
4390	1485	4
4390	1499	2
4390	1513	2
4390	1562	3
4390	1569	3
4390	1573	4
4390	1580	4
4390	1610	4
4390	1615	4
4390	1616	4
4390	1689	1
4390	1690	2
4390	1722	3
4390	1746	3
4390	1769	2
4390	1792	3
4390	1816	2
4390	1817	3
4390	1833	3
4390	1882	2
4390	1883	2
4390	1912	4
4390	1917	4
4390	1923	4
4390	2012	3
4390	2023	4
4390	2058	3
4390	2249	4
4390	2252	2
4390	2266	1
4390	2278	3
4390	2289	4
4390	2302	3
4390	2322	3
4390	2353	5
4390	2395	4
4390	2396	3
4390	2424	4
4390	2429	3
4390	2490	4
4390	2492	2
4390	2598	2
4390	2617	4
4390	2722	2
4390	2763	3
4390	2860	3
4390	2881	3
4390	2889	4
4390	2916	4
4390	2953	3
4390	2986	3
4390	3107	3
4390	3114	5
4390	3175	3
4390	3178	5
4390	3243	2
4390	3253	3
4390	3256	4
4390	3263	3
4390	3269	3
4390	3274	3
4390	3418	3
4390	3489	3
4390	3510	4
4390	3544	1
4390	3578	5
4390	3615	4
4390	3753	4
4390	3793	5
4396	293	3
4396	1079	4
4396	1193	3
4396	1213	5
4396	1227	4
4396	1265	5
4396	1610	4
4396	1617	2
4396	1729	2
4396	1953	3
4396	2001	2
4396	2023	5
4396	2716	4
4396	2804	4
4396	3019	4
4396	3114	4
4396	3418	3
4396	3552	5
4397	24	5
4397	235	5
4397	785	3
4397	1193	5
4397	1513	1
4397	1704	5
4397	1994	4
4397	2188	4
4397	2395	1
4397	2396	5
4397	2433	3
4397	2485	4
4397	2490	3
4397	2492	3
4397	2568	1
4397	2598	1
4397	2606	3
4397	2693	2
4397	2701	2
4397	2716	4
4397	2763	4
4397	2770	2
4397	2826	2
4397	2908	3
4397	2997	5
4397	3107	3
4397	3175	3
4397	3176	2
4397	3578	5
4397	3793	5
4403	6	3
4403	34	3
4403	41	4
4403	70	2
4403	110	4
4403	457	4
4403	527	4
4403	529	4
4403	555	5
4403	593	5
4403	608	4
4403	780	5
4403	858	4
4403	1050	4
4403	1078	5
4403	1136	5
4403	1198	4
4403	1213	4
4403	1214	4
4403	1215	4
4403	1374	5
4403	1387	3
4403	1480	4
4403	1580	4
4403	1610	4
4403	1617	4
4403	1639	5
4403	1699	2
4403	1912	5
4403	1997	4
4403	2247	3
4403	2278	2
4403	2289	5
4403	2390	4
4403	2396	5
4403	2761	4
4403	2763	3
4403	2840	4
4403	2908	4
4403	2912	4
4403	2916	4
4403	2976	2
4403	2997	5
4403	3044	4
4403	3146	3
4403	3176	4
4403	3263	3
4403	3267	4
4403	3429	5
4403	3608	3
4403	3703	4
4403	3793	4
4406	24	4
4406	76	4
4406	111	5
4406	173	4
4406	198	5
4406	256	4
4406	296	5
4406	318	5
4406	329	5
4406	480	5
4406	515	4
4406	527	5
4406	593	4
4406	608	5
4406	610	5
4406	671	4
4406	720	5
4406	780	5
4406	788	4
4406	849	3
4406	858	5
4406	880	4
4406	903	5
4406	908	5
4406	922	5
4406	924	5
4406	968	4
4406	969	5
4406	1019	4
4406	1136	5
4406	1193	5
4406	1198	5
4406	1199	5
4406	1200	5
4406	1206	5
4406	1213	5
4406	1214	5
4406	1225	5
4406	1230	5
4406	1237	5
4406	1252	5
4406	1258	5
4406	1356	5
4406	1372	5
4406	1373	5
4406	1374	5
4406	1394	5
4406	1396	4
4406	1513	4
4406	1573	5
4406	1580	5
4406	1590	4
4406	1617	4
4406	1690	4
4406	1704	5
4406	1779	4
4406	1862	2
4406	1882	4
4406	1917	4
4406	1957	2
4406	2009	4
4406	2010	4
4406	2011	4
4406	2012	4
4406	2019	5
4406	2021	4
4406	2022	4
4406	2038	4
4406	2046	3
4406	2053	3
4406	2105	4
4406	2147	4
4406	2287	4
4406	2311	3
4406	2336	4
4406	2346	4
4406	2365	4
4406	2369	3
4406	2377	4
4406	2395	2
4406	2396	5
4406	2408	3
4406	2456	4
4406	2490	4
4406	2492	2
4406	2526	3
4406	2529	4
4406	2530	4
4406	2532	4
4406	2560	3
4406	2568	4
4406	2574	3
4406	2598	3
4406	2600	1
4406	2606	3
4406	2640	4
4406	2642	3
4406	2672	3
4406	2692	5
4406	2701	2
4406	2712	5
4406	2716	4
4406	2719	3
4406	2722	3
4406	2734	3
4406	2761	3
4406	2763	4
4406	2770	3
4406	2772	3
4406	2826	4
4406	2840	3
4406	2881	4
4406	2916	5
4406	2917	5
4406	2976	3
4406	2986	4
4406	2997	4
4406	3005	2
4406	3033	4
4406	3037	5
4406	3053	4
4406	3107	3
4406	3146	4
4406	3157	3
4406	3175	5
4406	3176	4
4406	3203	4
4406	3219	4
4406	3238	4
4406	3300	4
4406	3354	4
4406	3468	4
4406	3471	5
4406	3551	4
4406	3578	5
4406	3615	4
4406	3638	4
4406	3697	4
4406	3698	3
4406	3700	3
4406	3702	5
4406	3703	5
4406	3704	5
4406	3753	4
4406	3793	5
4406	3798	2
4406	3864	5
4410	318	5
4410	527	4
4410	593	4
4410	1136	4
4410	1193	5
4410	1617	4
4410	1916	4
4410	2073	5
4410	2722	2
4410	2804	4
4410	3421	4
4410	3429	3
4410	3471	4
4412	10	3
4412	95	3
4412	110	5
4412	180	2
4412	296	3
4412	318	5
4412	480	3
4412	493	4
4412	511	5
4412	608	1
4412	736	3
4412	780	5
4412	785	5
4412	805	3
4412	832	4
4412	833	3
4412	1054	1
4412	1265	4
4412	1466	4
4412	1610	3
4412	1704	5
4412	1721	3
4412	1784	4
4412	1792	3
4412	1835	4
4412	1883	4
4412	1912	3
4412	1923	5
4412	2012	4
4412	2188	3
4412	2278	3
4412	2353	4
4412	2395	1
4412	2396	3
4412	2490	4
4412	2539	5
4412	2580	4
4412	2712	3
4412	2763	4
4412	2770	2
4412	2997	1
4412	3263	2
4412	3450	4
4412	3477	2
4434	454	4
4434	736	3
4434	780	3
4434	1078	3
4434	1639	3
4434	1863	2
4434	2012	4
4434	2302	4
4434	2369	3
4434	2746	2
4434	2976	4
4434	2997	4
4434	3102	4
4434	3145	3
4434	3146	5
4434	3608	4
4434	3649	4
4434	3760	4
4434	3844	2
4443	235	3
4443	707	3
4443	910	3
4443	915	3
4443	918	4
4443	922	4
4443	926	4
4443	938	4
4443	942	3
4443	1136	5
4443	1230	1
4443	1234	3
4443	1252	4
4443	1265	4
4443	1276	3
4443	1394	3
4443	1617	3
4443	1641	3
4443	1783	3
4443	1896	3
4443	2346	5
4443	2359	3
4443	2935	3
4443	2971	4
4443	2997	4
4443	3022	4
4443	3072	3
4443	3175	4
4443	3176	2
4443	3185	3
4443	3421	4
4443	3545	5
4443	3760	4
4443	3789	4
4443	3792	2
4443	3811	4
4443	3812	2
4443	3819	4
4443	3834	3
4443	3844	3
4445	454	3
4445	529	3
4445	736	4
4445	780	4
4445	1024	3
4445	1193	5
4445	1374	5
4445	1441	2
4445	1466	3
4445	1612	3
4445	1639	4
4445	2001	4
4445	2189	3
4445	2241	3
4445	2247	3
4445	2302	3
4445	2312	5
4445	2369	2
4445	2746	3
4445	2889	2
4445	2976	2
4445	2997	1
4445	3044	4
4445	3079	2
4445	3159	2
4445	3175	4
4445	3176	2
4445	3238	1
4445	3263	3
4445	3326	2
4445	3429	3
4445	3452	3
4445	3578	2
4445	3608	5
4445	3616	1
4445	3646	1
4445	3663	3
4445	3664	3
4445	3709	4
4445	3744	4
4445	3753	1
4445	3758	2
4445	3777	2
4445	3793	5
4445	3821	4
4445	3840	4
4445	3844	1
4445	3864	4
4447	20	2
4447	24	3
4447	34	4
4447	44	2
4447	70	3
4447	89	3
4447	95	4
4447	111	4
4447	145	2
4447	153	2
4447	161	2
4447	163	3
4447	170	3
4447	173	1
4447	198	3
4447	235	4
4447	293	3
4447	296	4
4447	303	4
4447	318	3
4447	329	3
4447	339	3
4447	357	4
4447	360	2
4447	371	3
4447	373	3
4447	379	2
4447	410	3
4447	413	2
4447	415	1
4447	434	3
4447	454	3
4447	457	4
4447	466	3
4447	472	3
4447	479	2
4447	480	2
4447	511	3
4447	512	3
4447	514	4
4447	532	4
4447	548	2
4447	555	3
4447	587	2
4447	590	2
4447	593	4
4447	608	5
4447	610	3
4447	671	4
4447	736	2
4447	746	3
4447	780	3
4447	786	2
4447	788	3
4447	798	3
4447	799	3
4447	832	2
4447	836	2
4447	841	5
4447	849	2
4447	858	4
4447	861	3
4447	866	4
4447	903	5
4447	905	4
4447	907	3
4447	908	4
4447	910	5
4447	911	3
4447	916	3
4447	922	5
4447	924	5
4447	926	4
4447	929	4
4447	931	4
4447	933	3
4447	934	4
4447	940	3
4447	942	5
4447	945	4
4447	947	4
4447	952	3
4447	953	3
4447	968	4
4447	969	4
4447	970	3
4447	999	2
4447	1008	3
4447	1014	2
4447	1017	3
4447	1019	4
4447	1028	3
4447	1066	4
4447	1068	4
4447	1076	4
4447	1078	4
4447	1079	4
4447	1083	3
4447	1084	4
4447	1086	3
4447	1092	3
4447	1104	4
4447	1126	1
4447	1130	4
4447	1135	3
4447	1136	4
4447	1162	4
4447	1171	4
4447	1178	5
4447	1193	4
4447	1198	2
4447	1199	4
4447	1200	4
4447	1201	3
4447	1204	4
4447	1206	4
4447	1213	3
4447	1214	4
4447	1215	3
4447	1220	3
4447	1222	4
4447	1223	5
4447	1225	3
4447	1227	3
4447	1228	4
4447	1230	4
4447	1234	3
4447	1237	4
4447	1238	5
4447	1241	3
4447	1242	3
4447	1252	4
4447	1257	3
4447	1258	3
4447	1261	5
4447	1264	5
4447	1265	4
4447	1272	4
4447	1275	2
4447	1276	3
4447	1278	5
4447	1283	3
4447	1287	4
4447	1288	4
4447	1292	4
4447	1297	3
4447	1306	3
4447	1330	1
4447	1331	3
4447	1333	4
4447	1335	2
4447	1339	4
4447	1340	5
4447	1341	2
4447	1342	3
4447	1346	2
4447	1347	4
4447	1356	3
4447	1372	3
4447	1373	1
4447	1374	3
4447	1378	2
4447	1379	1
4447	1387	4
4447	1388	2
4447	1391	4
4447	1394	5
4447	1396	2
4447	1407	3
4447	1408	3
4447	1438	2
4447	1439	1
4447	1441	3
4447	1480	3
4447	1499	2
4447	1573	4
4447	1580	3
4447	1590	3
4447	1610	2
4447	1616	3
4447	1617	3
4447	1674	3
4447	1729	3
4447	1747	4
4447	1762	2
4447	1785	3
4447	1882	2
4447	1883	4
4447	1920	3
4447	1924	4
4447	1931	4
4447	1943	2
4447	1947	3
4447	1950	4
4447	1953	4
4447	1954	3
4447	1955	2
4447	1963	4
4447	1964	3
4447	1967	3
4447	1970	3
4447	1972	3
4447	1973	2
4447	1975	1
4447	1982	4
4447	1984	3
4447	1988	1
4447	1992	2
4447	1994	4
4447	1995	1
4447	1997	4
4447	1998	2
4447	2001	2
4447	2004	2
4447	2009	2
4447	2010	4
4447	2011	3
4447	2012	3
4447	2015	3
4447	2019	4
4447	2021	3
4447	2023	3
4447	2046	3
4447	2058	3
4447	2060	2
4447	2072	1
4447	2073	2
4447	2080	4
4447	2097	2
4447	2100	3
4447	2105	3
4447	2110	4
4447	2111	4
4447	2112	3
4447	2118	3
4447	2121	3
4447	2122	1
4447	2130	3
4447	2132	3
4447	2143	3
4447	2159	3
4447	2161	3
4447	2173	3
4447	2177	3
4447	2178	5
4447	2179	2
4447	2181	3
4447	2183	3
4447	2184	4
4447	2193	3
4447	2202	4
4447	2203	4
4447	2204	4
4447	2208	4
4447	2232	2
4447	2247	3
4447	2248	4
4447	2252	3
4447	2261	2
4447	2262	1
4447	2278	4
4447	2282	4
4447	2287	4
4447	2289	3
4447	2302	2
4447	2311	2
4447	2322	2
4447	2346	3
4447	2349	4
4447	2362	2
4447	2365	2
4447	2368	1
4447	2369	3
4447	2370	4
4447	2374	2
4447	2377	3
4447	2389	1
4447	2399	1
4447	2405	2
4447	2407	3
4447	2410	2
4447	2430	4
4447	2456	2
4447	2457	3
4447	2459	4
4447	2468	1
4447	2469	3
4447	2471	1
4447	2511	3
4447	2520	3
4447	2523	2
4447	2526	2
4447	2529	3
4447	2530	3
4447	2531	2
4447	2532	2
4447	2533	2
4447	2535	3
4447	2548	2
4447	2551	3
4447	2554	3
4447	2598	2
4447	2600	1
4447	2635	2
4447	2640	4
4447	2642	2
4447	2646	3
4447	2647	3
4447	2649	3
4447	2651	3
4447	2652	3
4447	2659	2
4447	2663	3
4447	2664	4
4447	2667	2
4447	2670	4
4447	2672	3
4447	2692	4
4447	2716	3
4447	2722	3
4447	2726	4
4447	2732	4
4447	2733	1
4447	2735	2
4447	2746	3
4447	2747	3
4447	2748	1
4447	2764	3
4447	2781	3
4447	2784	4
4447	2788	4
4447	2796	2
4447	2804	3
4447	2815	2
4447	2819	3
4447	2822	1
4447	2848	5
4447	2868	2
4447	2871	4
4447	2903	1
4447	2915	3
4447	2916	2
4447	2917	3
4447	2922	3
4447	2923	3
4447	2935	4
4447	2937	4
4447	2950	2
4447	2951	3
4447	2967	3
4447	2970	4
4447	2982	1
4447	2983	4
4447	2986	2
4447	2993	3
4447	2997	3
4447	3006	4
4447	3013	4
4447	3015	4
4447	3019	4
4447	3020	2
4447	3021	2
4447	3022	5
4447	3029	2
4447	3033	2
4447	3036	2
4447	3037	4
4447	3039	2
4447	3040	2
4447	3044	3
4447	3062	3
4447	3063	2
4447	3072	3
4447	3075	4
4447	3086	4
4447	3088	4
4447	3090	4
4447	3093	3
4447	3102	2
4447	3104	4
4447	3107	3
4447	3135	3
4447	3196	4
4447	3198	3
4447	3203	4
4447	3219	2
4447	3243	1
4447	3244	3
4447	3253	2
4447	3255	3
4447	3256	3
4447	3267	3
4447	3272	3
4447	3274	2
4447	3284	5
4447	3308	3
4447	3334	4
4447	3340	2
4447	3359	4
4447	3362	4
4447	3365	4
4447	3379	3
4447	3388	2
4447	3401	2
4447	3404	3
4447	3405	5
4447	3418	3
4447	3420	4
4447	3421	3
4447	3424	1
4447	3430	2
4447	3445	3
4447	3461	5
4447	3468	3
4447	3471	4
4447	3476	3
4447	3479	3
4447	3488	3
4447	3489	2
4447	3499	4
4447	3501	3
4447	3505	3
4447	3521	4
4447	3524	3
4447	3527	3
4447	3545	4
4447	3546	4
4447	3551	3
4447	3552	3
4447	3584	2
4447	3633	4
4447	3634	4
4447	3635	2
4447	3638	1
4447	3654	4
4447	3668	3
4447	3671	4
4447	3676	5
4447	3681	3
4447	3685	3
4447	3692	3
4447	3693	3
4447	3697	3
4447	3698	2
4447	3700	4
4447	3702	3
4447	3703	4
4447	3704	3
4447	3708	2
4447	3709	2
4447	3712	1
4447	3716	2
4447	3727	5
4447	3728	4
4447	3729	3
4447	3732	4
4447	3733	3
4447	3736	4
4447	3737	3
4447	3740	4
4447	3758	2
4447	3760	3
4447	3780	3
4447	3789	4
4447	3806	3
4447	3807	3
4447	3836	2
4447	3840	2
4447	3841	1
4447	3849	4
4450	173	2
4450	480	3
4450	512	3
4450	709	1
4450	780	3
4450	788	3
4450	880	2
4450	891	3
4450	924	3
4450	1104	4
4450	1200	3
4450	1206	3
4450	1214	3
4450	1215	4
4450	1356	2
4450	1372	2
4450	1374	4
4450	1391	1
4450	1573	3
4450	1580	3
4450	1690	3
4450	1779	1
4450	2009	4
4450	2021	4
4450	2594	4
4450	2640	3
4450	2664	4
4450	2701	1
4450	2722	1
4450	2916	2
4450	3033	4
4450	3175	4
4450	3269	1
4450	3421	3
4450	3471	4
4450	3527	3
4450	3697	3
4450	3702	3
4450	3703	4
4450	3704	2
4454	6	3
4454	22	2
4454	42	3
4454	70	3
4454	153	1
4454	173	1
4454	198	4
4454	256	2
4454	296	3
4454	379	2
4454	434	2
4454	480	3
4454	493	3
4454	532	2
4454	546	1
4454	555	4
4454	608	5
4454	780	3
4454	788	3
4454	866	4
4454	998	3
4454	1213	5
4454	1215	4
4454	1396	3
4454	1415	5
4454	1466	2
4454	1562	1
4454	1573	5
4454	1580	3
4454	1590	1
4454	1601	2
4454	1617	3
4454	1647	1
4454	1671	2
4454	1690	1
4454	1729	3
4454	1762	3
4454	1779	1
4454	1785	3
4454	1882	1
4454	1912	4
4454	1917	1
4454	1918	1
4454	2023	3
4454	2159	5
4454	2232	3
4454	2278	3
4454	2280	2
4454	2391	2
4454	2540	2
4454	2549	1
4454	2580	3
4454	2594	5
4454	2600	5
4454	2672	1
4454	2692	5
4454	2701	1
4454	2722	2
4454	2726	5
4454	2842	2
4454	2916	4
4454	2952	1
4454	3178	3
4454	3247	3
4454	3272	4
4454	3569	5
4454	3578	4
4454	3598	2
4454	3615	3
4454	3616	2
4454	3646	3
4454	3697	1
4454	3744	2
4454	3753	1
4454	3793	3
4454	3798	1
4455	858	4
4455	969	4
4455	2395	4
4455	2396	4
4455	2526	2
4455	2600	4
4455	2692	4
4455	2701	3
4455	2712	4
4455	2716	5
4455	2770	3
4455	2976	4
4455	2997	5
4455	3114	4
4455	3203	3
4455	3793	4
4457	6	5
4457	110	5
4457	111	5
4457	151	3
4457	153	2
4457	161	3
4457	215	4
4457	246	5
4457	247	5
4457	293	3
4457	296	4
4457	318	5
4457	457	5
4457	465	2
4457	527	4
4457	555	3
4457	593	5
4457	608	5
4457	647	3
4457	858	5
4457	903	3
4457	908	5
4457	922	5
4457	924	5
4457	945	4
4457	968	5
4457	969	4
4457	1034	4
4457	1050	5
4457	1084	5
4457	1094	4
4457	1147	5
4457	1175	4
4457	1178	5
4457	1183	4
4457	1193	5
4457	1199	4
4457	1200	4
4457	1201	5
4457	1206	5
4457	1213	5
4457	1214	5
4457	1217	5
4457	1222	5
4457	1227	5
4457	1242	4
4457	1252	5
4457	1264	4
4457	1265	5
4457	1272	5
4457	1408	5
4457	1573	3
4457	1617	5
4457	1674	4
4457	1699	3
4457	1797	4
4457	1912	5
4457	1916	4
4457	1953	5
4457	1964	5
4457	2015	3
4457	2019	5
4457	2130	5
4457	2138	4
4457	2248	4
4457	2287	4
4457	2391	5
4457	2396	5
4457	2511	4
4457	2529	4
4457	2664	4
4457	2692	4
4457	2726	5
4457	2819	5
4457	2890	5
4457	2908	5
4457	2912	5
4457	2919	3
4457	2921	4
4457	3006	5
4457	3019	5
4457	3037	5
4457	3062	4
4457	3075	5
4457	3093	5
4457	3176	4
4457	3203	4
4457	3267	3
4457	3304	3
4457	3339	3
4457	3365	5
4457	3420	3
4457	3471	5
4457	3475	4
4457	3476	3
4457	3505	4
4457	3508	4
4457	3527	5
4457	3545	5
4457	3551	4
4457	3634	5
4457	3668	4
4457	3671	5
4457	3679	5
4457	3680	4
4457	3681	3
4457	3700	3
4457	3702	4
4457	3703	5
4457	3728	5
4457	3737	5
4457	3753	1
4457	3811	4
4465	111	5
4465	308	5
4465	413	2
4465	527	5
4465	588	3
4465	595	5
4465	783	3
4465	924	4
4465	1014	3
4465	1064	2
4465	1176	5
4465	1213	5
4465	1217	5
4465	1230	4
4465	1333	4
4465	1365	3
4465	1394	2
4465	1446	4
4465	1566	1
4465	1569	1
4465	1660	3
4465	1918	2
4465	2010	4
4465	2313	4
4465	2318	5
4465	2356	3
4465	2416	2
4465	2424	2
4465	2442	5
4465	2546	2
4465	2560	3
4465	2624	2
4465	2712	4
4465	2731	5
4465	2908	5
4465	2953	2
4465	2997	4
4465	3148	3
4465	3176	4
4465	3418	3
4465	3578	2
4465	3720	3
4465	3851	3
4465	3910	5
4475	76	4
4475	173	3
4475	198	5
4475	318	5
4475	329	4
4475	379	2
4475	480	5
4475	546	3
4475	780	2
4475	1215	3
4475	1265	4
4475	1396	5
4475	1580	5
4475	1617	5
4475	1688	3
4475	1704	4
4475	1779	4
4475	1917	4
4475	2012	3
4475	2796	3
4475	2916	4
4475	3114	5
4475	3175	3
4475	3697	5
4479	457	4
4479	858	4
4479	908	4
4479	940	3
4479	969	4
4479	1198	4
4479	1200	3
4479	1204	4
4479	1214	4
4479	1220	4
4479	1222	4
4479	1242	3
4479	1287	5
4479	1374	3
4479	1387	4
4479	1408	4
4479	1598	3
4479	1931	4
4479	1953	5
4479	2146	3
4479	2183	3
4479	2529	4
4479	2532	4
4479	2871	3
4479	2951	4
4479	3062	5
4479	3104	4
4479	3654	4
4479	3703	4
4480	6	4
4480	24	2
4480	34	2
4480	36	3
4480	52	4
4480	70	1
4480	105	4
4480	110	2
4480	111	5
4480	144	3
4480	147	3
4480	153	1
4480	163	2
4480	231	3
4480	232	3
4480	235	4
4480	246	5
4480	247	2
4480	262	3
4480	293	4
4480	296	5
4480	300	4
4480	307	5
4480	308	5
4480	318	3
4480	342	4
4480	348	4
4480	352	4
4480	357	2
4480	373	4
4480	441	3
4480	446	3
4480	457	3
4480	493	2
4480	497	3
4480	501	3
4480	527	5
4480	535	5
4480	555	4
4480	587	3
4480	588	3
4480	590	3
4480	593	4
4480	595	3
4480	608	5
4480	736	1
4480	780	1
4480	784	3
4480	785	3
4480	788	3
4480	842	2
4480	851	3
4480	858	5
4480	866	3
4480	924	5
4480	1029	4
4480	1051	3
4480	1054	3
4480	1057	3
4480	1059	3
4480	1060	4
4480	1078	3
4480	1079	4
4480	1088	1
4480	1092	2
4480	1096	4
4480	1126	1
4480	1135	2
4480	1136	5
4480	1171	3
4480	1189	5
4480	1193	5
4480	1198	4
4480	1201	5
4480	1206	5
4480	1213	3
4480	1214	3
4480	1220	4
4480	1222	5
4480	1225	4
4480	1227	3
4480	1228	4
4480	1230	5
4480	1246	2
4480	1252	5
4480	1257	4
4480	1258	5
4480	1265	3
4480	1271	2
4480	1288	4
4480	1295	5
4480	1297	1
4480	1339	4
4480	1374	2
4480	1378	2
4480	1387	3
4480	1392	3
4480	1393	3
4480	1394	5
4480	1407	3
4480	1408	2
4480	1438	1
4480	1485	2
4480	1499	1
4480	1513	3
4480	1562	3
4480	1563	3
4480	1573	4
4480	1580	2
4480	1595	1
4480	1617	5
4480	1633	4
4480	1639	4
4480	1641	4
4480	1649	5
4480	1673	5
4480	1704	3
4480	1721	3
4480	1727	1
4480	1729	4
4480	1747	3
4480	1784	5
4480	1845	4
4480	1888	1
4480	1917	1
4480	1923	4
4480	1953	3
4480	1954	5
4480	1955	4
4480	1962	4
4480	1963	4
4480	1974	4
4480	1982	5
4480	1994	4
4480	1997	4
4480	2001	3
4480	2018	4
4480	2078	4
4480	2080	3
4480	2100	3
4480	2121	1
4480	2123	1
4480	2138	4
4480	2153	1
4480	2193	1
4480	2248	2
4480	2262	4
4480	2282	4
4480	2289	4
4480	2312	2
4480	2318	5
4480	2359	2
4480	2369	2
4480	2391	2
4480	2395	5
4480	2396	3
4480	2401	3
4480	2407	3
4480	2410	3
4480	2468	1
4480	2469	3
4480	2474	2
4480	2580	3
4480	2598	2
4480	2639	2
4480	2692	4
4480	2712	5
4480	2716	3
4480	2739	3
4480	2746	3
4480	2788	4
4480	2795	5
4480	2804	3
4480	2862	4
4480	2866	3
4480	2870	3
4480	2871	5
4480	2908	4
4480	2912	4
4480	2915	3
4480	2921	5
4480	2922	5
4480	2950	2
4480	2951	4
4480	2997	4
4480	3019	4
4480	3037	5
4480	3039	4
4480	3040	3
4480	3044	2
4480	3072	4
4480	3100	2
4480	3107	1
4480	3198	3
4480	3219	1
4480	3267	2
4480	3272	4
4480	3354	1
4480	3421	5
4480	3424	4
4480	3426	4
4480	3450	3
4480	3471	4
4480	3476	1
4480	3478	3
4480	3489	1
4480	3508	4
4480	3524	3
4480	3527	3
4480	3552	3
4480	3608	3
4480	3649	3
4480	3676	2
4480	3681	4
4480	3702	4
4480	3703	4
4480	3704	4
4480	3707	4
4480	3708	1
4480	3760	4
4480	3791	2
4480	3812	3
4480	3834	2
4480	3844	3
4485	22	2
4485	36	4
4485	161	4
4485	180	4
4485	232	5
4485	329	4
4485	351	3
4485	441	4
4485	457	4
4485	480	2
4485	500	3
4485	555	5
4485	574	4
4485	588	4
4485	593	5
4485	628	4
4485	662	2
4485	720	4
4485	786	1
4485	1060	5
4485	1092	2
4485	1094	4
4485	1113	2
4485	1265	3
4485	1357	5
4485	1393	3
4485	1408	3
4485	1414	4
4485	1466	3
4485	1484	4
4485	1485	4
4485	1513	4
4485	1573	1
4485	1580	4
4485	1617	5
4485	1639	3
4485	1704	4
4485	1747	3
4485	1916	4
4485	2302	4
4485	2442	4
4485	2539	3
4485	2617	1
4485	2692	5
4485	2908	3
4485	2916	3
4485	2997	5
4485	3020	3
4485	3044	4
4485	3146	1
4485	3252	4
4485	3263	4
4485	3326	1
4485	3418	5
4485	3426	4
4485	3438	1
4485	3450	4
4485	3499	4
4485	3638	3
4485	3744	4
4485	3754	1
4486	5	1
4486	325	1
4486	480	1
4486	593	1
4486	669	1
4486	1167	1
4486	1407	1
4486	2023	1
4486	2521	3
4486	2674	1
4486	2752	1
4486	2798	1
4486	3128	1
4486	3390	1
4486	3510	1
4486	3754	1
4490	6	5
4490	24	5
4490	110	4
4490	111	4
4490	151	3
4490	173	2
4490	293	5
4490	303	3
4490	336	2
4490	432	2
4490	457	4
4490	466	1
4490	480	3
4490	527	3
4490	590	5
4490	593	5
4490	595	3
4490	608	4
4490	610	2
4490	653	3
4490	671	2
4490	780	2
4490	785	2
4490	849	3
4490	858	5
4490	866	5
4490	880	2
4490	901	3
4490	903	4
4490	914	5
4490	916	5
4490	918	3
4490	922	5
4490	924	5
4490	931	3
4490	938	3
4490	942	4
4490	945	5
4490	968	5
4490	969	5
4490	1029	3
4490	1032	5
4490	1083	5
4490	1086	4
4490	1088	4
4490	1094	3
4490	1183	4
4490	1199	5
4490	1200	5
4490	1201	5
4490	1204	5
4490	1206	4
4490	1214	5
4490	1215	2
4490	1217	4
4490	1220	4
4490	1222	4
4490	1252	5
4490	1258	4
4490	1272	4
4490	1278	5
4490	1283	4
4490	1333	5
4490	1378	3
4490	1379	2
4490	1391	1
4490	1396	3
4490	1408	3
4490	1487	2
4490	1573	5
4490	1580	3
4490	1590	3
4490	1610	4
4490	1617	5
4490	1661	3
4490	1674	3
4490	1690	5
4490	1722	2
4490	1772	2
4490	1779	2
4490	1783	4
4490	1920	2
4490	1932	3
4490	1947	5
4490	1953	5
4490	1964	3
4490	1967	2
4490	1994	3
4490	1997	4
4490	2009	5
4490	2010	4
4490	2012	3
4490	2015	3
4490	2021	1
4490	2078	4
4490	2080	4
4490	2105	3
4490	2120	3
4490	2138	4
4490	2193	3
4490	2202	5
4490	2212	3
4490	2278	4
4490	2311	3
4490	2346	3
4490	2369	4
4490	2390	5
4490	2395	1
4490	2401	5
4490	2407	4
4490	2408	2
4490	2433	2
4490	2490	3
4490	2526	1
4490	2529	4
4490	2530	3
4490	2531	3
4490	2532	4
4490	2533	3
4490	2551	3
4490	2568	3
4490	2580	2
4490	2664	4
4490	2672	1
4490	2692	3
4490	2701	1
4490	2712	4
4490	2716	4
4490	2722	3
4490	2734	4
4490	2763	4
4490	2764	4
4490	2772	2
4490	2815	1
4490	2819	4
4490	2840	2
4490	2877	4
4490	2881	4
4490	2890	3
4490	2916	4
4490	2917	4
4490	2921	5
4490	2922	5
4490	2951	5
4490	2971	5
4490	2997	3
4490	3005	3
4490	3037	3
4490	3053	3
4490	3141	4
4490	3175	2
4490	3176	3
4490	3203	5
4490	3219	3
4490	3238	3
4490	3256	3
4490	3267	4
4490	3334	5
4490	3438	2
4490	3467	5
4490	3471	4
4490	3476	5
4490	3479	4
4490	3505	4
4490	3508	5
4490	3527	3
4490	3545	5
4490	3551	4
4490	3602	3
4490	3638	5
4490	3654	4
4490	3671	3
4490	3676	3
4490	3681	5
4490	3698	3
4490	3700	4
4490	3702	5
4490	3703	5
4490	3704	4
4490	3760	3
4490	3766	2
4490	3791	3
4490	3834	3
4490	3836	4
4490	3844	4
4493	186	2
4493	916	5
4493	918	5
4493	945	5
4493	1721	3
4493	2202	1
4493	2203	5
4493	2208	5
4493	3061	4
4493	3510	1
4493	3569	1
4493	3578	2
4493	3594	1
4493	3598	1
4493	3616	1
4493	3618	1
4493	3718	1
4493	3719	1
4493	3720	1
4493	3746	1
4493	3747	1
4493	3753	1
4493	3784	1
4493	3793	1
4493	3796	1
4493	3798	1
4494	19	2
4494	110	4
4494	296	5
4494	457	4
4494	480	4
4494	858	3
4494	910	4
4494	922	5
4494	926	5
4494	969	5
4494	1046	5
4494	1136	4
4494	1193	4
4494	1198	4
4494	1200	4
4494	1214	5
4494	1220	4
4494	1264	4
4494	1387	3
4494	1394	3
4494	1408	4
4494	1580	4
4494	1610	4
4494	1954	3
4494	2001	4
4494	2012	2
4494	2626	5
4494	2916	5
4494	3176	3
4494	3418	4
4494	3421	3
4494	3467	4
4494	3527	4
4494	3702	5
4494	3703	4
4494	3712	3
4495	10	5
4495	593	5
4495	858	5
4495	1088	3
4495	1206	5
4495	1214	4
4495	1271	3
4495	1393	4
4495	1779	3
4495	1923	5
4495	2023	4
4495	2081	4
4495	2369	2
4495	2770	3
4495	2997	5
4495	3461	5
4498	6	2
4498	10	4
4498	24	1
4498	110	5
4498	163	3
4498	303	2
4498	457	4
4498	466	4
4498	480	3
4498	527	5
4498	590	3
4498	647	4
4498	653	3
4498	736	3
4498	780	2
4498	1094	4
4498	1183	4
4498	1199	5
4498	1391	4
4498	1408	4
4498	1445	1
4498	1480	3
4498	1513	2
4498	1573	2
4498	1580	4
4498	1610	4
4498	1615	3
4498	1722	2
4498	1912	3
4498	2058	2
4498	2336	5
4498	2353	2
4498	2369	3
4498	2390	2
4498	2395	3
4498	2396	5
4498	2429	2
4498	2430	2
4498	2433	3
4498	2434	3
4498	2492	4
4498	2598	2
4498	2617	2
4498	2690	4
4498	2692	4
4498	2716	5
4498	2734	2
4498	2761	3
4498	2763	2
4498	2770	3
4498	2771	2
4498	2817	1
4498	2822	2
4498	2826	3
4498	2889	3
4498	2890	2
4498	2908	1
4498	2912	3
4498	2997	4
4498	3125	3
4498	3159	3
4498	3175	4
4498	3176	4
4498	3178	5
4498	3219	4
4498	3238	3
4498	3256	4
4498	3269	3
4498	3299	2
4498	3317	3
4498	3418	3
4498	3489	2
4498	3513	2
4498	3578	4
4498	3594	5
4498	3618	3
4498	3753	5
4498	3783	5
4498	3798	5
4498	3823	3
4498	3893	2
4500	1193	4
4500	1230	4
4500	1286	3
4500	2617	1
4500	2817	1
4500	2889	3
4500	2997	4
4500	3125	3
4500	3175	4
4500	3176	4
4500	3238	3
4500	3299	2
4500	3317	3
4500	3515	1
4500	3578	4
4500	3753	5
4500	3798	5
4501	457	4
4501	555	4
4501	741	4
4501	858	4
4501	924	4
4501	1079	5
4501	1198	5
4501	1200	3
4501	1201	5
4501	1206	5
4501	1215	4
4501	1222	4
4501	1257	3
4501	1275	5
4501	1374	5
4501	1394	4
4501	1580	4
4501	2193	3
4501	2232	3
4501	2716	5
4501	2804	4
4501	2916	3
4501	2951	4
4501	3175	3
4501	3471	5
4501	3527	3
4501	3702	4
4501	3703	2
4501	3793	4
4504	593	4
4504	780	5
4504	1215	5
4504	1258	5
4504	1387	1
4504	1388	1
4504	1721	5
4504	2125	5
4504	2424	5
4504	2617	5
4504	2722	5
4504	3404	5
4504	3702	3
4505	17	4
4505	22	4
4505	36	4
4505	61	4
4505	79	4
4505	105	5
4505	110	5
4505	111	4
4505	151	5
4505	277	4
4505	303	4
4505	317	4
4505	318	5
4505	354	4
4505	357	4
4505	425	4
4505	432	5
4505	454	5
4505	457	5
4505	480	5
4505	587	4
4505	590	5
4505	593	5
4505	605	4
4505	608	5
4505	628	5
4505	736	4
4505	780	4
4505	782	4
4505	858	5
4505	891	4
4505	1088	4
4505	1092	5
4505	1130	4
4505	1183	3
4505	1193	5
4505	1213	3
4505	1214	5
4505	1227	4
4505	1252	5
4505	1258	5
4505	1265	4
4505	1272	5
4505	1286	5
4505	1339	4
4505	1347	4
4505	1378	4
4505	1396	4
4505	1408	4
4505	1573	4
4505	1580	4
4505	1610	5
4505	1661	4
4505	1674	5
4505	1704	5
4505	1721	5
4505	1722	4
4505	1727	4
4505	1779	4
4505	1783	4
4505	1792	4
4505	1888	4
4505	1953	5
4505	1954	5
4505	1964	5
4505	1967	4
4505	1974	4
4505	1975	4
4505	1994	5
4505	1995	4
4505	2012	4
4505	2023	4
4505	2097	4
4505	2100	4
4505	2107	4
4505	2118	4
4505	2120	4
4505	2121	4
4505	2122	4
4505	2146	4
4505	2346	4
4505	2353	4
4505	2389	4
4505	2401	4
4505	2405	4
4505	2424	4
4505	2433	5
4505	2469	4
4505	2501	4
4505	2520	4
4505	2617	4
4505	2701	4
4505	2712	4
4505	2716	4
4505	2749	4
4505	2763	5
4505	2793	4
4505	2819	4
4505	2871	5
4505	2881	4
4505	2916	4
4505	2917	5
4505	2921	5
4505	2950	3
4505	3015	5
4505	3037	5
4505	3044	4
4505	3100	5
4505	3102	4
4505	3107	4
4505	3135	5
4505	3176	4
4505	3198	4
4505	3219	4
4505	3238	3
4505	3256	4
4505	3359	4
4505	3362	4
4505	3379	4
4505	3418	4
4505	3445	4
4505	3471	5
4505	3499	4
4505	3501	4
4505	3506	4
4505	3508	5
4505	3524	4
4505	3551	4
4505	3584	4
4505	3618	4
4505	3671	5
4505	3684	4
4505	3685	4
4505	3708	4
4505	3733	4
4505	3834	4
4509	36	2
4509	110	4
4509	111	4
4509	161	4
4509	180	1
4509	235	3
4509	296	5
4509	318	5
4509	357	3
4509	441	5
4509	457	4
4509	480	5
4509	527	5
4509	593	5
4509	608	4
4509	780	4
4509	858	5
4509	924	5
4509	953	3
4509	1136	5
4509	1193	5
4509	1198	4
4509	1200	5
4509	1206	4
4509	1213	5
4509	1214	4
4509	1215	4
4509	1220	3
4509	1222	5
4509	1223	4
4509	1225	5
4509	1242	5
4509	1246	4
4509	1258	5
4509	1261	5
4509	1265	3
4509	1278	4
4509	1288	5
4509	1333	4
4509	1347	3
4509	1387	5
4509	1393	4
4509	1394	4
4509	1396	4
4509	1407	3
4509	1580	3
4509	1610	5
4509	1617	4
4509	1641	5
4509	1673	5
4509	1704	4
4509	1721	4
4509	1729	4
4509	1753	4
4509	1784	5
4509	1923	4
4509	1950	5
4509	1954	4
4509	1982	3
4509	1994	3
4509	2018	3
4509	2078	4
4509	2080	4
4509	2302	4
4509	2329	4
4509	2391	4
4509	2459	4
4509	2529	4
4509	2712	4
4509	2716	3
4509	2788	5
4509	2795	3
4509	2804	4
4509	2871	4
4509	2890	4
4509	2908	3
4509	2916	4
4509	2921	5
4509	2993	4
4509	3034	3
4509	3039	4
4509	3104	3
4509	3114	4
4509	3176	3
4509	3253	3
4509	3365	4
4509	3421	5
4509	3468	4
4509	3471	4
4509	3476	3
4509	3508	4
4509	3527	4
4509	3546	3
4509	3552	5
4509	3608	4
4509	3635	4
4509	3671	5
4509	3702	2
4509	3703	1
4509	3760	4
4509	3766	3
4510	6	4
4510	10	3
4510	17	4
4510	20	2
4510	22	3
4510	24	2
4510	34	4
4510	36	4
4510	41	2
4510	42	3
4510	70	2
4510	71	1
4510	76	2
4510	79	2
4510	89	2
4510	95	3
4510	110	4
4510	111	4
4510	145	3
4510	151	4
4510	153	2
4510	158	2
4510	161	3
4510	163	2
4510	173	2
4510	198	2
4510	210	2
4510	293	3
4510	296	4
4510	303	2
4510	317	2
4510	318	4
4510	329	3
4510	330	3
4510	336	2
4510	340	2
4510	355	5
4510	360	2
4510	362	3
4510	373	3
4510	376	3
4510	379	2
4510	415	2
4510	416	1
4510	432	1
4510	434	3
4510	454	3
4510	457	4
4510	458	2
4510	459	2
4510	466	2
4510	479	3
4510	480	3
4510	494	4
4510	527	5
4510	529	4
4510	532	2
4510	533	2
4510	546	5
4510	548	2
4510	555	3
4510	587	3
4510	588	5
4510	590	4
4510	593	5
4510	595	3
4510	608	3
4510	609	2
4510	628	3
4510	631	5
4510	647	3
4510	653	3
4510	707	1
4510	709	4
4510	736	2
4510	780	3
4510	782	2
4510	785	2
4510	798	2
4510	799	3
4510	832	3
4510	836	2
4510	837	5
4510	842	2
4510	849	2
4510	858	5
4510	866	3
4510	888	1
4510	903	3
4510	905	4
4510	908	4
4510	909	3
4510	910	5
4510	911	4
4510	914	5
4510	915	3
4510	916	4
4510	922	4
4510	924	3
4510	926	4
4510	929	3
4510	931	3
4510	933	3
4510	934	4
4510	940	5
4510	942	3
4510	943	3
4510	947	4
4510	948	4
4510	952	3
4510	953	5
4510	968	3
4510	969	4
4510	970	2
4510	971	3
4510	982	3
4510	986	3
4510	992	2
4510	999	2
4510	1008	3
4510	1013	3
4510	1015	4
4510	1017	3
4510	1019	3
4510	1025	3
4510	1028	3
4510	1029	4
4510	1031	5
4510	1032	5
4510	1034	4
4510	1055	2
4510	1078	3
4510	1079	4
4510	1083	3
4510	1084	5
4510	1086	3
4510	1088	3
4510	1091	2
4510	1092	3
4510	1094	3
4510	1096	2
4510	1104	3
4510	1130	2
4510	1135	3
4510	1136	3
4510	1183	1
4510	1193	5
4510	1198	5
4510	1200	4
4510	1201	3
4510	1206	2
4510	1213	3
4510	1214	4
4510	1215	2
4510	1220	3
4510	1222	2
4510	1225	3
4510	1226	5
4510	1227	2
4510	1228	3
4510	1230	3
4510	1234	4
4510	1238	3
4510	1242	5
4510	1246	1
4510	1252	5
4510	1258	1
4510	1265	3
4510	1272	3
4510	1275	1
4510	1276	4
4510	1278	5
4510	1283	5
4510	1286	3
4510	1287	3
4510	1292	2
4510	1331	2
4510	1333	3
4510	1339	4
4510	1342	2
4510	1346	2
4510	1347	3
4510	1356	3
4510	1367	5
4510	1372	2
4510	1373	2
4510	1374	4
4510	1378	2
4510	1379	1
4510	1382	2
4510	1387	4
4510	1388	2
4510	1391	2
4510	1394	4
4510	1396	2
4510	1407	3
4510	1408	4
4510	1431	2
4510	1432	2
4510	1438	2
4510	1460	5
4510	1465	3
4510	1466	3
4510	1488	2
4510	1489	5
4510	1499	3
4510	1507	2
4510	1513	2
4510	1562	2
4510	1566	3
4510	1573	3
4510	1580	3
4510	1590	2
4510	1592	2
4510	1610	4
4510	1615	2
4510	1616	2
4510	1617	5
4510	1641	3
4510	1647	2
4510	1674	4
4510	1688	5
4510	1690	2
4510	1702	5
4510	1722	3
4510	1729	1
4510	1744	2
4510	1762	2
4510	1769	2
4510	1779	2
4510	1785	2
4510	1791	2
4510	1792	2
4510	1806	3
4510	1812	2
4510	1833	2
4510	1834	2
4510	1862	1
4510	1869	2
4510	1882	2
4510	1892	3
4510	1912	2
4510	1916	1
4510	1917	2
4510	1918	3
4510	1920	2
4510	1927	3
4510	1931	4
4510	1935	4
4510	1936	3
4510	1942	3
4510	1943	3
4510	1947	3
4510	1950	4
4510	1953	4
4510	1954	4
4510	1955	3
4510	1957	3
4510	1962	2
4510	1963	3
4510	1967	5
4510	1970	4
4510	1972	4
4510	1973	4
4510	1974	2
4510	1982	3
4510	1986	1
4510	1988	1
4510	1992	1
4510	1994	3
4510	1995	1
4510	1997	2
4510	2001	4
4510	2004	3
4510	2009	3
4510	2011	2
4510	2012	4
4510	2015	3
4510	2018	5
4510	2019	5
4510	2021	1
4510	2023	3
4510	2032	3
4510	2035	3
4510	2038	5
4510	2046	3
4510	2058	3
4510	2059	5
4510	2075	2
4510	2077	1
4510	2078	3
4510	2080	4
4510	2081	4
4510	2083	1
4510	2095	3
4510	2097	2
4510	2100	3
4510	2105	2
4510	2107	2
4510	2110	2
4510	2111	2
4510	2112	3
4510	2118	3
4510	2120	2
4510	2121	2
4510	2122	1
4510	2123	5
4510	2130	3
4510	2142	5
4510	2146	2
4510	2151	2
4510	2161	5
4510	2173	3
4510	2177	2
4510	2178	3
4510	2179	2
4510	2181	3
4510	2183	3
4510	2184	2
4510	2193	3
4510	2202	3
4510	2203	4
4510	2204	3
4510	2208	3
4510	2210	3
4510	2241	2
4510	2245	4
4510	2247	2
4510	2248	3
4510	2264	2
4510	2265	2
4510	2267	2
4510	2278	3
4510	2287	3
4510	2289	4
4510	2311	2
4510	2313	3
4510	2320	2
4510	2322	3
4510	2336	4
4510	2346	3
4510	2347	3
4510	2349	3
4510	2353	3
4510	2359	3
4510	2370	2
4510	2373	1
4510	2374	3
4510	2377	1
4510	2389	1
4510	2390	3
4510	2391	4
4510	2395	1
4510	2396	4
4510	2399	1
4510	2401	2
4510	2405	2
4510	2410	3
4510	2411	2
4510	2416	2
4510	2429	2
4510	2430	2
4510	2433	3
4510	2456	2
4510	2457	3
4510	2459	3
4510	2468	2
4510	2469	3
4510	2471	2
4510	2474	2
4510	2477	1
4510	2490	2
4510	2501	3
4510	2506	2
4510	2511	2
4510	2520	4
4510	2521	1
4510	2523	2
4510	2529	4
4510	2530	2
4510	2531	1
4510	2532	1
4510	2533	3
4510	2535	1
4510	2546	2
4510	2551	2
4510	2560	1
4510	2581	4
4510	2598	2
4510	2600	2
4510	2606	1
4510	2612	3
4510	2617	3
4510	2629	2
4510	2639	2
4510	2640	3
4510	2642	2
4510	2655	2
4510	2664	4
4510	2670	3
4510	2672	2
4510	2690	2
4510	2701	1
4510	2709	5
4510	2714	3
4510	2716	4
4510	2719	2
4510	2722	2
4510	2735	1
4510	2737	2
4510	2739	4
4510	2745	2
4510	2746	4
4510	2747	3
4510	2752	3
4510	2761	5
4510	2763	2
4510	2764	3
4510	2770	2
4510	2772	3
4510	2793	3
4510	2794	2
4510	2795	4
4510	2796	2
4510	2804	4
4510	2815	2
4510	2819	4
4510	2822	2
4510	2826	3
4510	2840	1
4510	2846	5
4510	2866	3
4510	2868	2
4510	2870	3
4510	2871	4
4510	2876	4
4510	2881	2
4510	2883	2
4510	2890	3
4510	2896	3
4510	2903	2
4510	2915	3
4510	2916	3
4510	2917	4
4510	2921	4
4510	2922	3
4510	2932	2
4510	2935	3
4510	2950	1
4510	2951	3
4510	2967	2
4510	2971	3
4510	2976	2
4510	2982	1
4510	2986	2
4510	2990	3
4510	2993	4
4510	2995	2
4510	2997	3
4510	3005	2
4510	3006	3
4510	3015	3
4510	3017	3
4510	3020	3
4510	3029	2
4510	3033	2
4510	3034	4
4510	3036	2
4510	3037	3
4510	3039	3
4510	3040	2
4510	3044	3
4510	3062	3
4510	3068	3
4510	3072	4
4510	3088	3
4510	3093	3
4510	3102	3
4510	3104	3
4510	3107	3
4510	3114	5
4510	3135	2
4510	3157	5
4510	3169	3
4510	3175	3
4510	3176	1
4510	3185	1
4510	3196	4
4510	3198	3
4510	3203	2
4510	3217	3
4510	3238	1
4510	3239	2
4510	3244	3
4510	3247	3
4510	3256	3
4510	3269	2
4510	3272	2
4510	3274	3
4510	3284	2
4510	3304	4
4510	3308	3
4510	3330	3
4510	3331	2
4510	3334	3
4510	3339	3
4510	3359	3
4510	3362	4
4510	3365	5
4510	3367	3
4510	3372	2
4510	3379	3
4510	3388	3
4510	3398	1
4510	3404	2
4510	3405	3
4510	3418	4
4510	3420	3
4510	3421	4
4510	3424	3
4510	3430	4
4510	3432	2
4510	3442	1
4510	3444	1
4510	3445	3
4510	3467	4
4510	3468	4
4510	3471	4
4510	3475	3
4510	3476	2
4510	3478	3
4510	3479	4
4510	3487	3
4510	3489	2
4510	3499	4
4510	3501	3
4510	3505	3
4510	3506	3
4510	3508	4
4510	3524	2
4510	3527	3
4510	3545	4
4510	3546	3
4510	3551	4
4510	3552	3
4510	3578	3
4510	3584	2
4510	3615	5
4510	3633	3
4510	3634	3
4510	3635	3
4510	3638	2
4510	3643	2
4510	3649	1
4510	3654	4
4510	3671	4
4510	3675	2
4510	3678	2
4510	3681	3
4510	3684	3
4510	3685	3
4510	3697	2
4510	3698	3
4510	3702	3
4510	3703	2
4510	3704	2
4510	3708	2
4510	3710	2
4510	3716	1
4510	3727	3
4510	3728	3
4510	3732	2
4510	3733	3
4510	3734	2
4510	3736	3
4510	3737	4
4510	3740	2
4510	3754	5
4510	3766	2
4510	3768	1
4510	3780	2
4510	3789	3
4510	3791	2
4510	3792	3
4510	3806	3
4510	3812	2
4510	3834	2
4510	3836	3
4510	3841	2
4510	3844	3
4510	3873	3
4522	6	3
4522	34	3
4522	111	4
4522	318	5
4522	335	3
4522	454	3
4522	527	4
4522	555	2
4522	593	4
4522	858	5
4522	903	4
4522	908	4
4522	910	5
4522	924	4
4522	969	5
4522	1028	3
4522	1078	4
4522	1198	4
4522	1200	4
4522	1201	3
4522	1214	4
4522	1220	3
4522	1222	3
4522	1230	5
4522	1242	4
4522	1252	4
4522	1265	4
4522	1276	5
4522	1374	3
4522	1387	4
4522	1394	4
4522	1617	4
4522	1639	3
4522	1785	2
4522	1833	2
4522	1896	2
4522	1912	3
4522	1950	4
4522	1953	3
4522	2247	3
4522	2289	3
4522	2347	4
4522	2369	4
4522	2396	5
4522	2692	4
4522	2746	4
4522	2769	4
4522	2804	4
4522	2889	4
4522	2916	3
4522	2951	3
4522	2997	4
4522	3044	3
4522	3062	4
4522	3102	4
4522	3104	3
4522	3114	3
4522	3145	2
4522	3146	1
4522	3175	3
4522	3176	4
4522	3178	3
4522	3185	3
4522	3198	5
4522	3238	3
4522	3299	2
4522	3326	2
4522	3354	3
4522	3418	3
4522	3445	3
4522	3513	3
4522	3515	2
4522	3555	4
4522	3578	4
4522	3608	3
4522	3633	3
4522	3634	4
4522	3654	4
4522	3655	4
4522	3661	2
4522	3702	3
4522	3703	2
4522	3729	2
4522	3744	2
4522	3747	2
4522	3753	4
4522	3760	2
4522	3784	2
4522	3786	2
4522	3793	3
4522	3798	4
4522	3811	4
4522	3812	4
4522	3893	4
4522	3943	2
4527	242	3
4527	459	3
4527	1051	4
4527	1507	2
4527	1639	5
4527	3578	5
4527	3598	3
4527	3685	3
4527	3720	5
4527	3753	5
4529	858	5
4529	924	5
4529	968	4
4529	1198	5
4529	1214	5
4529	1278	4
4529	1333	4
4529	1347	4
4529	1387	5
4529	1388	3
4529	1690	4
4529	1974	2
4529	1982	5
4529	1997	5
4529	2038	4
4529	2110	4
4529	2734	4
4529	2746	3
4529	2747	3
4529	2770	3
4529	3476	4
4539	17	2
4539	34	1
4539	296	3
4539	312	1
4539	318	1
4539	527	1
4539	549	1
4539	588	1
4539	608	1
4539	903	2
4539	905	1
4539	908	1
4539	926	1
4539	938	1
4539	940	1
4539	1189	1
4539	1193	1
4539	1199	3
4539	1201	1
4539	1204	1
4539	1276	1
4539	1295	3
4539	1617	3
4539	1936	1
4539	2078	1
4539	2130	4
4539	2184	1
4539	2262	4
4539	2312	1
4539	2351	1
4539	2391	1
4539	2530	1
4539	2531	1
4539	2532	1
4539	2533	1
4539	2692	3
4539	2917	5
4539	3114	1
4539	3304	2
4539	3334	1
4539	3362	1
4539	3421	5
4539	3505	3
4539	3547	1
4539	3681	1
4539	3702	1
4539	3703	1
4539	3793	3
4539	3804	5
4539	3812	5
4565	95	5
4565	293	5
4565	527	5
4565	593	2
4565	866	4
4565	916	5
4565	924	4
4565	1092	3
4565	1183	2
4565	1193	2
4565	1238	5
4565	1264	5
4565	1923	1
4565	2396	4
4565	2692	5
4565	3006	5
4565	3068	3
4565	3402	5
4567	8	2
4567	89	4
4567	317	2
4567	318	4
4567	457	4
4567	555	5
4567	653	4
4567	736	3
4567	741	5
4567	780	3
4567	788	3
4567	903	5
4567	1078	5
4567	1175	5
4567	1198	3
4567	1230	5
4567	1265	5
4567	1289	5
4567	1356	4
4567	1610	3
4567	1617	5
4567	1639	4
4567	1912	4
4567	1916	5
4567	2010	5
4567	2189	5
4567	2282	5
4567	2395	5
4567	2600	5
4567	2692	5
4567	2746	4
4567	2997	5
4567	3033	4
4567	3142	4
4567	3175	4
4567	3176	3
4567	3438	3
4567	3598	5
4567	3608	5
4567	3760	5
4567	3784	1
4567	3793	2
4572	5	5
4572	17	1
4572	34	4
4572	38	5
4572	54	5
4572	110	2
4572	158	3
4572	181	4
4572	262	3
4572	317	4
4572	351	5
4572	362	4
4572	480	2
4572	500	4
4572	587	4
4572	588	4
4572	595	4
4572	605	5
4572	609	3
4572	754	5
4572	783	5
4572	808	5
4572	837	5
4572	918	4
4572	1013	3
4572	1015	3
4572	1025	5
4572	1028	5
4572	1029	5
4572	1030	3
4572	1032	4
4572	1042	4
4572	1088	4
4572	1198	1
4572	1223	4
4572	1265	3
4572	1367	4
4572	1408	1
4572	1453	3
4572	1485	4
4572	1489	3
4572	1566	3
4572	1569	5
4572	1580	4
4572	1592	3
4572	1595	2
4572	1702	3
4572	1760	5
4572	1812	3
4572	1888	5
4572	2018	5
4572	2053	4
4572	2059	5
4572	2078	5
4572	2080	3
4572	2081	4
4572	2123	3
4572	2125	5
4572	2152	4
4572	2424	5
4572	2485	3
4572	2546	4
4572	2581	4
4572	2798	2
4572	2876	2
4572	2953	5
4572	2996	5
4572	3034	5
4572	3051	2
4572	3114	5
4572	3255	5
4572	3489	3
4572	3594	5
4578	6	5
4578	10	4
4578	22	4
4578	24	1
4578	36	5
4578	52	5
4578	61	3
4578	70	4
4578	72	4
4578	78	2
4578	89	4
4578	95	4
4578	110	5
4578	140	3
4578	145	4
4578	151	4
4578	161	4
4578	163	4
4578	170	2
4578	216	4
4578	231	5
4578	246	5
4578	293	4
4578	296	5
4578	300	4
4578	318	5
4578	339	3
4578	357	5
4578	372	3
4578	379	2
4578	408	2
4578	434	4
4578	441	4
4578	454	4
4578	457	5
4578	479	5
4578	480	5
4578	493	4
4578	494	3
4578	500	4
4578	527	5
4578	529	4
4578	535	3
4578	537	1
4578	538	5
4578	550	4
4578	555	5
4578	587	5
4578	588	4
4578	590	4
4578	593	5
4578	608	5
4578	628	4
4578	647	4
4578	780	4
4578	782	4
4578	784	4
4578	785	3
4578	786	4
4578	798	3
4578	799	4
4578	805	4
4578	832	5
4578	836	4
4578	851	3
4578	858	4
4578	866	2
4578	880	1
4578	916	3
4578	924	4
4578	934	5
4578	953	4
4578	999	4
4578	1003	2
4578	1057	4
4578	1059	3
4578	1060	5
4578	1092	5
4578	1094	2
4578	1147	5
4578	1183	2
4578	1193	4
4578	1198	5
4578	1200	4
4578	1213	5
4578	1214	4
4578	1215	4
4578	1220	5
4578	1222	5
4578	1246	5
4578	1257	3
4578	1261	4
4578	1265	3
4578	1275	4
4578	1278	3
4578	1288	4
4578	1297	3
4578	1356	3
4578	1357	4
4578	1374	4
4578	1378	5
4578	1379	3
4578	1387	4
4578	1391	2
4578	1393	4
4578	1394	3
4578	1396	4
4578	1401	4
4578	1407	4
4578	1408	3
4578	1431	3
4578	1438	2
4578	1441	3
4578	1449	5
4578	1457	3
4578	1466	4
4578	1484	4
4578	1485	4
4578	1488	2
4578	1493	4
4578	1499	1
4578	1513	2
4578	1573	4
4578	1580	4
4578	1590	3
4578	1594	3
4578	1610	4
4578	1615	4
4578	1616	4
4578	1617	4
4578	1639	4
4578	1641	4
4578	1673	4
4578	1674	2
4578	1680	3
4578	1687	3
4578	1704	5
4578	1722	4
4578	1729	4
4578	1747	4
4578	1779	3
4578	1784	4
4578	1792	4
4578	1833	1
4578	1834	5
4578	1835	3
4578	1840	4
4578	1883	4
4578	1892	4
4578	1912	3
4578	1917	5
4578	1918	3
4578	1923	5
4578	1954	4
4578	2001	4
4578	2011	3
4578	2012	4
4578	2023	4
4578	2058	4
4578	2112	4
4578	2188	4
4578	2245	3
4578	2278	4
4578	2280	4
4578	2289	4
4578	2302	5
4578	2305	3
4578	2320	2
4578	2329	4
4578	2336	3
4578	2353	4
4578	2356	3
4578	2359	5
4578	2369	2
4578	2389	3
4578	2391	4
4578	2395	3
4578	2396	5
4578	2407	4
4578	2410	4
4578	2411	2
4578	2433	3
4578	2457	4
4578	2501	3
4578	2539	3
4578	2558	3
4578	2567	4
4578	2580	3
4578	2581	3
4578	2598	4
4578	2600	2
4578	2672	1
4578	2692	5
4578	2712	2
4578	2716	4
4578	2722	2
4578	2735	5
4578	2761	4
4578	2763	2
4578	2771	2
4578	2804	5
4578	2840	2
4578	2860	3
4578	2871	5
4578	2881	1
4578	2890	3
4578	2915	4
4578	2916	4
4578	2928	4
4578	2990	4
4578	2997	5
4578	3005	4
4578	3006	4
4578	3019	4
4578	3020	3
4578	3039	5
4578	3044	4
4578	3100	5
4578	3102	5
4578	3104	5
4578	3107	4
4578	3135	4
4578	3159	5
4578	3169	4
4578	3178	4
4578	3203	4
4578	3219	4
4578	3252	5
4578	3253	4
4578	3256	4
4578	3263	4
4578	3267	4
4578	3274	4
4578	3299	2
4578	3308	2
4578	3359	3
4578	3362	4
4578	3418	4
4578	3424	4
4578	3430	5
4578	3444	4
4578	3450	4
4578	3471	5
4578	3477	4
4578	3478	4
4578	3499	5
4578	3500	2
4578	3527	4
4578	3551	4
4578	3555	4
4578	3578	5
4578	3608	3
4578	3635	5
4578	3638	3
4578	3649	4
4578	3693	2
4578	3698	4
4578	3702	3
4578	3733	3
4590	110	4
4590	282	4
4590	293	3
4590	296	5
4590	348	2
4590	457	3
4590	480	3
4590	493	4
4590	515	4
4590	527	5
4590	608	4
4590	1183	3
4590	1211	4
4590	1290	4
4590	1306	3
4590	1617	4
4590	1639	4
4590	1704	4
4590	2248	4
4590	2391	3
4590	2396	5
4590	2997	4
4590	3418	4
4590	3499	4
4595	34	4
4595	111	4
4595	296	4
4595	318	5
4595	483	4
4595	593	4
4595	595	5
4595	858	5
4595	908	5
4595	924	5
4595	968	4
4595	1189	5
4595	1193	5
4595	1198	5
4595	1199	5
4595	1200	4
4595	1206	5
4595	1214	5
4595	1223	5
4595	1225	4
4595	1288	5
4595	2001	3
4595	2010	5
4595	2529	5
4595	2664	5
4595	2761	4
4595	2804	5
4595	2916	4
4595	3019	4
4595	3068	4
4595	3114	5
4595	3429	4
4595	3468	5
4595	3471	5
4595	3702	4
4595	3703	5
4599	17	4
4599	34	5
4599	362	4
4599	588	4
4599	837	3
4599	924	5
4599	986	5
4599	1014	5
4599	1028	4
4599	1198	5
4599	1234	5
4599	1265	4
4599	1806	3
4599	2018	4
4599	2037	4
4599	2077	4
4599	2078	5
4599	2083	4
4599	2396	5
4599	3112	2
4599	3114	3
4599	3175	3
4599	3671	4
4600	6	5
4600	19	3
4600	22	3
4600	63	1
4600	78	2
4600	95	3
4600	110	5
4600	111	4
4600	174	2
4600	231	5
4600	247	3
4600	276	3
4600	296	5
4600	317	3
4600	318	5
4600	333	5
4600	372	3
4600	413	4
4600	429	1
4600	457	4
4600	466	3
4600	480	4
4600	489	3
4600	593	5
4600	595	4
4600	608	5
4600	780	4
4600	782	3
4600	784	4
4600	785	4
4600	788	4
4600	799	4
4600	886	4
4600	908	4
4600	1034	4
4600	1060	2
4600	1088	4
4600	1193	4
4600	1198	5
4600	1200	4
4600	1214	5
4600	1220	5
4600	1222	3
4600	1258	5
4600	1290	3
4600	1339	4
4600	1347	4
4600	1387	5
4600	1388	4
4600	1393	4
4600	1431	4
4600	1441	2
4600	1458	5
4600	1485	3
4600	1499	1
4600	1573	4
4600	1580	5
4600	1598	3
4600	1616	4
4600	1641	2
4600	1753	3
4600	1784	4
4600	1923	4
4600	1954	5
4600	1994	5
4600	2018	3
4600	2021	2
4600	2081	4
4600	2093	3
4600	2105	2
4600	2123	4
4600	2247	1
4600	2249	5
4600	2302	5
4600	2313	4
4600	2359	4
4600	2391	4
4600	2407	4
4600	2410	3
4600	2411	3
4600	2490	4
4600	2580	3
4600	2597	4
4600	2617	3
4600	2716	5
4600	2722	2
4600	2735	2
4600	2746	3
4600	2770	3
4600	2798	3
4600	2804	5
4600	2846	4
4600	2871	4
4600	2881	3
4600	2977	3
4600	3005	3
4600	3020	3
4600	3033	4
4600	3146	4
4600	3219	5
4600	3253	4
4600	3263	3
4600	3326	3
4600	3421	5
4600	3450	4
4600	3471	5
4600	3476	5
4600	3508	5
4600	3524	4
4600	3527	4
4600	3544	3
4600	3552	5
4600	3608	4
4600	3712	3
4600	3740	4
4600	3812	4
4601	10	4
4601	70	4
4601	89	3
4601	95	3
4601	110	5
4601	145	3
4601	173	2
4601	198	4
4601	303	3
4601	318	5
4601	329	2
4601	434	3
4601	457	5
4601	480	5
4601	494	4
4601	527	5
4601	590	5
4601	593	4
4601	608	4
4601	736	5
4601	786	2
4601	836	4
4601	849	2
4601	986	3
4601	1193	4
4601	1225	3
4601	1242	3
4601	1356	5
4601	1372	2
4601	1391	2
4601	1394	3
4601	1438	4
4601	1499	2
4601	1566	3
4601	1573	4
4601	1580	5
4601	1610	5
4601	1616	3
4601	1687	3
4601	1704	4
4601	1722	4
4601	1779	2
4601	1792	3
4601	1806	3
4601	1917	4
4601	1918	3
4601	1955	3
4601	2058	4
4601	2278	3
4601	2353	3
4601	2429	3
4601	2490	3
4601	2617	4
4601	2722	3
4601	2763	4
4601	2916	5
4601	3068	3
4601	3107	5
4601	3175	4
4601	3269	3
4601	3418	3
4601	3421	5
4601	3697	3
4608	52	4
4608	72	1
4608	110	2
4608	144	4
4608	161	3
4608	246	5
4608	342	3
4608	348	5
4608	371	4
4608	441	4
4608	527	5
4608	647	3
4608	838	5
4608	1042	3
4608	1092	3
4608	1094	3
4608	1171	5
4608	1183	5
4608	1184	4
4608	1265	5
4608	1569	3
4608	1580	2
4608	1617	5
4608	1641	5
4608	1747	3
4608	1784	3
4608	1883	3
4608	1923	4
4608	2289	5
4608	2359	5
4608	2395	5
4608	2396	5
4608	2890	5
4608	2997	5
4608	3044	5
4608	3176	5
4608	3255	2
4611	10	3
4611	17	5
4611	22	4
4611	28	5
4611	31	3
4611	34	4
4611	36	3
4611	70	2
4611	95	1
4611	105	3
4611	110	5
4611	163	5
4611	211	3
4611	215	2
4611	216	1
4611	222	4
4611	231	1
4611	256	3
4611	271	3
4611	276	1
4611	293	2
4611	296	4
4611	307	3
4611	308	2
4611	318	5
4611	326	4
4611	329	3
4611	333	1
4611	339	4
4611	342	4
4611	357	4
4611	372	4
4611	376	3
4611	446	5
4611	454	3
4611	457	3
4611	477	4
4611	480	3
4611	497	4
4611	500	3
4611	514	3
4611	515	4
4611	527	5
4611	529	4
4611	537	3
4611	587	3
4611	588	4
4611	593	5
4611	605	4
4611	608	4
4611	628	5
4611	647	3
4611	720	5
4611	736	3
4611	759	4
4611	780	4
4611	783	4
4611	785	3
4611	805	3
4611	832	4
4611	838	2
4611	901	4
4611	910	3
4611	914	5
4611	915	5
4611	916	4
4611	922	5
4611	924	3
4611	1020	4
4611	1028	4
4611	1041	2
4611	1042	3
4611	1046	1
4611	1050	4
4611	1059	4
4611	1060	3
4611	1066	4
4611	1096	5
4611	1136	4
4611	1183	3
4611	1189	5
4611	1198	4
4611	1200	3
4611	1215	1
4611	1222	5
4611	1225	4
4611	1242	4
4611	1246	5
4611	1258	5
4611	1265	1
4611	1271	4
4611	1276	5
4611	1277	4
4611	1286	3
4611	1290	5
4611	1295	4
4611	1339	1
4611	1356	5
4611	1357	4
4611	1366	3
4611	1372	2
4611	1374	2
4611	1387	3
4611	1393	3
4611	1396	5
4611	1398	2
4611	1408	4
4611	1411	2
4611	1441	2
4611	1507	3
4611	1513	1
4611	1569	4
4611	1573	3
4611	1580	4
4611	1610	4
4611	1617	5
4611	1639	2
4611	1641	4
4611	1673	4
4611	1674	3
4611	1680	2
4611	1683	5
4611	1704	4
4611	1721	3
4611	1722	2
4611	1753	1
4611	1784	3
4611	1835	2
4611	1888	1
4611	1917	2
4611	1918	3
4611	1923	3
4611	1962	4
4611	2001	3
4611	2011	3
4611	2012	3
4611	2021	4
4611	2058	5
4611	2059	2
4611	2125	1
4611	2146	3
4611	2245	3
4611	2248	4
4611	2302	3
4611	2336	5
4611	2369	2
4611	2396	4
4611	2424	3
4611	2485	1
4611	2539	2
4611	2581	3
4611	2639	3
4611	2690	4
4611	2701	3
4611	2739	4
4611	2746	3
4611	2890	4
4611	2916	4
4611	2995	1
4611	3033	3
4611	3044	5
4611	3053	2
4611	3079	4
4611	3100	3
4611	3107	3
4611	3125	4
4611	3148	4
4611	3159	5
4611	3176	5
4611	3252	3
4611	3255	4
4611	3256	4
4611	3263	3
4611	3269	2
4611	3274	3
4611	3450	4
4611	3466	2
4611	3499	4
4611	3594	1
4611	3598	3
4611	3608	1
4611	3635	3
4611	3684	3
4611	3723	3
4611	3753	1
4611	3791	3
4611	3793	5
4612	41	5
4612	222	3
4612	270	3
4612	372	4
4612	480	2
4612	483	4
4612	838	4
4612	953	5
4612	1183	5
4612	1393	2
4612	1411	4
4612	1621	3
4612	1683	4
4612	1721	3
4612	2125	3
4612	2336	4
4612	2996	2
4612	3079	5
4612	3125	4
4612	3146	3
4612	3578	4
4612	3668	4
4614	457	4
4614	1183	4
4614	1230	4
4614	1252	5
4614	1617	5
4614	1727	3
4614	1964	4
4614	3072	4
4614	3148	4
4614	3176	4
4617	36	3
4617	198	3
4617	222	3
4617	296	2
4617	318	5
4617	427	1
4617	457	4
4617	480	3
4617	527	5
4617	587	4
4617	593	5
4617	608	2
4617	628	5
4617	780	3
4617	858	4
4617	1092	4
4617	1094	3
4617	1183	2
4617	1214	4
4617	1265	3
4617	1393	3
4617	1432	3
4617	1569	4
4617	1573	4
4617	1617	3
4617	1661	3
4617	1683	3
4617	1721	5
4617	1845	1
4617	1892	3
4617	1912	3
4617	2110	3
4617	2391	3
4617	2396	4
4617	2468	4
4617	3176	3
4617	3476	2
4618	76	3
4618	198	4
4618	480	4
4618	610	2
4618	741	4
4618	780	4
4618	1088	3
4618	1199	4
4618	1200	5
4618	1206	4
4618	1214	4
4618	1374	3
4618	1396	3
4618	1431	2
4618	1573	4
4618	1580	4
4618	1963	4
4618	2009	3
4618	2011	4
4618	2012	3
4618	2407	3
4618	2529	3
4618	2640	3
4618	2997	4
4618	3300	4
4618	3471	4
4618	3555	4
4618	3578	4
4618	3618	2
4618	3702	4
4618	3703	4
4618	3745	3
4618	3793	3
4622	110	3
4622	231	4
4622	371	3
4622	1198	5
4622	1610	4
4622	2794	3
4622	2795	4
4622	3552	4
4622	3635	4
4623	22	4
4623	2336	4
4623	2369	5
4623	2396	4
4623	2433	5
4623	2690	4
4623	2716	4
4623	2734	3
4623	2763	5
4623	2770	1
4623	2771	5
4623	3185	3
4623	3203	5
4623	3219	5
4623	3354	3
4623	3578	5
4623	3791	3
4624	17	4
4624	497	5
4624	1242	5
4624	1265	4
4624	1408	4
4624	1449	5
4624	1610	5
4624	2041	3
4624	2125	5
4624	2359	5
4624	2424	4
4624	2581	2
4624	2609	5
4624	2617	5
4624	2629	2
4624	2690	5
4624	2716	3
4624	2770	4
4624	2804	5
4624	2826	3
4624	3114	5
4624	3157	4
4624	3175	4
4624	3176	2
4624	3256	4
4624	3354	2
4624	3510	3
4624	3578	5
4624	3618	3
4624	3672	1
4624	3753	5
4628	527	5
4628	1086	3
4628	2369	3
4628	2396	4
4628	2433	4
4628	2714	3
4628	2881	4
4628	2976	3
4628	3247	4
4629	489	4
4629	1372	3
4629	1513	4
4629	2093	3
4629	2485	4
4629	2690	4
4629	2701	2
4629	2716	4
4629	2722	2
4629	2763	4
4629	2881	3
4629	2997	3
4629	3114	5
4629	3176	4
4631	296	5
4631	480	2
4631	493	4
4631	590	4
4631	595	2
4631	608	5
4631	785	4
4631	788	5
4631	824	5
4631	858	4
4631	903	5
4631	908	4
4631	922	5
4631	924	3
4631	1147	4
4631	1198	3
4631	1201	4
4631	1214	3
4631	1222	5
4631	1228	5
4631	1242	3
4631	1261	4
4631	1333	4
4631	1374	2
4631	1387	2
4631	1394	5
4631	1408	3
4631	1466	3
4631	1617	4
4631	1662	1
4631	1689	2
4631	1797	3
4631	1920	1
4631	2018	4
4631	2019	5
4631	2080	3
4631	2161	2
4631	2193	3
4631	2336	3
4631	2395	5
4631	2396	5
4631	2583	4
4631	2598	2
4631	2716	3
4631	2731	5
4631	2732	4
4631	2881	3
4631	2916	2
4631	2921	5
4631	2951	4
4631	2976	4
4631	2997	5
4631	3019	4
4631	3037	2
4631	3489	2
4631	3671	4
4631	3681	5
4631	3702	2
4631	3811	4
4632	1079	4
4632	1198	4
4632	1199	5
4632	1200	4
4632	1220	4
4632	1222	4
4632	1264	5
4632	1289	3
4632	1293	4
4632	1957	5
4632	1962	5
4632	1994	4
4632	2081	3
4632	2312	5
4632	2474	4
4632	2716	4
4632	2739	4
4632	2915	4
4632	2917	4
4632	2919	4
4632	3142	3
4632	3505	4
4632	3521	3
4632	3527	3
4632	3552	4
4632	3578	5
4632	3703	5
4632	3740	3
4634	527	5
4634	555	5
4634	590	5
4634	593	5
4634	608	5
4634	858	5
4634	866	5
4634	922	5
4634	942	5
4634	969	5
4634	1084	5
4634	1147	4
4634	1198	5
4634	1201	5
4634	1214	5
4634	1225	5
4634	1230	5
4634	1252	5
4634	1283	5
4634	1387	5
4634	1617	5
4634	1931	5
4634	1953	5
4634	1997	5
4634	2077	5
4634	2396	5
4634	2401	5
4634	2490	4
4634	2670	5
4634	2692	4
4634	2871	5
4634	2908	4
4634	2917	5
4634	2921	5
4634	2951	5
4634	2976	3
4634	2997	4
4634	3019	5
4634	3093	5
4634	3185	4
4634	3219	4
4634	3334	5
4634	3362	5
4634	3418	5
4634	3467	5
4634	3468	5
4634	3527	5
4634	3654	5
4634	3681	5
4634	3703	5
4638	587	1
4638	924	1
4638	1200	1
4638	1393	2
4638	1704	5
4638	1954	2
4638	3175	4
4638	3421	2
4638	3499	1
4638	3578	5
4639	372	4
4639	908	4
4639	1238	5
4639	1278	5
4639	1393	5
4639	1580	4
4639	1639	5
4639	2130	3
4639	2147	3
4639	2395	4
4639	2770	4
4639	2804	4
4639	2997	5
4639	3039	5
4639	3068	4
4639	3175	4
4639	3302	5
4639	3510	5
4639	3671	5
4639	3744	3
4639	3793	4
4641	205	1
4641	235	5
4641	318	4
4641	348	4
4641	608	4
4641	1078	4
4641	1171	5
4641	1265	4
4641	1542	4
4641	1640	2
4641	1784	5
4641	2289	5
4641	2359	3
4641	2380	1
4641	2396	4
4641	3006	5
4641	3175	5
4643	6	5
4643	17	3
4643	34	4
4643	36	3
4643	151	2
4643	161	2
4643	235	3
4643	246	4
4643	247	3
4643	262	3
4643	296	3
4643	307	5
4643	308	3
4643	317	2
4643	318	4
4643	335	2
4643	342	3
4643	373	3
4643	448	4
4643	480	3
4643	483	2
4643	497	3
4643	535	3
4643	565	4
4643	608	2
4643	628	1
4643	728	5
4643	759	5
4643	832	2
4643	986	5
4643	1034	3
4643	1041	4
4643	1042	3
4643	1050	4
4643	1059	3
4643	1060	3
4643	1175	4
4643	1215	2
4643	1236	5
4643	1271	3
4643	1357	3
4643	1396	2
4643	1407	3
4643	1441	2
4643	1449	4
4643	1480	2
4643	1485	3
4643	1580	4
4643	1610	4
4643	1611	1
4643	1633	3
4643	1721	3
4643	1729	3
4643	1753	3
4643	1834	2
4643	1845	5
4643	1883	4
4643	1916	4
4643	1923	2
4643	2012	2
4643	2024	3
4643	2046	3
4643	2112	3
4643	2159	2
4643	2278	4
4643	2280	3
4643	2302	4
4643	2336	3
4643	2395	4
4643	2396	4
4643	2501	5
4643	2580	3
4643	2600	3
4643	2692	4
4643	2693	4
4643	2761	3
4643	2770	2
4643	2844	4
4643	2883	2
4643	2890	3
4643	2912	1
4643	2916	3
4643	2976	2
4643	2997	2
4643	3006	5
4643	3100	3
4643	3175	4
4643	3252	3
4643	3253	3
4643	3255	3
4643	3256	3
4643	3263	2
4643	3429	4
4643	3499	3
4643	3578	2
4643	3745	2
4643	3793	4
4645	105	2
4645	222	3
4645	351	5
4645	357	2
4645	454	4
4645	457	5
4645	480	1
4645	587	5
4645	588	5
4645	593	1
4645	608	5
4645	832	5
4645	838	5
4645	903	4
4645	908	5
4645	914	5
4645	915	4
4645	924	1
4645	932	5
4645	992	5
4645	1028	5
4645	1030	5
4645	1086	5
4645	1088	5
4645	1214	1
4645	1265	3
4645	1276	3
4645	1393	5
4645	1407	1
4645	1487	5
4645	1573	4
4645	1674	5
4645	1680	1
4645	1721	4
4645	1888	5
4645	1892	5
4645	1947	4
4645	1953	5
4645	1994	5
4645	2080	5
4645	2100	4
4645	2181	4
4645	2184	5
4645	2320	5
4645	2391	5
4645	2396	5
4645	2506	5
4645	2764	5
4645	2871	5
4645	2877	1
4645	2917	5
4645	3005	5
4645	3219	5
4645	3244	5
4645	3269	5
4645	3546	5
4645	3602	4
4645	3668	5
4645	3685	4
4645	3729	1
4650	19	2
4650	42	3
4650	65	1
4650	110	4
4650	145	3
4650	216	2
4650	231	4
4650	296	2
4650	318	4
4650	429	1
4650	441	2
4650	457	4
4650	497	1
4650	527	4
4650	590	4
4650	593	4
4650	608	3
4650	784	1
4650	858	4
4650	1020	3
4650	1031	3
4650	1079	3
4650	1088	1
4650	1092	4
4650	1193	1
4650	1198	3
4650	1200	2
4650	1206	1
4650	1220	4
4650	1246	3
4650	1265	4
4650	1367	3
4650	1394	2
4650	1704	5
4650	1784	2
4650	1883	3
4650	1954	4
4650	1962	4
4650	1994	3
4650	2011	3
4650	2036	2
4650	2072	3
4650	2121	3
4650	2122	2
4650	2159	4
4650	2266	3
4650	2359	3
4650	2369	1
4650	2407	3
4650	2474	3
4650	2539	3
4650	2567	2
4650	2716	3
4650	2739	2
4650	2795	5
4650	2871	3
4650	2881	4
4650	2997	2
4650	3051	2
4650	3107	3
4650	3146	1
4650	3214	4
4650	3299	3
4650	3421	5
4650	3471	3
4650	3478	3
4650	3510	4
4650	3524	4
4650	3552	4
4650	3615	3
4650	3618	1
4650	3703	2
4650	3784	4
4651	99	4
4651	116	4
4651	246	5
4651	351	1
4651	581	3
4651	593	3
4651	759	3
4651	1060	3
4651	1147	4
4651	1234	4
4651	1649	3
4651	1856	5
4651	3072	4
4651	3281	4
4651	3578	2
4651	3618	3
4651	3718	2
4654	17	5
4654	34	4
4654	111	3
4654	296	2
4654	497	5
4654	527	5
4654	728	4
4654	841	4
4654	858	5
4654	909	5
4654	910	5
4654	986	4
4654	1079	4
4654	1094	4
4654	1136	4
4654	1183	5
4654	1223	5
4654	1225	3
4654	1230	4
4654	1234	5
4654	1238	4
4654	1264	5
4654	1265	4
4654	1277	5
4654	1278	2
4654	1333	3
4654	1408	2
4654	1617	4
4654	1806	4
4654	2059	3
4654	2125	3
4654	2396	5
4654	2970	3
4654	2997	4
4654	3088	4
4654	3114	5
4654	3175	4
4654	3545	5
4663	17	4
4663	19	3
4663	26	4
4663	34	5
4663	41	4
4663	42	3
4663	52	2
4663	110	3
4663	111	3
4663	151	3
4663	186	3
4663	231	3
4663	232	4
4663	236	4
4663	247	4
4663	269	3
4663	296	3
4663	307	4
4663	308	4
4663	318	3
4663	339	3
4663	348	3
4663	357	3
4663	446	3
4663	477	3
4663	480	3
4663	483	3
4663	493	3
4663	500	4
4663	506	4
4663	514	2
4663	515	5
4663	518	3
4663	538	4
4663	574	4
4663	587	3
4663	588	3
4663	608	3
4663	671	4
4663	697	3
4663	702	4
4663	728	3
4663	780	3
4663	784	4
4663	805	3
4663	832	3
4663	838	4
4663	858	4
4663	908	4
4663	916	3
4663	924	3
4663	953	4
4663	1003	2
4663	1028	4
4663	1041	3
4663	1042	2
4663	1079	4
4663	1094	4
4663	1131	4
4663	1136	3
4663	1150	4
4663	1171	3
4663	1175	3
4663	1176	4
4663	1183	4
4663	1190	2
4663	1199	3
4663	1200	3
4663	1211	5
4663	1214	4
4663	1220	4
4663	1222	3
4663	1228	4
4663	1234	3
4663	1246	3
4663	1251	4
4663	1271	3
4663	1278	3
4663	1288	3
4663	1292	4
4663	1293	3
4663	1374	3
4663	1394	4
4663	1396	3
4663	1411	4
4663	1466	4
4663	1480	1
4663	1488	2
4663	1566	2
4663	1569	4
4663	1611	3
4663	1641	4
4663	1680	4
4663	1683	4
4663	1721	3
4663	1729	3
4663	1747	2
4663	1784	3
4663	1794	4
4663	1834	4
4663	1888	2
4663	1916	4
4663	1923	4
4663	1954	3
4663	1962	3
4663	1963	4
4663	2010	4
4663	2019	4
4663	2022	2
4663	2075	4
4663	2100	4
4663	2105	1
4663	2112	3
4663	2177	4
4663	2245	3
4663	2247	4
4663	2249	3
4663	2262	3
4663	2264	3
4663	2282	4
4663	2289	4
4663	2295	3
4663	2313	4
4663	2336	3
4663	2390	3
4663	2395	4
4663	2396	4
4663	2411	1
4663	2456	4
4663	2457	2
4663	2474	3
4663	2529	3
4663	2549	1
4663	2590	3
4663	2598	3
4663	2600	4
4663	2640	3
4663	2690	3
4663	2734	3
4663	2745	4
4663	2746	3
4663	2764	3
4663	2877	3
4663	2883	3
4663	2890	3
4663	2916	4
4663	2972	3
4663	2997	5
4663	3033	2
4663	3037	3
4663	3044	2
4663	3090	4
4663	3100	3
4663	3104	3
4663	3114	4
4663	3135	4
4663	3146	3
4663	3169	3
4663	3243	3
4663	3251	3
4663	3252	2
4663	3253	3
4663	3263	3
4663	3304	4
4663	3418	3
4663	3420	3
4663	3424	5
4663	3426	3
4663	3468	4
4663	3471	3
4663	3521	3
4663	3608	4
4663	3638	3
4663	3671	4
4663	3684	3
4663	3698	3
4663	3703	4
4663	3704	4
4663	3707	2
4663	3723	4
4663	3729	3
4663	3740	1
4663	3760	2
4663	3791	2
4663	3793	4
4663	3819	5
4669	588	2
4669	720	5
4669	903	4
4669	969	4
4669	1019	4
4669	1064	3
4669	1193	4
4669	1198	4
4669	1204	4
4669	1214	3
4669	1923	4
4669	2081	3
4669	2396	4
4669	2701	3
4669	2716	4
4669	2761	4
4669	2770	3
4669	3114	4
4669	3157	2
4669	3159	4
4669	3471	5
4677	1028	4
4677	1230	5
4677	1387	4
4677	2302	4
4677	2977	4
4677	2996	5
4677	3783	5
4677	3873	5
4679	299	4
4679	527	4
4679	968	4
4679	1513	3
4679	2336	4
4679	2369	2
4679	2390	4
4679	2395	3
4679	2396	5
4679	2433	3
4679	2526	2
4679	2574	1
4679	2598	3
4679	2670	3
4679	2716	3
4679	2734	2
4679	2763	2
4679	2770	4
4679	2881	2
4679	2908	4
4679	2912	4
4679	2997	4
4679	3006	5
4679	3125	4
4679	3145	1
4679	3157	4
4679	3176	4
4679	3185	5
4679	3354	3
4679	3445	3
4680	6	3
4680	22	4
4680	52	3
4680	70	2
4680	72	5
4680	78	3
4680	95	3
4680	111	5
4680	147	3
4680	215	3
4680	235	3
4680	246	5
4680	296	5
4680	300	5
4680	318	3
4680	348	4
4680	357	4
4680	448	3
4680	457	4
4680	466	3
4680	501	5
4680	515	4
4680	527	4
4680	529	3
4680	532	3
4680	535	5
4680	537	3
4680	549	2
4680	593	5
4680	608	5
4680	707	3
4680	784	2
4680	788	4
4680	832	3
4680	851	2
4680	858	4
4680	903	3
4680	953	3
4680	969	2
4680	1041	4
4680	1051	5
4680	1057	3
4680	1060	5
4680	1078	4
4680	1079	4
4680	1094	5
4680	1136	5
4680	1147	5
4680	1175	2
4680	1183	4
4680	1189	4
4680	1190	4
4680	1193	4
4680	1198	3
4680	1199	3
4680	1206	4
4680	1213	5
4680	1230	5
4680	1234	3
4680	1252	3
4680	1258	4
4680	1265	4
4680	1277	4
4680	1278	5
4680	1292	4
4680	1333	4
4680	1387	4
4680	1388	2
4680	1392	4
4680	1414	3
4680	1449	5
4680	1464	2
4680	1466	4
4680	1484	5
4680	1485	3
4680	1573	4
4680	1594	5
4680	1617	4
4680	1641	4
4680	1649	5
4680	1674	4
4680	1729	5
4680	1834	3
4680	1923	4
4680	1954	4
4680	1963	5
4680	1982	2
4680	2111	4
4680	2289	4
4680	2302	3
4680	2318	5
4680	2347	4
4680	2356	2
4680	2391	5
4680	2395	5
4680	2435	5
4680	2521	4
4680	2535	3
4680	2580	4
4680	2640	2
4680	2716	3
4680	2770	3
4680	2795	3
4680	2844	4
4680	2871	4
4680	2890	4
4680	2908	4
4680	2912	4
4680	2915	3
4680	2967	4
4680	2993	4
4680	2997	4
4680	3015	3
4680	3019	5
4680	3068	3
4680	3100	3
4680	3114	5
4680	3135	3
4680	3176	4
4680	3203	4
4680	3219	4
4680	3253	5
4680	3272	5
4680	3274	3
4680	3281	5
4680	3308	3
4680	3317	2
4680	3359	4
4680	3362	4
4680	3420	4
4680	3421	4
4680	3430	4
4680	3471	3
4680	3551	4
4680	3552	4
4680	3635	4
4680	3676	4
4680	3685	3
4680	3811	3
4680	3812	4
4680	3893	2
4682	6	3
4682	10	3
4682	24	4
4682	34	4
4682	41	5
4682	52	3
4682	89	4
4682	95	3
4682	110	3
4682	151	4
4682	153	1
4682	161	2
4682	170	3
4682	173	2
4682	198	3
4682	205	4
4682	209	4
4682	211	4
4682	222	2
4682	229	4
4682	231	1
4682	232	4
4682	235	4
4682	271	4
4682	276	1
4682	279	3
4682	282	4
4682	293	5
4682	294	4
4682	296	2
4682	299	5
4682	300	3
4682	303	3
4682	312	3
4682	318	4
4682	325	1
4682	329	4
4682	330	2
4682	348	4
4682	351	5
4682	357	4
4682	434	2
4682	446	4
4682	448	4
4682	454	3
4682	457	4
4682	459	4
4682	480	3
4682	488	4
4682	489	4
4682	497	3
4682	500	3
4682	518	3
4682	527	4
4682	529	5
4682	538	5
4682	555	2
4682	580	3
4682	581	4
4682	587	2
4682	588	3
4682	590	3
4682	593	5
4682	595	3
4682	605	4
4682	635	4
4682	647	4
4682	705	4
4682	707	3
4682	735	4
4682	736	1
4682	780	2
4682	805	4
4682	830	4
4682	832	4
4682	858	4
4682	880	3
4682	903	4
4682	908	5
4682	911	4
4682	924	3
4682	933	4
4682	947	5
4682	953	4
4682	969	5
4682	1028	5
4682	1031	3
4682	1032	5
4682	1054	4
4682	1060	3
4682	1079	4
4682	1084	4
4682	1094	4
4682	1135	2
4682	1136	4
4682	1162	4
4682	1171	4
4682	1175	5
4682	1193	5
4682	1198	5
4682	1199	4
4682	1200	1
4682	1201	4
4682	1206	4
4682	1213	1
4682	1214	1
4682	1223	5
4682	1225	4
4682	1227	4
4682	1230	5
4682	1234	4
4682	1242	5
4682	1246	4
4682	1251	4
4682	1258	4
4682	1265	4
4682	1271	4
4682	1272	3
4682	1275	4
4682	1276	5
4682	1277	4
4682	1278	4
4682	1288	4
4682	1289	5
4682	1292	5
4682	1293	4
4682	1297	1
4682	1306	5
4682	1333	4
4682	1356	4
4682	1367	1
4682	1372	4
4682	1373	3
4682	1374	3
4682	1378	2
4682	1387	2
4682	1391	4
4682	1392	5
4682	1393	5
4682	1394	4
4682	1396	4
4682	1401	2
4682	1411	5
4682	1425	4
4682	1441	4
4682	1449	5
4682	1453	2
4682	1480	4
4682	1488	3
4682	1498	4
4682	1516	4
4682	1542	4
4682	1562	2
4682	1573	1
4682	1580	3
4682	1590	1
4682	1610	5
4682	1611	2
4682	1612	4
4682	1616	4
4682	1617	3
4682	1639	4
4682	1641	4
4682	1674	4
4682	1696	5
4682	1699	4
4682	1704	3
4682	1722	3
4682	1734	5
4682	1743	2
4682	1746	4
4682	1747	4
4682	1769	3
4682	1770	4
4682	1779	1
4682	1784	5
4682	1785	4
4682	1791	4
4682	1794	4
4682	1812	5
4682	1827	4
4682	1834	4
4682	1845	4
4682	1880	4
4682	1883	5
4682	1892	4
4682	1899	4
4682	1914	5
4682	1918	2
4682	1949	4
4682	1953	4
4682	1954	3
4682	1955	3
4682	1962	3
4682	1967	5
4682	2001	2
4682	2009	4
4682	2010	4
4682	2011	1
4682	2015	3
4682	2018	4
4682	2019	4
4682	2021	1
4682	2022	4
4682	2024	4
4682	2029	4
4682	2055	1
4682	2078	5
4682	2080	4
4682	2081	3
4682	2100	2
4682	2105	3
4682	2111	2
4682	2132	4
4682	2143	3
4682	2153	3
4682	2161	4
4682	2183	4
4682	2189	5
4682	2193	2
4682	2212	4
4682	2278	3
4682	2280	2
4682	2282	4
4682	2289	5
4682	2295	2
4682	2302	2
4682	2311	3
4682	2312	5
4682	2313	4
4682	2329	4
4682	2336	1
4682	2353	3
4682	2359	4
4682	2369	2
4682	2370	4
4682	2374	2
4682	2390	5
4682	2395	4
4682	2396	2
4682	2397	4
4682	2401	5
4682	2407	3
4682	2408	3
4682	2426	4
4682	2433	4
4682	2437	2
4682	2446	4
4682	2468	3
4682	2471	3
4682	2507	5
4682	2511	3
4682	2539	4
4682	2583	5
4682	2600	4
4682	2607	5
4682	2620	3
4682	2629	4
4682	2640	3
4682	2642	2
4682	2672	4
4682	2674	3
4682	2690	4
4682	2692	5
4682	2701	2
4682	2709	4
4682	2712	1
4682	2716	2
4682	2729	4
4682	2734	5
4682	2739	4
4682	2746	4
4682	2761	5
4682	2763	5
4682	2764	4
4682	2767	1
4682	2770	3
4682	2788	5
4682	2794	1
4682	2795	1
4682	2819	4
4682	2826	3
4682	2829	2
4682	2871	3
4682	2883	5
4682	2890	5
4682	2912	5
4682	2916	4
4682	2919	5
4682	2922	4
4682	2951	4
4682	2963	5
4682	2977	4
4682	2993	3
4682	2997	5
4682	3006	4
4682	3020	4
4682	3033	2
4682	3036	2
4682	3039	2
4682	3040	1
4682	3043	1
4682	3044	4
4682	3053	2
4682	3072	5
4682	3077	5
4682	3088	4
4682	3090	5
4682	3107	3
4682	3114	4
4682	3145	2
4682	3146	1
4682	3148	2
4682	3169	4
4682	3175	4
4682	3178	4
4682	3211	4
4682	3223	1
4682	3240	5
4682	3247	3
4682	3251	4
4682	3252	4
4682	3256	4
4682	3302	5
4682	3317	4
4682	3325	5
4682	3354	3
4682	3398	4
4682	3418	4
4682	3420	5
4682	3421	1
4682	3424	5
4682	3429	5
4682	3450	4
4682	3468	4
4682	3471	4
4682	3476	5
4682	3479	5
4682	3508	4
4682	3510	4
4682	3513	4
4682	3515	5
4682	3537	4
4682	3538	5
4682	3551	4
4682	3552	1
4682	3578	4
4682	3608	5
4682	3615	2
4682	3633	4
4682	3634	5
4682	3635	3
4682	3638	3
4682	3671	3
4682	3676	5
4682	3681	4
4682	3685	3
4682	3698	3
4682	3700	5
4682	3702	4
4682	3703	1
4682	3704	2
4682	3719	3
4682	3723	4
4682	3744	3
4682	3745	3
4682	3754	4
4682	3786	5
4682	3793	4
4682	3811	5
4682	3820	4
4682	3841	4
4682	3858	4
4682	3879	3
4682	3893	4
4682	3896	3
4682	3932	5
4682	3952	5
4696	480	4
4696	1863	3
4696	2746	4
4696	3033	5
4696	3157	5
4696	3176	1
4696	3513	4
4696	3552	4
4696	3578	4
4696	3615	3
4696	3669	3
4702	296	4
4702	318	5
4702	527	5
4702	593	4
4702	908	4
4702	1193	5
4702	1198	4
4702	1200	3
4702	1213	3
4702	1225	4
4702	1230	3
4702	1258	4
4702	1272	4
4702	1617	4
4702	1747	3
4702	2501	4
4702	2908	4
4702	2997	4
4705	17	5
4705	22	5
4705	34	4
4705	110	5
4705	144	4
4705	163	2
4705	222	3
4705	236	5
4705	300	4
4705	318	4
4705	339	4
4705	342	5
4705	441	4
4705	454	3
4705	480	4
4705	527	4
4705	587	5
4705	588	4
4705	590	5
4705	593	4
4705	595	4
4705	628	5
4705	720	4
4705	780	4
4705	805	5
4705	830	3
4705	838	5
4705	903	5
4705	908	4
4705	911	5
4705	915	4
4705	916	5
4705	932	5
4705	933	5
4705	940	4
4705	943	5
4705	947	4
4705	953	5
4705	956	4
4705	1013	5
4705	1025	4
4705	1028	4
4705	1032	3
4705	1059	1
4705	1079	4
4705	1084	4
4705	1086	4
4705	1088	4
4705	1198	4
4705	1225	4
4705	1242	5
4705	1246	5
4705	1333	4
4705	1374	1
4705	1387	3
4705	1393	3
4705	1610	4
4705	1641	5
4705	1683	4
4705	1689	4
4705	1704	5
4705	1721	5
4705	1727	3
4705	1784	3
4705	1835	3
4705	1888	5
4705	1895	3
4705	1923	3
4705	1962	3
4705	2018	4
4705	2078	3
4705	2080	5
4705	2081	4
4705	2100	3
4705	2125	4
4705	2302	3
4705	2329	5
4705	2336	5
4705	2341	5
4705	2359	5
4705	2396	5
4705	2407	3
4705	2424	4
4705	2490	5
4705	2606	1
4705	2617	4
4705	2716	3
4705	2747	3
4705	2804	4
4705	2881	3
4705	2915	4
4705	2916	1
4705	3088	4
4705	3100	4
4705	3114	4
4705	3145	3
4705	3252	4
4705	3253	4
4705	3461	4
4705	3477	5
4705	3499	4
4705	3508	2
4705	3578	5
4705	3608	3
4705	3668	5
4705	3714	4
4705	3723	5
4705	3740	2
4705	3753	5
4709	36	3
4709	318	4
4709	527	5
4709	593	5
4709	608	2
4709	1079	4
4709	1198	5
4709	1220	5
4709	1225	4
4709	1246	4
4709	1288	2
4709	1293	4
4709	1674	3
4709	1704	5
4709	1957	4
4709	1962	3
4709	2081	3
4709	2100	3
4709	2312	3
4709	2407	2
4709	2871	2
4709	3072	4
4709	3418	5
4709	3505	3
4709	3552	2
4711	34	3
4711	110	5
4711	186	2
4711	329	4
4711	348	1
4711	357	1
4711	441	4
4711	480	5
4711	500	3
4711	512	4
4711	514	4
4711	588	2
4711	590	3
4711	780	2
4711	785	5
4711	788	4
4711	842	3
4711	1094	1
4711	1198	5
4711	1201	5
4711	1215	4
4711	1265	5
4711	1275	5
4711	1339	5
4711	1342	5
4711	1346	3
4711	1356	4
4711	1372	4
4711	1374	3
4711	1378	5
4711	1379	5
4711	1387	5
4711	1485	3
4711	1573	3
4711	1580	4
4711	1641	3
4711	1721	4
4711	1917	3
4711	1918	3
4711	1923	5
4711	1954	4
4711	1973	4
4711	2012	4
4711	2302	4
4711	2401	5
4711	2617	5
4711	2722	4
4711	2826	2
4711	2890	3
4711	2916	4
4711	2921	4
4711	2922	4
4711	2951	5
4711	2995	4
4711	3114	5
4711	3255	3
4711	3269	3
4711	3450	4
4711	3499	3
4711	3508	5
4711	3527	4
4711	3635	5
4711	3681	4
4711	3703	4
4715	6	5
4715	10	4
4715	17	3
4715	34	4
4715	52	4
4715	70	3
4715	89	3
4715	95	3
4715	110	4
4715	111	3
4715	122	4
4715	145	3
4715	147	3
4715	153	3
4715	163	4
4715	173	2
4715	180	2
4715	231	4
4715	235	4
4715	296	5
4715	318	5
4715	339	3
4715	348	4
4715	372	3
4715	376	3
4715	434	2
4715	441	4
4715	457	4
4715	459	4
4715	466	4
4715	480	4
4715	493	5
4715	494	4
4715	497	4
4715	500	4
4715	514	4
4715	527	5
4715	555	4
4715	588	3
4715	593	4
4715	608	5
4715	720	5
4715	736	2
4715	780	3
4715	784	4
4715	785	4
4715	786	4
4715	788	4
4715	849	4
4715	858	4
4715	861	4
4715	924	4
4715	969	5
4715	1042	4
4715	1060	5
4715	1079	5
4715	1088	3
4715	1091	4
4715	1135	3
4715	1136	5
4715	1193	5
4715	1198	5
4715	1199	4
4715	1200	5
4715	1206	5
4715	1213	5
4715	1214	5
4715	1220	5
4715	1222	4
4715	1223	3
4715	1230	3
4715	1234	4
4715	1241	5
4715	1242	5
4715	1246	5
4715	1252	4
4715	1257	4
4715	1258	5
4715	1261	3
4715	1272	5
4715	1275	2
4715	1276	5
4715	1292	4
4715	1297	4
4715	1356	4
4715	1372	4
4715	1373	3
4715	1374	4
4715	1379	4
4715	1387	5
4715	1391	4
4715	1394	5
4715	1396	4
4715	1407	4
4715	1425	2
4715	1432	4
4715	1441	4
4715	1466	4
4715	1485	4
4715	1499	1
4715	1566	3
4715	1573	3
4715	1580	4
4715	1590	3
4715	1610	4
4715	1617	5
4715	1639	5
4715	1673	3
4715	1674	5
4715	1690	3
4715	1704	5
4715	1722	4
4715	1747	4
4715	1784	4
4715	1845	4
4715	1882	2
4715	1895	3
4715	1912	4
4715	1917	3
4715	1918	4
4715	1923	4
4715	1953	4
4715	1967	4
4715	1982	5
4715	1992	1
4715	1993	1
4715	1997	5
4715	2001	4
4715	2004	4
4715	2011	3
4715	2012	2
4715	2023	4
4715	2038	4
4715	2041	4
4715	2050	2
4715	2053	4
4715	2058	4
4715	2081	4
4715	2097	4
4715	2100	4
4715	2105	4
4715	2110	4
4715	2111	4
4715	2118	3
4715	2120	4
4715	2121	4
4715	2138	4
4715	2193	3
4715	2245	3
4715	2252	4
4715	2278	4
4715	2289	3
4715	2307	3
4715	2329	4
4715	2353	5
4715	2380	3
4715	2391	4
4715	2395	4
4715	2396	4
4715	2407	4
4715	2416	3
4715	2456	2
4715	2458	3
4715	2459	4
4715	2469	3
4715	2471	3
4715	2485	2
4715	2490	4
4715	2500	1
4715	2539	4
4715	2567	3
4715	2580	4
4715	2598	4
4715	2606	3
4715	2640	5
4715	2642	2
4715	2701	1
4715	2716	4
4715	2722	3
4715	2726	4
4715	2735	3
4715	2746	4
4715	2770	4
4715	2794	4
4715	2795	4
4715	2796	3
4715	2804	5
4715	2815	1
4715	2816	1
4715	2871	5
4715	2890	4
4715	2912	3
4715	2916	4
4715	2986	3
4715	2990	4
4715	2995	1
4715	2997	4
4715	3020	4
4715	3029	4
4715	3039	4
4715	3043	1
4715	3104	5
4715	3107	4
4715	3114	4
4715	3196	4
4715	3198	4
4715	3253	4
4715	3255	4
4715	3256	4
4715	3267	4
4715	3362	4
4715	3398	4
4715	3401	3
4715	3418	4
4715	3421	4
4715	3438	4
4715	3450	4
4715	3471	4
4715	3495	4
4715	3499	4
4715	3524	4
4715	3527	5
4715	3552	5
4715	3555	3
4715	3578	3
4715	3635	4
4715	3638	3
4715	3671	3
4715	3685	4
4715	3693	2
4715	3695	1
4715	3697	3
4715	3698	2
4715	3703	3
4715	3707	2
4715	3709	1
4715	3728	4
4715	3758	3
4715	3791	4
4729	17	5
4729	36	4
4729	147	5
4729	246	5
4729	318	4
4729	357	4
4729	432	3
4729	454	4
4729	480	3
4729	497	5
4729	506	4
4729	529	4
4729	535	5
4729	590	4
4729	608	4
4729	647	4
4729	736	3
4729	830	3
4729	1042	4
4729	1094	4
4729	1147	5
4729	1183	4
4729	1198	2
4729	1220	3
4729	1222	5
4729	1225	5
4729	1242	5
4729	1246	4
4729	1265	4
4729	1271	5
4729	1293	5
4729	1357	4
4729	1363	4
4729	1396	3
4729	1401	4
4729	1408	4
4729	1441	4
4729	1449	4
4729	1487	5
4729	1513	3
4729	1542	4
4729	1569	3
4729	1580	3
4729	1617	5
4729	1624	4
4729	1633	3
4729	1641	5
4729	1646	3
4729	1673	3
4729	1674	3
4729	1680	4
4729	1704	5
4729	1721	3
4729	1727	3
4729	1747	4
4729	1784	3
4729	1835	4
4729	1883	4
4729	1888	4
4729	1957	4
4729	1962	5
4729	2011	3
4729	2081	4
4729	2112	4
4729	2123	3
4729	2125	3
4729	2142	4
4729	2272	4
4729	2302	4
4729	2312	5
4729	2336	4
4729	2359	5
4729	2389	4
4729	2390	5
4729	2391	4
4729	2395	4
4729	2396	4
4729	2424	4
4729	2442	5
4729	2469	3
4729	2471	3
4729	2474	4
4729	2485	4
4729	2501	4
4729	2539	3
4729	2567	4
4729	2598	4
4729	2712	4
4729	2716	3
4729	2763	3
4729	2770	3
4729	2908	5
4729	2953	1
4729	3006	4
4729	3068	4
4729	3114	4
4729	3157	3
4729	3176	4
4729	3243	1
4729	3247	3
4729	3251	4
4729	3253	3
4729	3255	4
4729	3263	3
4729	3269	4
4729	3418	5
4729	3424	5
4729	3450	4
4729	3489	3
4729	3500	3
4729	3524	2
4729	3649	4
4729	3684	4
4730	1198	4
4730	1264	3
4730	2915	4
4730	3551	4
4730	3729	3
4730	3733	4
4730	3734	4
4730	3737	5
4730	3738	4
4730	3740	2
4730	3789	4
4730	3791	4
4730	3792	4
4741	44	3
4741	296	5
4741	608	5
4741	858	5
4741	922	4
4741	1198	4
4741	1213	5
4741	1230	5
4741	1617	5
4741	1918	3
4741	2073	4
4741	3062	4
4741	3114	4
4741	3649	3
4742	6	4
4742	34	2
4742	89	3
4742	95	3
4742	161	5
4742	246	4
4742	296	5
4742	330	1
4742	376	2
4742	454	3
4742	457	4
4742	493	4
4742	494	3
4742	532	2
4742	537	3
4742	555	4
4742	587	3
4742	593	5
4742	608	5
4742	736	2
4742	785	4
4742	858	4
4742	891	3
4742	903	5
4742	908	5
4742	924	4
4742	933	5
4742	953	4
4742	969	5
4742	999	4
4742	1092	3
4742	1136	4
4742	1200	2
4742	1213	4
4742	1214	4
4742	1225	4
4742	1258	5
4742	1261	3
4742	1278	4
4742	1288	3
4742	1293	4
4742	1333	5
4742	1339	3
4742	1347	3
4742	1387	4
4742	1388	3
4742	1396	2
4742	1407	3
4742	1466	3
4742	1573	3
4742	1610	5
4742	1617	3
4742	1729	4
4742	1917	3
4742	1918	2
4742	1924	3
4742	1950	3
4742	1970	2
4742	1972	2
4742	1973	2
4742	1974	3
4742	1975	3
4742	1979	2
4742	1982	4
4742	1986	2
4742	1992	2
4742	1994	4
4742	1995	2
4742	2001	2
4742	2023	3
4742	2058	3
4742	2097	2
4742	2110	2
4742	2120	3
4742	2121	3
4742	2183	5
4742	2202	5
4742	2212	4
4742	2289	4
4742	2315	2
4742	2318	4
4742	2320	3
4742	2329	5
4742	2353	3
4742	2391	3
4742	2433	3
4742	2548	2
4742	2580	5
4742	2581	4
4742	2598	4
4742	2692	4
4742	2714	3
4742	2716	3
4742	2722	2
4742	2746	2
4742	2804	5
4742	2871	5
4742	2881	3
4742	2903	2
4742	2976	3
4742	2997	4
4742	3005	4
4742	3044	2
4742	3176	4
4742	3256	4
4742	3267	4
4742	3359	3
4742	3424	4
4742	3471	4
4742	3476	2
4742	3499	4
4742	3505	3
4742	3521	4
4742	3527	3
4742	3587	3
4742	3678	3
4742	3709	1
4742	3729	4
4742	3782	3
4745	5	4
4745	34	3
4745	151	3
4745	235	1
4745	296	2
4745	434	4
4745	454	3
4745	527	5
4745	736	5
4745	741	4
4745	780	4
4745	953	5
4745	1003	5
4745	1028	4
4745	1079	2
4745	1094	5
4745	1104	5
4745	1136	4
4745	1193	5
4745	1225	5
4745	1230	5
4745	1246	5
4745	1257	5
4745	1438	5
4745	1639	5
4745	1704	5
4745	1947	5
4745	1962	3
4745	2081	2
4745	2232	5
4745	2248	5
4745	2369	1
4745	2396	5
4745	2716	4
4745	2746	1
4745	2794	5
4745	2795	5
4745	2804	5
4745	2883	3
4745	2997	4
4745	3033	2
4745	3044	5
4745	3114	3
4745	3157	3
4745	3252	3
4745	3362	2
4745	3418	4
4745	3461	5
4745	3489	3
4745	3499	1
4745	3552	1
4745	3608	3
4745	3744	1
4748	10	4
4748	17	5
4748	34	5
4748	157	3
4748	161	5
4748	222	5
4748	232	5
4748	296	3
4748	318	5
4748	339	4
4748	351	5
4748	357	5
4748	371	3
4748	372	2
4748	410	4
4748	419	3
4748	429	2
4748	432	3
4748	454	3
4748	489	3
4748	494	4
4748	497	4
4748	500	5
4748	515	2
4748	518	2
4748	527	5
4748	538	3
4748	587	5
4748	590	5
4748	593	5
4748	595	5
4748	605	4
4748	608	5
4748	647	5
4748	720	5
4748	728	2
4748	780	3
4748	805	4
4748	830	3
4748	832	3
4748	858	5
4748	905	5
4748	908	5
4748	909	5
4748	910	5
4748	914	5
4748	924	4
4748	932	4
4748	934	3
4748	940	5
4748	943	5
4748	947	5
4748	953	5
4748	969	4
4748	1020	4
4748	1029	5
4748	1030	4
4748	1031	4
4748	1041	5
4748	1079	3
4748	1084	4
4748	1086	5
4748	1088	3
4748	1091	3
4748	1092	4
4748	1094	5
4748	1136	4
4748	1198	5
4748	1201	4
4748	1225	5
4748	1234	5
4748	1238	4
4748	1246	3
4748	1265	5
4748	1271	5
4748	1276	5
4748	1288	3
4748	1292	4
4748	1297	5
4748	1333	5
4748	1340	5
4748	1372	5
4748	1374	5
4748	1390	3
4748	1391	5
4748	1393	3
4748	1396	5
4748	1480	4
4748	1485	4
4748	1513	3
4748	1580	4
4748	1610	5
4748	1617	5
4748	1621	4
4748	1641	5
4748	1648	3
4748	1704	5
4748	1721	5
4748	1722	5
4748	1729	5
4748	1747	5
4748	1784	5
4748	1845	4
4748	1923	5
4748	1927	5
4748	1947	5
4748	1955	3
4748	2001	4
4748	2011	4
4748	2012	4
4748	2023	2
4748	2053	4
4748	2059	4
4748	2078	5
4748	2080	5
4748	2081	5
4748	2151	4
4748	2252	4
4748	2311	3
4748	2369	4
4748	2396	5
4748	2405	5
4748	2407	5
4748	2424	4
4748	2469	3
4748	2471	3
4748	2520	5
4748	2529	5
4748	2539	5
4748	2581	3
4748	2670	5
4748	2701	3
4748	2716	5
4748	2735	3
4748	2752	3
4748	2819	5
4748	2842	4
4748	2846	3
4748	2870	3
4748	2881	4
4748	2915	5
4748	2917	5
4748	2993	5
4748	3020	2
4748	3039	5
4748	3040	4
4748	3072	4
4748	3100	2
4748	3102	5
4748	3107	3
4748	3114	4
4748	3176	5
4748	3244	5
4748	3252	4
4748	3253	5
4748	3255	5
4748	3263	4
4748	3334	5
4748	3418	5
4748	3424	5
4748	3430	4
4748	3447	5
4748	3450	5
4748	3471	4
4748	3501	5
4748	3538	2
4748	3555	2
4748	3590	3
4748	3635	5
4748	3671	5
4748	3685	2
4748	3712	3
4748	3784	3
4748	3893	4
4750	147	5
4750	180	2
4750	189	3
4750	231	5
4750	296	5
4750	378	3
4750	457	3
4750	480	4
4750	514	4
4750	587	4
4750	588	5
4750	593	5
4750	595	5
4750	631	3
4750	709	3
4750	783	4
4750	832	5
4750	910	4
4750	918	4
4750	1013	2
4750	1024	3
4750	1025	4
4750	1028	3
4750	1029	3
4750	1030	3
4750	1032	4
4750	1064	3
4750	1079	4
4750	1088	3
4750	1130	3
4750	1198	5
4750	1200	4
4750	1213	5
4750	1220	4
4750	1222	5
4750	1257	3
4750	1258	5
4750	1265	4
4750	1278	3
4750	1286	5
4750	1288	3
4750	1290	3
4750	1297	4
4750	1367	4
4750	1393	5
4750	1394	4
4750	1487	4
4750	1566	4
4750	1580	4
4750	1688	4
4750	1920	3
4750	1923	5
4750	1947	5
4750	1962	5
4750	1973	3
4750	1994	4
4750	2018	4
4750	2078	3
4750	2080	3
4750	2081	5
4750	2100	2
4750	2102	3
4750	2123	4
4750	2142	4
4750	2146	5
4750	2248	4
4750	2262	4
4750	2302	4
4750	2312	4
4750	2369	3
4750	2405	3
4750	2407	5
4750	2468	3
4750	2474	3
4750	2581	5
4750	2716	5
4750	2739	5
4750	2746	4
4750	2795	5
4750	2804	5
4750	2876	3
4750	2899	5
4750	2915	3
4750	2916	4
4750	2971	3
4750	3034	4
4750	3039	4
4750	3072	3
4750	3100	5
4750	3114	4
4750	3213	3
4750	3253	5
4750	3421	4
4750	3426	3
4750	3477	3
4750	3499	5
4750	3505	4
4750	3524	4
4750	3552	4
4750	3602	3
4750	3608	3
4750	3649	4
4750	3675	4
4750	3684	3
4750	3712	4
4752	17	5
4752	36	4
4752	497	5
4752	908	4
4752	911	4
4752	933	4
4752	1066	4
4752	1230	5
4752	1265	4
4752	1398	3
4752	1571	4
4752	1912	2
4752	2057	3
4752	2146	4
4752	2248	5
4752	2692	4
4752	3668	5
4758	17	4
4758	36	3
4758	527	5
4758	529	4
4758	858	4
4758	1183	2
4758	1393	4
4758	1704	5
4758	1721	4
4758	2336	5
4758	2903	4
4758	3005	4
4758	3148	5
4758	3555	1
4769	19	1
4769	376	3
4769	410	3
4769	588	4
4769	593	5
4769	924	4
4769	926	4
4769	929	4
4769	940	5
4769	969	4
4769	1019	5
4769	1079	4
4769	1200	4
4769	1214	5
4769	1367	2
4769	1609	1
4769	2015	2
4769	2072	5
4769	2262	4
4769	2311	4
4769	3693	1
4769	3697	2
4769	3698	4
4769	3702	4
4769	3703	4
4769	3704	4
4769	3707	2
4769	3708	4
4769	3710	1
4769	3712	3
4769	3723	4
4769	3733	4
4769	3740	5
4769	3766	1
4769	3791	4
4770	296	4
4770	588	4
4770	608	1
4770	908	3
4770	969	4
4770	1136	5
4770	1288	4
4770	1721	3
4770	1914	4
4770	2336	5
4770	2396	4
4770	2690	4
4770	2692	5
4770	2701	2
4770	2716	4
4770	2881	4
4770	3175	4
4770	3471	3
4775	527	3
4775	2889	4
4775	2976	5
4775	2979	3
4775	2997	5
4775	3238	2
4775	3700	3
4777	480	5
4777	1198	5
4777	1215	4
4777	1261	4
4777	1275	3
4777	1278	5
4777	1580	4
4777	1806	4
4777	2161	5
4777	2640	4
4777	2871	3
4777	3104	3
4777	3461	4
4777	3703	5
4778	318	5
4778	381	4
4778	454	5
4778	830	5
4778	858	2
4778	1193	3
4778	1414	4
4778	1665	5
4778	1784	5
4778	1888	5
4778	1923	5
4778	2078	4
4778	2506	5
4778	2794	4
4778	2795	5
4778	2804	5
4778	3072	4
4778	3114	5
4778	3359	3
4778	3421	3
4787	1094	4
4787	1193	5
4787	2908	4
4787	2912	3
4787	2976	1
4787	3006	4
4787	3077	3
4787	3118	3
4787	3145	3
4787	3176	3
4787	3185	1
4787	3618	2
4787	3783	4
4790	22	3
4790	24	2
4790	41	4
4790	95	1
4790	110	4
4790	111	4
4790	161	3
4790	231	4
4790	232	3
4790	236	2
4790	247	2
4790	293	3
4790	296	5
4790	308	4
4790	339	2
4790	342	3
4790	352	3
4790	365	3
4790	372	4
4790	373	4
4790	376	2
4790	381	3
4790	410	3
4790	441	4
4790	446	4
4790	454	4
4790	457	4
4790	465	3
4790	477	4
4790	480	3
4790	488	2
4790	497	3
4790	500	3
4790	506	4
4790	537	3
4790	573	3
4790	574	3
4790	587	3
4790	590	3
4790	593	5
4790	608	4
4790	628	4
4790	766	3
4790	780	4
4790	832	3
4790	850	4
4790	858	4
4790	866	2
4790	997	3
4790	999	3
4790	1034	4
4790	1059	4
4790	1060	4
4790	1078	3
4790	1092	3
4790	1094	5
4790	1175	3
4790	1183	4
4790	1190	4
4790	1213	4
4790	1237	4
4790	1246	3
4790	1265	3
4790	1271	4
4790	1333	4
4790	1339	2
4790	1387	3
4790	1394	4
4790	1407	3
4790	1446	5
4790	1449	3
4790	1480	3
4790	1507	3
4790	1533	4
4790	1542	1
4790	1580	3
4790	1611	4
4790	1613	3
4790	1617	4
4790	1647	1
4790	1648	3
4790	1673	5
4790	1674	3
4790	1699	4
4790	1704	3
4790	1729	4
4790	1734	4
4790	1747	1
4790	1784	2
4790	1816	2
4790	1834	4
4790	1863	1
4790	1900	4
4790	1916	4
4790	1917	2
4790	1923	5
4790	1954	3
4790	1955	4
4790	1962	3
4790	2001	3
4790	2023	4
4790	2112	3
4790	2146	4
4790	2245	3
4790	2247	2
4790	2280	4
4790	2302	3
4790	2313	4
4790	2329	4
4790	2369	2
4790	2391	4
4790	2396	4
4790	2435	1
4790	2540	3
4790	2551	3
4790	2598	2
4790	2609	4
4790	2610	4
4790	2692	4
4790	2712	1
4790	2731	5
4790	2881	2
4790	2908	4
4790	2912	3
4790	2997	5
4790	3006	4
4790	3019	5
4790	3020	3
4790	3033	3
4790	3044	3
4790	3051	3
4790	3090	3
4790	3102	4
4790	3107	4
4790	3148	4
4790	3175	3
4790	3238	3
4790	3247	2
4790	3252	3
4790	3253	4
4790	3255	3
4790	3256	4
4790	3263	3
4790	3267	3
4790	3269	3
4790	3274	3
4790	3317	4
4790	3418	4
4790	3471	4
4790	3478	4
4790	3490	2
4790	3499	3
4790	3521	3
4790	3552	3
4790	3555	4
4790	3578	5
4790	3608	4
4790	3635	4
4790	3638	4
4790	3728	4
4790	3746	3
4790	3747	3
4790	3783	5
4790	3791	3
4790	3819	5
4790	3844	4
4790	3910	5
4790	3927	3
4790	3952	3
4793	6	4
4793	31	3
4793	34	4
4793	36	5
4793	70	2
4793	105	2
4793	140	1
4793	151	3
4793	215	4
4793	222	3
4793	246	5
4793	300	3
4793	317	2
4793	318	5
4793	339	4
4793	362	2
4793	372	4
4793	376	3
4793	454	3
4793	493	4
4793	497	3
4793	510	1
4793	514	3
4793	515	2
4793	527	4
4793	580	1
4793	588	4
4793	593	4
4793	608	5
4793	783	3
4793	805	2
4793	838	5
4793	1041	4
4793	1060	4
4793	1094	3
4793	1198	5
4793	1213	5
4793	1271	2
4793	1333	4
4793	1357	3
4793	1407	2
4793	1441	2
4793	1466	4
4793	1480	1
4793	1484	4
4793	1569	1
4793	1573	3
4793	1616	2
4793	1617	5
4793	1641	4
4793	1680	4
4793	1704	3
4793	1727	2
4793	1835	3
4793	1845	3
4793	1912	5
4793	2012	1
4793	2023	3
4793	2112	1
4793	2249	1
4793	2278	4
4793	2280	4
4793	2329	3
4793	2336	5
4793	2353	4
4793	2391	3
4793	2396	5
4793	2490	4
4793	2520	5
4793	2580	5
4793	2583	3
4793	2617	2
4793	2690	2
4793	2712	4
4793	2770	4
4793	2826	1
4793	2890	5
4793	2916	2
4793	2997	2
4793	3044	3
4793	3100	5
4793	3102	4
4793	3125	3
4793	3176	5
4793	3238	3
4793	3252	3
4793	3253	4
4793	3263	2
4793	3418	5
4793	3425	4
4793	3476	5
4793	3499	4
4793	3578	5
4793	3697	1
4796	24	3
4796	34	4
4796	44	3
4796	95	2
4796	198	4
4796	203	4
4796	205	5
4796	235	4
4796	242	3
4796	247	4
4796	277	2
4796	296	4
4796	299	3
4796	321	4
4796	324	4
4796	329	3
4796	352	3
4796	357	3
4796	376	3
4796	410	4
4796	446	5
4796	477	5
4796	480	3
4796	500	4
4796	506	4
4796	532	4
4796	550	4
4796	581	5
4796	588	4
4796	590	4
4796	593	4
4796	595	5
4796	608	5
4796	653	1
4796	720	4
4796	728	3
4796	736	2
4796	743	3
4796	780	3
4796	784	1
4796	830	3
4796	837	4
4796	849	2
4796	851	3
4796	858	5
4796	896	4
4796	903	4
4796	910	5
4796	914	4
4796	916	4
4796	922	4
4796	924	3
4796	933	4
4796	945	4
4796	947	3
4796	969	4
4796	1028	3
4796	1031	2
4796	1046	4
4796	1079	3
4796	1084	4
4796	1094	4
4796	1136	4
4796	1167	3
4796	1171	4
4796	1199	3
4796	1206	2
4796	1214	4
4796	1234	3
4796	1265	3
4796	1271	4
4796	1276	4
4796	1356	3
4796	1372	4
4796	1373	1
4796	1374	4
4796	1387	2
4796	1391	4
4796	1394	4
4796	1396	3
4796	1466	3
4796	1513	2
4796	1542	4
4796	1562	3
4796	1569	2
4796	1580	4
4796	1611	4
4796	1613	3
4796	1617	5
4796	1639	3
4796	1641	4
4796	1673	3
4796	1704	5
4796	1734	4
4796	1747	3
4796	1794	4
4796	1883	4
4796	1914	5
4796	1947	4
4796	1954	2
4796	1967	3
4796	1997	3
4796	2010	5
4796	2012	1
4796	2019	5
4796	2021	3
4796	2029	3
4796	2093	4
4796	2097	4
4796	2100	4
4796	2125	3
4796	2138	3
4796	2143	3
4796	2161	3
4796	2173	4
4796	2193	2
4796	2289	3
4796	2336	4
4796	2385	3
4796	2390	5
4796	2396	4
4796	2405	3
4796	2468	3
4796	2529	3
4796	2617	1
4796	2626	4
4796	2690	4
4796	2692	5
4796	2716	3
4796	2746	4
4796	2761	4
4796	2763	4
4796	2883	4
4796	2890	5
4796	2919	4
4796	2971	4
4796	2976	1
4796	2997	5
4796	3044	3
4796	3061	2
4796	3094	4
4796	3100	5
4796	3114	4
4796	3125	5
4796	3145	3
4796	3175	4
4796	3176	4
4796	3247	4
4796	3253	4
4796	3317	5
4796	3418	5
4796	3476	3
4796	3479	4
4796	3545	5
4796	3578	4
4796	3633	5
4796	3638	3
4796	3698	3
4796	3700	4
4796	3702	4
4796	3703	3
4796	3704	3
4796	3791	4
4797	34	2
4797	203	4
4797	339	5
4797	351	5
4797	355	4
4797	378	4
4797	410	3
4797	500	5
4797	588	5
4797	838	5
4797	1020	5
4797	1042	2
4797	1113	5
4797	1230	1
4797	1265	5
4797	1390	4
4797	1414	5
4797	1441	5
4797	1485	5
4797	1689	5
4797	2424	5
4797	2520	4
4797	3157	3
4797	3175	3
4797	3247	5
4797	3253	1
4797	3450	5
4798	41	4
4798	329	4
4798	454	3
4798	480	2
4798	610	3
4798	671	5
4798	780	3
4798	799	4
4798	849	1
4798	1028	5
4798	1086	3
4798	1199	3
4798	1200	5
4798	1206	5
4798	1214	5
4798	1230	5
4798	1258	5
4798	1333	3
4798	1356	5
4798	1372	4
4798	1373	2
4798	1374	4
4798	1387	5
4798	1580	3
4798	1639	5
4798	1721	4
4798	1779	2
4798	1997	4
4798	2001	4
4798	2009	3
4798	2011	3
4798	2021	4
4798	2022	3
4798	2311	5
4798	2369	1
4798	2459	3
4798	2529	4
4798	2532	3
4798	2533	3
4798	2716	5
4798	2804	5
4798	2976	2
4798	2997	5
4798	3044	4
4798	3102	2
4798	3354	1
4798	3476	5
4798	3527	2
4798	3552	5
4798	3608	3
4798	3635	3
4798	3638	2
4798	3663	3
4798	3698	3
4798	3702	3
4798	3704	1
4798	3753	3
4805	34	3
4805	318	5
4805	329	3
4805	529	5
4805	1356	5
4805	1372	4
4805	1373	2
4805	1374	4
4805	1680	5
4805	2100	2
4805	2396	5
4805	2501	5
4805	2997	4
4805	3745	4
4805	3754	3
4805	3793	4
4807	34	4
4807	111	1
4807	296	5
4807	318	4
4807	785	3
4807	858	5
4807	916	4
4807	926	1
4807	940	3
4807	945	5
4807	953	1
4807	1178	2
4807	1193	4
4807	1198	5
4807	1204	1
4807	1225	4
4807	1230	5
4807	1234	4
4807	1238	3
4807	1252	3
4807	1265	5
4807	1272	4
4807	1283	5
4807	1287	5
4807	1387	5
4807	1617	4
4807	1674	4
4807	1704	3
4807	1947	5
4807	1953	2
4807	2023	5
4807	2287	4
4807	2336	4
4807	2664	4
4807	2804	5
4807	2871	2
4807	3086	4
4807	3251	4
4807	3359	4
4807	3362	4
4807	3406	4
4807	3421	3
4807	3471	3
4807	3508	3
4807	3578	2
4807	3668	4
4809	52	4
4809	144	4
4809	318	4
4809	357	4
4809	527	5
4809	529	4
4809	593	4
4809	608	5
4809	728	4
4809	780	3
4809	858	5
4809	901	4
4809	903	5
4809	908	5
4809	914	5
4809	924	5
4809	933	5
4809	938	4
4809	969	4
4809	1028	4
4809	1094	4
4809	1189	4
4809	1213	4
4809	1214	4
4809	1225	5
4809	1230	4
4809	1242	5
4809	1252	5
4809	1264	5
4809	1265	4
4809	1271	4
4809	1283	5
4809	1357	4
4809	1387	4
4809	1393	3
4809	1569	4
4809	1610	4
4809	1633	3
4809	1641	5
4809	1674	3
4809	1704	4
4809	1747	4
4809	1947	5
4809	1953	4
4809	1964	4
4809	2018	5
4809	2080	5
4809	2130	3
4809	2142	4
4809	2262	3
4809	2302	4
4809	2349	4
4809	2359	4
4809	2424	3
4809	2433	4
4809	2493	5
4809	2539	4
4809	2763	4
4809	2919	4
4809	2983	3
4809	2993	4
4809	3044	5
4809	3062	4
4809	3090	4
4809	3100	3
4809	3255	3
4809	3256	4
4809	3284	2
4809	3418	4
4809	3633	4
4809	3634	5
4809	3638	3
4809	3654	3
4809	3671	4
4809	3685	5
4809	3720	3
4809	3733	4
4809	3789	4
4809	3811	4
4824	34	4
4824	111	4
4824	161	4
4824	180	2
4824	236	2
4824	277	4
4824	296	2
4824	300	4
4824	318	5
4824	357	3
4824	371	4
4824	392	1
4824	480	4
4824	527	5
4824	529	4
4824	590	5
4824	593	4
4824	608	4
4824	728	5
4824	736	2
4824	780	2
4824	788	2
4824	858	5
4824	866	4
4824	1041	4
4824	1136	5
4824	1193	5
4824	1198	4
4824	1200	4
4824	1206	4
4824	1213	4
4824	1214	4
4824	1222	4
4824	1225	4
4824	1230	5
4824	1234	4
4824	1242	5
4824	1246	5
4824	1257	4
4824	1258	3
4824	1265	2
4824	1271	3
4824	1272	5
4824	1278	3
4824	1288	4
4824	1356	4
4824	1357	3
4824	1374	5
4824	1387	4
4824	1394	4
4824	1408	3
4824	1411	4
4824	1465	4
4824	1466	4
4824	1542	5
4824	1569	3
4824	1573	3
4824	1609	3
4824	1641	4
4824	1660	4
4824	1674	4
4824	1683	4
4824	1704	4
4824	1727	4
4824	1747	4
4824	1784	4
4824	1914	4
4824	1923	2
4824	1953	3
4824	1957	3
4824	1994	2
4824	2022	4
4824	2071	4
4824	2081	4
4824	2100	4
4824	2248	4
4824	2320	5
4824	2359	4
4824	2396	5
4824	2474	4
4824	2501	4
4824	2539	4
4824	2598	2
4824	2620	4
4824	2692	4
4824	2716	2
4824	2795	5
4824	2804	5
4824	2912	3
4824	2915	3
4824	2916	2
4824	2997	3
4824	3036	4
4824	3039	4
4824	3053	4
4824	3072	4
4824	3100	4
4824	3107	4
4824	3125	4
4824	3185	5
4824	3247	4
4824	3252	4
4824	3253	5
4824	3424	5
4824	3450	4
4824	3471	3
4824	3524	3
4824	3527	3
4824	3555	4
4824	3578	5
4824	3684	4
4824	3753	4
4824	3823	2
4831	17	5
4831	34	3
4831	36	5
4831	110	4
4831	111	4
4831	232	2
4831	296	5
4831	318	5
4831	357	2
4831	477	3
4831	515	3
4831	527	5
4831	529	5
4831	590	4
4831	593	5
4831	595	4
4831	608	5
4831	720	4
4831	858	3
4831	905	4
4831	909	5
4831	910	5
4831	914	3
4831	922	3
4831	924	4
4831	953	5
4831	971	5
4831	986	4
4831	1028	5
4831	1031	4
4831	1079	5
4831	1096	5
4831	1104	5
4831	1131	2
4831	1132	3
4831	1136	5
4831	1171	5
4831	1193	5
4831	1199	2
4831	1204	4
4831	1206	3
4831	1213	4
4831	1225	4
4831	1228	4
4831	1230	4
4831	1234	5
4831	1242	3
4831	1246	4
4831	1252	4
4831	1257	2
4831	1265	4
4831	1271	5
4831	1276	5
4831	1278	5
4831	1288	5
4831	1292	5
4831	1293	5
4831	1333	5
4831	1392	4
4831	1394	4
4831	1480	4
4831	1611	4
4831	1617	5
4831	1674	5
4831	1704	5
4831	1947	5
4831	1954	5
4831	1955	5
4831	1957	3
4831	1962	4
4831	1964	4
4831	2018	3
4831	2132	5
4831	2146	3
4831	2248	3
4831	2289	5
4831	2312	5
4831	2329	5
4831	2336	5
4831	2359	5
4831	2390	2
4831	2396	5
4831	2442	4
4831	2501	5
4831	2739	5
4831	2761	4
4831	2908	4
4831	2971	5
4831	2996	3
4831	2997	5
4831	3006	5
4831	3019	4
4831	3072	5
4831	3088	4
4831	3114	5
4831	3148	2
4831	3169	5
4831	3175	3
4831	3176	3
4831	3251	5
4831	3253	3
4831	3255	4
4831	3317	4
4831	3334	4
4831	3359	3
4831	3362	5
4831	3418	4
4831	3421	3
4831	3424	4
4831	3468	5
4831	3471	5
4831	3499	4
4831	3505	5
4831	3668	5
4831	3671	5
4831	3684	5
4831	3685	4
4831	3702	1
4831	3703	1
4831	3811	4
4831	3952	4
4834	8	4
4834	10	3
4834	17	5
4834	24	4
4834	34	5
4834	110	4
4834	232	4
4834	235	2
4834	262	5
4834	296	5
4834	318	5
4834	357	5
4834	362	3
4834	371	1
4834	427	1
4834	457	4
4834	480	4
4834	500	4
4834	527	4
4834	590	4
4834	593	4
4834	595	4
4834	608	5
4834	628	3
4834	780	4
4834	858	5
4834	910	4
4834	924	4
4834	1092	4
4834	1094	4
4834	1096	4
4834	1131	4
4834	1132	4
4834	1136	4
4834	1193	4
4834	1198	4
4834	1199	3
4834	1200	3
4834	1204	5
4834	1213	4
4834	1214	4
4834	1217	4
4834	1225	4
4834	1230	4
4834	1258	4
4834	1265	4
4834	1272	4
4834	1276	5
4834	1287	5
4834	1355	3
4834	1387	4
4834	1388	2
4834	1393	4
4834	1394	2
4834	1408	4
4834	1446	3
4834	1513	3
4834	1580	4
4834	1610	4
4834	1617	5
4834	1641	4
4834	1674	5
4834	1721	4
4834	1784	4
4834	1812	4
4834	1953	4
4834	1997	4
4834	2018	5
4834	2019	4
4834	2023	3
4834	2045	4
4834	2100	4
4834	2193	4
4834	2293	3
4834	2336	4
4834	2359	3
4834	2369	3
4834	2395	4
4834	2396	4
4834	2490	3
4834	2501	4
4834	2581	4
4834	2583	2
4834	2598	3
4834	2690	3
4834	2692	4
4834	2712	2
4834	2716	4
4834	2734	3
4834	2763	3
4834	2769	3
4834	2804	4
4834	2840	3
4834	2881	4
4834	2908	3
4834	2916	4
4834	2917	4
4834	2919	5
4834	2951	4
4834	3005	3
4834	3019	3
4834	3037	4
4834	3044	4
4834	3114	4
4834	3175	4
4834	3176	4
4834	3251	4
4834	3317	4
4834	3421	4
4834	3424	3
4834	3429	3
4834	3461	4
4834	3466	4
4834	3471	4
4834	3510	4
4834	3555	4
4834	3578	5
4834	3618	4
4834	3700	4
4834	3719	3
4834	3733	4
4834	3746	4
4834	3753	4
4834	3798	3
4834	3821	1
4834	3824	1
4834	3844	4
4834	3855	3
4834	3893	3
4834	3900	4
4834	3906	3
4834	3910	3
4834	3952	4
4840	17	5
4840	34	5
4840	110	4
4840	222	3
4840	318	5
4840	348	4
4840	480	4
4840	527	5
4840	549	3
4840	588	5
4840	590	5
4840	608	2
4840	1265	5
4840	1356	3
4840	1357	3
4840	1393	5
4840	1487	3
4840	1610	4
4840	1617	4
4840	1641	4
4840	1704	4
4840	2093	1
4840	2147	4
4840	2336	4
4840	2353	3
4840	2396	3
4840	2433	3
4840	2490	4
4840	2574	2
4840	2701	2
4840	2716	5
4840	2916	3
4840	3037	3
4840	3100	2
4840	3175	5
4840	3176	1
4840	3256	5
4840	3365	5
4840	3418	4
4840	3499	4
4842	318	4
4842	527	5
4842	858	5
4842	1230	5
4842	1747	5
4842	1883	4
4842	1924	2
4842	2567	4
4842	2579	4
4842	2912	4
4842	2971	5
4842	2995	2
4842	2997	5
4842	3176	3
4842	3317	4
4842	3545	5
4842	3702	4
4842	3712	4
4842	3733	4
4842	3747	4
4842	3791	2
4842	3884	3
4843	111	4
4843	114	3
4843	247	4
4843	480	3
4843	593	5
4843	608	5
4843	858	5
4843	909	4
4843	971	3
4843	1041	5
4843	1084	4
4843	1094	5
4843	1132	5
4843	1176	5
4843	1193	4
4843	1225	5
4843	1228	4
4843	1237	5
4843	1277	3
4843	1293	5
4843	1295	5
4843	1393	3
4843	1419	4
4843	1480	1
4843	1673	3
4843	1674	3
4843	1683	4
4843	1704	5
4843	1955	3
4843	1957	4
4843	1964	3
4843	2019	5
4843	2130	5
4843	2289	4
4843	2313	4
4843	2442	5
4843	2551	2
4843	2729	5
4843	2731	5
4843	2732	5
4843	2764	1
4843	2908	4
4843	2919	5
4843	2920	5
4843	2970	4
4843	3006	3
4843	3019	5
4843	3072	4
4843	3093	3
4843	3100	3
4843	3418	3
4843	3471	2
4843	3506	4
4843	3684	3
4843	3685	4
4843	3723	4
4845	17	5
4845	28	5
4845	35	4
4845	41	4
4845	72	4
4845	215	5
4845	222	5
4845	339	4
4845	342	5
4845	357	5
4845	448	3
4845	497	5
4845	527	4
4845	587	2
4845	608	4
4845	621	5
4845	911	4
4845	915	3
4845	916	4
4845	933	4
4845	945	4
4845	969	4
4845	1028	5
4845	1046	5
4845	1066	4
4845	1094	5
4845	1193	4
4845	1211	4
4845	1230	4
4845	1238	5
4845	1264	5
4845	1265	5
4845	1290	4
4845	1357	4
4845	1374	2
4845	1393	5
4845	1413	3
4845	1441	4
4845	1484	4
4845	1493	5
4845	1535	4
4845	1571	5
4845	1639	3
4845	1674	3
4845	1912	4
4845	2100	4
4845	2125	4
4845	2130	3
4845	2171	3
4845	2247	4
4845	2248	5
4845	2396	4
4845	2501	4
4845	2692	5
4845	2708	4
4845	2920	4
4845	2972	3
4845	2997	5
4845	3044	4
4845	3079	4
4845	3094	5
4845	3175	5
4845	3176	3
4845	3501	3
4845	3521	4
4845	3552	4
4845	3684	5
4845	3685	3
4845	3811	4
4845	3819	5
4848	10	5
4848	110	5
4848	376	5
4848	457	5
4848	480	5
4848	527	5
4848	736	3
4848	780	4
4848	968	1
4848	1193	5
4848	1198	4
4848	1580	4
4848	1722	4
4848	2147	3
4848	2709	1
4848	2712	1
4848	2716	5
4848	2722	2
4848	3005	4
4848	3107	4
4848	3418	4
4848	3527	4
4854	34	4
4854	41	3
4854	151	4
4854	527	5
4854	581	4
4854	718	1
4854	728	4
4854	788	1
4854	903	4
4854	907	4
4854	909	4
4854	910	5
4854	911	4
4854	914	4
4854	922	4
4854	924	4
4854	933	5
4854	938	3
4854	942	5
4854	945	5
4854	947	4
4854	968	3
4854	969	5
4854	1028	4
4854	1084	4
4854	1088	4
4854	1094	3
4854	1183	4
4854	1200	1
4854	1206	4
4854	1230	4
4854	1234	4
4854	1237	5
4854	1238	3
4854	1252	5
4854	1276	4
4854	1278	4
4854	1289	4
4854	1453	2
4854	1580	4
4854	1702	1
4854	1837	4
4854	1947	5
4854	2010	4
4854	2023	2
4854	2184	3
4854	2193	4
4854	2208	5
4854	2346	4
4854	2407	4
4854	2655	1
4854	2732	4
4854	2919	5
4854	2971	4
4854	3037	4
4854	3044	4
4854	3061	4
4854	3062	3
4854	3088	5
4854	3159	1
4854	3247	4
4854	3251	4
4854	3269	4
4854	3334	4
4854	3365	3
4854	3479	5
4854	3489	3
4854	3545	4
4854	3654	4
4854	3671	4
4854	3675	4
4854	3714	4
4854	3789	5
4859	17	4
4859	110	5
4859	595	4
4859	914	5
4859	934	5
4859	1028	5
4859	1265	4
4859	1393	3
4859	1394	5
4859	2248	4
4859	2396	5
4859	2692	4
4859	2716	5
4859	2997	4
4859	3039	5
4859	3404	4
4861	36	5
4861	110	4
4861	163	2
4861	293	5
4861	296	4
4861	307	5
4861	308	5
4861	318	5
4861	348	5
4861	357	4
4861	480	3
4861	527	5
4861	588	4
4861	590	4
4861	593	4
4861	595	4
4861	608	3
4861	858	5
4861	924	3
4861	940	4
4861	969	2
4861	1079	5
4861	1094	5
4861	1175	5
4861	1184	4
4861	1193	5
4861	1198	4
4861	1199	4
4861	1200	3
4861	1204	5
4861	1206	3
4861	1211	5
4861	1214	3
4861	1225	4
4861	1234	5
4861	1258	4
4861	1356	3
4861	1357	4
4861	1367	2
4861	1387	1
4861	1393	1
4861	1408	4
4861	1566	2
4861	1569	3
4861	1573	3
4861	1610	3
4861	1616	3
4861	1617	4
4861	1641	5
4861	1673	3
4861	1683	4
4861	1721	3
4861	1722	4
4861	1784	4
4861	1955	5
4861	2353	4
4861	2356	5
4861	2600	5
4861	2690	4
4861	2692	5
4861	2716	3
4861	2729	4
4861	2761	5
4861	2763	3
4861	2908	5
4861	2997	3
4861	3053	5
4861	3125	5
4861	3159	4
4861	3176	3
4861	3178	3
4861	3252	4
4861	3300	3
4861	3354	3
4861	3359	5
4861	3418	5
4861	3471	4
4861	3515	1
4861	3538	3
4861	3555	3
4861	3618	4
4861	3654	4
4861	3720	4
4861	3744	2
4861	3745	4
4861	3753	2
4861	3793	4
4861	3910	5
4862	6	4
4862	34	4
4862	110	3
4862	198	4
4862	457	3
4862	480	3
4862	858	3
4862	908	4
4862	924	4
4862	1136	5
4862	1198	5
4862	1199	3
4862	1200	5
4862	1214	4
4862	1215	4
4862	1220	3
4862	1264	3
4862	1275	3
4862	1288	3
4862	1356	3
4862	1374	4
4862	1387	5
4862	1408	3
4862	1610	4
4862	1690	2
4862	1912	5
4862	1953	3
4862	1954	3
4862	2019	3
4862	2396	3
4862	2529	4
4862	2664	3
4862	2692	3
4862	2804	3
4862	2916	3
4862	2993	3
4862	3086	2
4862	3104	3
4862	3255	2
4862	3267	3
4862	3300	2
4862	3527	4
4862	3555	2
4862	3578	3
4862	3703	3
4864	34	4
4864	110	5
4864	1079	5
4864	1265	4
4864	1278	4
4864	1393	4
4864	1394	5
4864	1408	3
4864	2311	4
4864	2391	4
4864	2396	4
4864	2692	5
4864	2997	4
4864	3037	4
4864	3114	5
4864	3421	5
4864	3671	5
4869	68	4
4869	232	4
4869	247	3
4869	296	5
4869	308	4
4869	318	5
4869	357	3
4869	373	4
4869	446	5
4869	497	3
4869	538	4
4869	571	4
4869	590	3
4869	593	2
4869	595	5
4869	608	4
4869	728	4
4869	838	4
4869	858	4
4869	1079	4
4869	1091	2
4869	1094	1
4869	1136	5
4869	1193	5
4869	1198	4
4869	1206	2
4869	1214	5
4869	1220	3
4869	1225	5
4869	1230	3
4869	1234	3
4869	1238	4
4869	1252	3
4869	1258	1
4869	1265	3
4869	1271	4
4869	1288	2
4869	1292	2
4869	1293	5
4869	1295	3
4869	1387	5
4869	1392	3
4869	1394	3
4869	1396	4
4869	1419	5
4869	1446	4
4869	1449	3
4869	1513	3
4869	1535	3
4869	1580	3
4869	1610	4
4869	1639	4
4869	1641	5
4869	1674	4
4869	1727	2
4869	1747	4
4869	1900	4
4869	1914	4
4869	1953	3
4869	1962	4
4869	1967	5
4869	1995	3
4869	1997	2
4869	2001	4
4869	2011	3
4869	2012	3
4869	2022	2
4869	2093	1
4869	2105	2
4869	2138	5
4869	2151	2
4869	2161	2
4869	2193	2
4869	2245	4
4869	2247	3
4869	2248	3
4869	2289	3
4869	2312	3
4869	2359	5
4869	2369	4
4869	2380	1
4869	2390	5
4869	2395	3
4869	2396	4
4869	2405	2
4869	2433	4
4869	2468	1
4869	2471	1
4869	2485	3
4869	2580	4
4869	2598	5
4869	2670	4
4869	2692	5
4869	2716	5
4869	2734	5
4869	2770	3
4869	2871	1
4869	2997	5
4869	3033	1
4869	3037	4
4869	3044	3
4869	3051	4
4869	3072	3
4869	3112	2
4869	3198	4
4869	3244	2
4869	3255	3
4869	3362	3
4869	3388	1
4869	3471	5
4869	3608	1
4869	3671	4
4869	3685	2
4869	3700	1
4869	3703	3
4869	3704	3
4869	3712	3
4869	3740	3
4869	3758	1
4869	3791	2
4869	3811	3
4869	3812	3
4872	5	3
4872	480	4
4872	500	4
4872	588	3
4872	903	4
4872	1020	4
4872	1064	3
4872	1485	4
4872	1580	4
4872	1610	4
4872	1689	4
4872	2142	3
4872	2539	4
4872	2763	5
4872	2916	3
4872	3253	3
4872	3256	4
4872	3263	4
4872	3450	3
4876	34	5
4876	235	4
4876	300	3
4876	348	4
4876	357	3
4876	497	4
4876	515	4
4876	527	5
4876	593	3
4876	858	4
4876	908	4
4876	1094	4
4876	1183	4
4876	1580	4
4876	1641	4
4876	1704	4
4876	2336	5
4876	3114	5
4876	3175	4
4876	3418	4
4878	34	3
4878	111	2
4878	372	4
4878	500	5
4878	537	4
4878	588	4
4878	766	3
4878	952	5
4878	1234	5
4878	1665	4
4878	2050	2
4878	2081	3
4878	2359	5
4878	2396	5
4878	2485	2
4878	2716	4
4878	2870	4
4878	3114	3
4878	3178	3
4878	3578	4
4878	3608	3
4891	971	5
4891	1136	3
4891	1223	4
4891	1230	4
4891	1234	4
4891	1265	4
4891	1276	5
4891	1278	3
4891	1394	4
4891	1924	1
4891	1950	5
4891	2073	5
4891	2430	1
4891	2804	2
4891	3421	5
4891	3429	5
4896	1432	1
4896	3506	1
4896	3538	5
4896	3555	4
4896	3570	4
4896	3578	5
4896	3579	2
4896	3598	5
4896	3615	5
4896	3618	5
4896	3646	1
4896	3746	5
4896	3754	1
4896	3784	1
4896	3790	4
4896	3793	5
4898	6	3
4898	28	4
4898	36	4
4898	229	4
4898	232	4
4898	246	5
4898	296	5
4898	300	5
4898	318	4
4898	334	5
4898	342	4
4898	348	4
4898	357	4
4898	457	4
4898	515	5
4898	527	5
4898	529	4
4898	535	4
4898	538	4
4898	561	2
4898	588	4
4898	593	4
4898	608	5
4898	720	5
4898	728	4
4898	838	4
4898	858	5
4898	905	4
4898	908	4
4898	909	4
4898	924	5
4898	926	4
4898	968	4
4898	971	4
4898	1041	4
4898	1046	4
4898	1050	5
4898	1054	5
4898	1094	4
4898	1136	5
4898	1171	3
4898	1193	5
4898	1198	4
4898	1200	4
4898	1204	5
4898	1206	5
4898	1211	4
4898	1214	5
4898	1217	5
4898	1222	5
4898	1223	5
4898	1227	4
4898	1228	5
4898	1237	5
4898	1242	5
4898	1251	4
4898	1252	5
4898	1258	3
4898	1265	5
4898	1288	5
4898	1292	5
4898	1293	4
4898	1333	4
4898	1347	4
4898	1365	4
4898	1387	5
4898	1388	3
4898	1393	4
4898	1466	4
4898	1573	3
4898	1617	4
4898	1641	4
4898	1674	4
4898	1704	3
4898	1931	4
4898	1947	4
4898	1953	5
4898	1954	5
4898	1957	4
4898	1982	4
4898	1997	5
4898	1998	3
4898	2019	5
4898	2022	4
4898	2023	2
4898	2132	4
4898	2208	4
4898	2210	4
4898	2212	4
4898	2289	4
4898	2313	4
4898	2359	4
4898	2395	4
4898	2401	4
4898	2551	4
4898	2620	2
4898	2624	4
4898	2664	4
4898	2692	4
4898	2716	3
4898	2919	4
4898	2997	3
4898	3125	5
4898	3176	4
4898	3252	4
4898	3365	5
4898	3421	4
4898	3424	5
4898	3468	5
4898	3471	4
4898	3521	4
4898	3538	4
4898	3555	4
4898	3638	3
4898	3676	4
4898	3703	4
4902	34	5
4902	158	2
4902	480	4
4902	590	4
4902	595	4
4902	736	3
4902	780	3
4902	783	4
4902	808	4
4902	911	5
4902	924	2
4902	969	4
4902	986	4
4902	1015	4
4902	1083	4
4902	1198	5
4902	1200	1
4902	1201	4
4902	1222	1
4902	1276	4
4902	1287	5
4902	1356	3
4902	1387	2
4902	1396	3
4902	1566	2
4902	1580	3
4902	1592	3
4902	1721	5
4902	1920	2
4902	1947	5
4902	2012	4
4902	2032	2
4902	2046	4
4902	2059	3
4902	2080	4
4902	2100	4
4902	2142	3
4902	2151	5
4902	2161	4
4902	2311	2
4902	2407	4
4902	2529	4
4902	2530	3
4902	2532	3
4902	2640	4
4902	2709	3
4902	2876	2
4902	2951	4
4902	3033	2
4902	3037	4
4902	3062	4
4902	3104	4
4902	3114	4
4902	3157	3
4902	3247	3
4902	3471	4
4902	3479	4
4902	3489	5
4902	3508	4
4902	3555	4
4902	3654	4
4902	3681	4
4902	3697	1
4902	3791	3
4902	3836	4
4912	1392	4
4912	1394	5
4912	2883	2
4912	2912	4
4912	2996	3
4912	2997	5
4912	3006	5
4912	3051	4
4912	3072	5
4912	3118	4
4912	3125	4
4912	3145	4
4912	3176	3
4912	3255	4
4913	36	4
4913	296	4
4913	446	4
4913	527	3
4913	549	5
4913	581	5
4913	593	3
4913	608	4
4913	720	5
4913	1193	5
4913	1214	3
4913	1225	4
4913	1265	2
4913	1394	4
4913	1641	3
4913	1673	4
4913	2282	5
4913	2289	3
4913	2318	5
4913	2362	5
4913	2804	3
4913	2908	5
4913	2997	4
4913	3006	3
4913	3019	4
4913	3538	3
4917	34	4
4917	144	2
4917	157	5
4917	296	5
4917	357	3
4917	372	4
4917	441	1
4917	480	3
4917	489	2
4917	497	4
4917	500	4
4917	514	3
4917	529	4
4917	532	2
4917	537	3
4917	587	3
4917	653	2
4917	671	4
4917	743	3
4917	780	1
4917	837	5
4917	858	5
4917	903	2
4917	924	4
4917	1028	4
4917	1042	4
4917	1050	4
4917	1078	4
4917	1079	4
4917	1094	4
4917	1136	5
4917	1150	4
4917	1171	5
4917	1199	2
4917	1200	4
4917	1206	4
4917	1214	5
4917	1220	3
4917	1225	5
4917	1230	4
4917	1234	3
4917	1238	4
4917	1246	4
4917	1252	4
4917	1264	5
4917	1278	4
4917	1288	4
4917	1292	2
4917	1293	4
4917	1297	2
4917	1356	3
4917	1367	2
4917	1391	4
4917	1394	5
4917	1411	5
4917	1513	4
4917	1516	4
4917	1580	4
4917	1617	5
4917	1633	4
4917	1639	3
4917	1641	3
4917	1674	4
4917	1690	4
4917	1747	4
4917	1883	5
4917	1953	3
4917	1954	3
4917	1957	4
4917	1962	4
4917	1963	4
4917	1964	5
4917	2011	2
4917	2012	3
4917	2021	1
4917	2053	2
4917	2100	3
4917	2105	3
4917	2110	2
4917	2151	1
4917	2173	4
4917	2193	2
4917	2247	4
4917	2302	4
4917	2311	2
4917	2312	2
4917	2369	4
4917	2370	2
4917	2405	3
4917	2407	3
4917	2716	4
4917	2746	5
4917	2788	3
4917	2916	3
4917	2919	4
4917	2928	2
4917	3019	4
4917	3033	4
4917	3044	4
4917	3072	4
4917	3175	4
4917	3263	5
4917	3329	4
4917	3334	4
4917	3359	3
4917	3421	4
4917	3424	5
4917	3471	4
4917	3478	4
4917	3506	4
4917	3521	5
4917	3524	3
4917	3545	5
4917	3676	2
4917	3685	3
4917	3700	5
4917	3702	4
4917	3703	4
4917	3733	3
4922	180	4
4922	296	5
4922	300	4
4922	318	5
4922	372	4
4922	434	2
4922	454	4
4922	480	3
4922	555	4
4922	588	4
4922	608	5
4922	780	2
4922	858	5
4922	1059	4
4922	1060	5
4922	1079	4
4922	1091	3
4922	1096	4
4922	1135	3
4922	1136	5
4922	1198	4
4922	1206	4
4922	1213	5
4922	1220	4
4922	1225	3
4922	1246	5
4922	1257	5
4922	1261	1
4922	1265	4
4922	1297	4
4922	1394	4
4922	1396	4
4922	1466	5
4922	1484	4
4922	1580	2
4922	1610	3
4922	1611	5
4922	1639	5
4922	1648	5
4922	1673	4
4922	1704	5
4922	1875	5
4922	1883	3
4922	1895	5
4922	1916	5
4922	1920	3
4922	2001	4
4922	2011	3
4922	2012	3
4922	2046	3
4922	2072	3
4922	2142	2
4922	2146	4
4922	2188	4
4922	2248	4
4922	2261	4
4922	2391	4
4922	2395	4
4922	2396	4
4922	2424	4
4922	2458	3
4922	2485	4
4922	2580	5
4922	2581	4
4922	2598	3
4922	2701	1
4922	2716	4
4922	2770	3
4922	2771	3
4922	2804	5
4922	2815	2
4922	2915	5
4922	3006	5
4922	3033	3
4922	3114	5
4922	3253	3
4922	3421	4
4922	3499	4
4922	3552	4
4922	3708	3
4927	10	3
4927	17	4
4927	34	5
4927	35	4
4927	110	4
4927	153	3
4927	232	4
4927	256	4
4927	293	4
4927	300	4
4927	317	4
4927	318	4
4927	329	4
4927	360	3
4927	379	4
4927	434	3
4927	457	4
4927	480	4
4927	527	5
4927	588	3
4927	590	5
4927	593	5
4927	608	4
4927	653	4
4927	780	5
4927	786	4
4927	836	4
4927	1094	4
4927	1265	5
4927	1356	4
4927	1357	4
4927	1372	4
4927	1391	3
4927	1393	4
4927	1396	3
4927	1542	4
4927	1562	4
4927	1580	4
4927	1590	2
4927	1610	4
4927	1633	5
4927	1641	4
4927	1690	3
4927	1704	5
4927	1762	4
4927	1779	5
4927	1833	4
4927	1917	3
4927	1918	4
4927	1923	5
4927	2012	4
4927	2289	4
4927	2302	4
4927	2396	5
4927	2429	3
4927	2826	4
4927	2916	4
4927	3072	5
4927	3114	4
4927	3175	3
4927	3256	4
4927	3269	4
4927	3274	3
4927	3418	4
4927	3697	4
4927	3704	3
4930	342	3
4930	362	4
4930	480	4
4930	588	5
4930	590	5
4930	595	5
4930	901	3
4930	910	3
4930	911	5
4930	914	4
4930	915	3
4930	916	4
4930	918	4
4930	938	3
4930	952	4
4930	953	5
4930	969	4
4930	1028	5
4930	1029	4
4930	1030	4
4930	1032	4
4930	1088	3
4930	1204	5
4930	1220	5
4930	1230	4
4930	1275	3
4930	1276	3
4930	1278	2
4930	1356	3
4930	1374	4
4930	1408	4
4930	1721	4
4930	1931	4
4930	1947	5
4930	1967	4
4930	2078	4
4930	2080	4
4930	2081	4
4930	2083	3
4930	2100	4
4930	2125	5
4930	2396	5
4930	2424	5
4930	2877	3
4930	3061	3
4930	3334	4
4930	3461	2
4930	3489	4
4930	3545	4
4930	3675	4
4932	34	3
4932	36	4
4932	52	4
4932	76	4
4932	99	3
4932	110	5
4932	111	5
4932	147	4
4932	235	5
4932	271	1
4932	293	5
4932	300	5
4932	308	3
4932	317	3
4932	342	3
4932	348	5
4932	352	2
4932	354	3
4932	441	5
4932	446	3
4932	457	4
4932	515	5
4932	535	2
4932	554	3
4932	555	5
4932	588	4
4932	590	5
4932	593	5
4932	608	5
4932	628	4
4932	728	5
4932	799	4
4932	805	4
4932	838	3
4932	866	4
4932	1034	1
4932	1050	3
4932	1057	4
4932	1060	5
4932	1079	5
4932	1094	4
4932	1096	3
4932	1147	3
4932	1171	4
4932	1175	2
4932	1183	5
4932	1198	5
4932	1199	5
4932	1200	5
4932	1213	5
4932	1215	3
4932	1222	5
4932	1225	5
4932	1227	4
4932	1242	4
4932	1246	4
4932	1258	4
4932	1261	5
4932	1265	4
4932	1293	4
4932	1295	3
4932	1339	4
4932	1355	4
4932	1356	4
4932	1366	4
4932	1374	4
4932	1393	4
4932	1394	5
4932	1396	4
4932	1401	4
4932	1425	3
4932	1449	5
4932	1535	4
4932	1569	3
4932	1580	5
4932	1610	4
4932	1611	3
4932	1612	3
4932	1617	5
4932	1639	5
4932	1641	5
4932	1673	5
4932	1674	4
4932	1680	1
4932	1683	2
4932	1704	4
4932	1721	2
4932	1729	4
4932	1747	3
4932	1753	2
4932	1784	5
4932	1806	3
4932	1834	4
4932	1883	3
4932	1892	2
4932	1912	4
4932	1917	3
4932	1957	5
4932	1962	5
4932	1994	5
4932	2058	3
4932	2083	2
4932	2125	2
4932	2159	3
4932	2232	2
4932	2248	4
4932	2289	4
4932	2312	5
4932	2313	5
4932	2336	5
4932	2349	3
4932	2353	3
4932	2359	3
4932	2391	4
4932	2395	4
4932	2396	5
4932	2490	4
4932	2583	4
4932	2659	4
4932	2716	4
4932	2745	5
4932	2763	2
4932	2795	4
4932	2804	5
4932	2876	2
4932	2908	4
4932	2915	4
4932	2916	3
4932	2917	4
4932	2919	4
4932	2952	3
4932	2997	4
4932	3019	3
4932	3068	3
4932	3072	4
4932	3100	4
4932	3104	4
4932	3107	3
4932	3114	4
4932	3125	2
4932	3148	4
4932	3175	4
4932	3178	4
4932	3203	4
4932	3214	4
4932	3253	3
4932	3255	4
4932	3256	4
4932	3267	5
4932	3424	4
4932	3466	2
4932	3499	5
4932	3527	3
4932	3552	5
4932	3693	1
4932	3700	2
4932	3703	4
4932	3711	2
4932	3727	4
4942	34	5
4942	36	4
4942	110	4
4942	111	3
4942	173	2
4942	246	5
4942	296	3
4942	318	5
4942	329	3
4942	379	4
4942	480	4
4942	529	4
4942	546	3
4942	587	4
4942	588	4
4942	590	4
4942	595	3
4942	608	3
4942	610	4
4942	671	4
4942	780	4
4942	849	3
4942	914	3
4942	924	5
4942	952	3
4942	953	5
4942	968	3
4942	969	4
4942	1019	3
4942	1028	3
4942	1032	3
4942	1084	4
4942	1136	5
4942	1193	4
4942	1198	5
4942	1200	3
4942	1204	5
4942	1206	3
4942	1214	4
4942	1220	4
4942	1225	4
4942	1230	4
4942	1246	4
4942	1252	3
4942	1265	4
4942	1272	4
4942	1276	5
4942	1278	4
4942	1283	4
4942	1287	4
4942	1288	4
4942	1293	5
4942	1333	3
4942	1356	3
4942	1373	3
4942	1374	4
4942	1387	4
4942	1393	3
4942	1396	3
4942	1460	1
4942	1573	3
4942	1580	4
4942	1590	3
4942	1617	3
4942	1674	4
4942	1704	4
4942	1721	5
4942	1779	2
4942	1834	5
4942	1882	1
4942	1917	3
4942	1924	2
4942	1947	4
4942	1954	3
4942	1957	4
4942	1963	4
4942	1982	3
4942	1997	4
4942	2009	4
4942	2011	3
4942	2012	2
4942	2018	4
4942	2021	3
4942	2024	5
4942	2038	1
4942	2080	3
4942	2102	3
4942	2105	4
4942	2138	4
4942	2311	4
4942	2396	3
4942	2401	3
4942	2407	4
4942	2408	3
4942	2430	3
4942	2501	5
4942	2526	2
4942	2529	4
4942	2530	2
4942	2531	2
4942	2532	3
4942	2533	3
4942	2640	4
4942	2664	3
4942	2672	4
4942	2701	2
4942	2716	5
4942	2739	3
4942	2788	5
4942	2819	4
4942	2846	3
4942	2916	4
4942	2917	3
4942	2921	3
4942	2922	3
4942	2986	3
4942	3039	4
4942	3061	4
4942	3068	4
4942	3088	3
4942	3114	5
4942	3175	4
4942	3196	4
4942	3213	4
4942	3354	4
4942	3401	1
4942	3421	5
4942	3467	5
4942	3468	3
4942	3471	5
4942	3527	2
4942	3551	3
4942	3635	3
4942	3638	3
4942	3671	4
4942	3681	3
4942	3697	1
4942	3700	2
4942	3702	3
4942	3703	2
4942	3704	2
4942	3780	1
4947	110	4
4947	235	4
4947	434	4
4947	527	5
4947	590	4
4947	593	4
4947	608	4
4947	858	5
4947	903	5
4947	908	5
4947	910	5
4947	916	5
4947	1084	4
4947	1147	4
4947	1178	4
4947	1198	5
4947	1204	5
4947	1206	5
4947	1213	5
4947	1214	3
4947	1225	4
4947	1242	4
4947	1265	5
4947	1276	4
4947	1278	5
4947	1288	5
4947	1339	5
4947	1387	4
4947	1580	4
4947	1617	5
4947	1641	3
4947	1883	3
4947	1917	1
4947	1927	5
4947	1947	5
4947	2203	5
4947	2289	5
4947	2302	3
4947	2359	3
4947	2395	1
4947	2664	4
4947	2871	5
4947	2890	5
4947	2916	4
4947	3019	5
4947	3061	5
4947	3090	5
4947	3421	5
4947	3467	5
4947	3468	5
4947	3702	4
4947	3723	4
4947	3791	2
4950	34	4
4950	36	3
4950	41	4
4950	52	3
4950	110	4
4950	180	3
4950	231	2
4950	235	4
4950	246	4
4950	296	5
4950	300	4
4950	317	3
4950	318	4
4950	342	4
4950	348	3
4950	355	2
4950	427	2
4950	444	3
4950	454	4
4950	457	4
4950	514	3
4950	518	1
4950	527	5
4950	529	4
4950	538	4
4950	587	3
4950	588	4
4950	593	5
4950	608	3
4950	720	4
4950	728	3
4950	736	3
4950	780	3
4950	784	1
4950	785	2
4950	788	2
4950	837	2
4950	858	5
4950	903	5
4950	908	5
4950	909	5
4950	910	5
4950	911	4
4950	916	2
4950	924	4
4950	933	5
4950	947	4
4950	999	2
4950	1028	5
4950	1050	4
4950	1054	3
4950	1059	3
4950	1060	4
4950	1079	4
4950	1086	5
4950	1094	4
4950	1136	4
4950	1147	4
4950	1171	4
4950	1189	5
4950	1193	4
4950	1198	5
4950	1199	5
4950	1204	5
4950	1206	3
4950	1213	4
4950	1214	4
4950	1220	5
4950	1222	4
4950	1223	4
4950	1225	4
4950	1234	5
4950	1252	5
4950	1265	5
4950	1272	5
4950	1278	5
4950	1283	5
4950	1288	3
4950	1293	5
4950	1295	2
4950	1333	4
4950	1339	4
4950	1374	4
4950	1387	5
4950	1392	4
4950	1393	4
4950	1394	5
4950	1407	2
4950	1408	2
4950	1411	4
4950	1414	4
4950	1569	3
4950	1573	3
4950	1580	4
4950	1610	4
4950	1617	4
4950	1639	3
4950	1641	4
4950	1673	3
4950	1689	4
4950	1704	4
4950	1747	4
4950	1769	2
4950	1772	1
4950	1779	3
4950	1783	3
4950	1792	3
4950	1794	3
4950	1806	4
4950	1834	4
4950	1845	4
4950	1923	4
4950	2019	5
4950	2022	5
4950	2023	3
4950	2080	4
4950	2100	4
4950	2184	3
4950	2188	3
4950	2203	4
4950	2208	4
4950	2278	4
4950	2282	4
4950	2289	5
4950	2302	4
4950	2313	5
4950	2329	4
4950	2336	4
4950	2346	3
4950	2353	3
4950	2359	4
4950	2369	3
4950	2391	3
4950	2396	5
4950	2433	3
4950	2435	2
4950	2474	4
4950	2490	3
4950	2501	4
4950	2529	4
4950	2539	3
4950	2567	4
4950	2580	3
4950	2617	2
4950	2640	4
4950	2690	3
4950	2692	4
4950	2693	4
4950	2709	3
4950	2712	3
4950	2716	4
4950	2746	3
4950	2761	3
4950	2763	4
4950	2764	2
4950	2771	2
4950	2788	4
4950	2794	1
4950	2795	4
4950	2813	1
4950	2829	4
4950	2840	3
4950	2883	3
4950	2889	3
4950	2890	4
4950	2908	4
4950	2935	4
4950	2976	4
4950	2997	4
4950	3005	3
4950	3006	4
4950	3033	2
4950	3044	3
4950	3079	4
4950	3104	4
4950	3114	4
4950	3125	1
4950	3145	4
4950	3175	4
4950	3176	4
4950	3178	4
4950	3185	3
4950	3196	5
4950	3238	2
4950	3240	4
4950	3253	4
4950	3255	3
4950	3256	4
4950	3267	3
4950	3365	4
4950	3421	4
4950	3468	4
4950	3471	4
4950	3499	4
4950	3500	2
4950	3510	4
4950	3513	4
4950	3552	5
4950	3555	3
4950	3578	4
4950	3608	4
4950	3615	3
4950	3618	2
4950	3633	3
4950	3638	2
4950	3654	3
4950	3672	2
4950	3702	4
4950	3703	3
4950	3704	2
4950	3711	2
4950	3712	3
4950	3729	2
4950	3738	4
4950	3745	1
4950	3753	4
4950	3783	4
4950	3793	4
4950	3798	4
4950	3858	2
4951	24	2
4951	34	5
4951	41	4
4951	80	4
4951	216	2
4951	235	4
4951	247	4
4951	262	4
4951	318	4
4951	497	4
4951	527	3
4951	529	3
4951	549	5
4951	593	5
4951	595	3
4951	608	5
4951	720	5
4951	759	3
4951	858	4
4951	903	3
4951	908	4
4951	909	4
4951	910	4
4951	911	4
4951	916	3
4951	922	5
4951	924	5
4951	926	5
4951	940	4
4951	945	4
4951	953	4
4951	968	5
4951	971	5
4951	986	4
4951	1041	4
4951	1079	4
4951	1084	3
4951	1094	3
4951	1104	3
4951	1132	5
4951	1136	5
4951	1175	3
4951	1193	4
4951	1198	4
4951	1199	5
4951	1200	4
4951	1202	3
4951	1204	4
4951	1211	4
4951	1217	5
4951	1220	4
4951	1225	5
4951	1234	4
4951	1237	3
4951	1242	3
4951	1252	5
4951	1258	5
4951	1264	4
4951	1265	3
4951	1278	5
4951	1288	4
4951	1289	4
4951	1290	2
4951	1295	3
4951	1333	4
4951	1340	4
4951	1387	5
4951	1394	3
4951	1411	5
4951	1419	3
4951	1513	4
4951	1580	4
4951	1617	4
4951	1649	4
4951	1673	3
4951	1674	2
4951	1834	4
4951	1953	3
4951	1954	2
4951	1963	3
4951	2010	3
4951	2011	3
4951	2019	4
4951	2081	3
4951	2100	2
4951	2130	5
4951	2132	5
4951	2147	1
4951	2183	4
4951	2208	4
4951	2245	4
4951	2247	3
4951	2248	4
4951	2289	3
4951	2336	4
4951	2349	3
4951	2369	3
4951	2391	4
4951	2395	4
4951	2396	4
4951	2407	3
4951	2433	3
4951	2664	4
4951	2693	5
4951	2712	3
4951	2716	4
4951	2729	3
4951	2734	2
4951	2761	5
4951	2770	4
4951	2804	4
4951	2813	5
4951	2908	5
4951	2912	3
4951	2915	3
4951	2919	3
4951	2971	4
4951	2997	5
4951	3006	3
4951	3037	3
4951	3072	4
4951	3088	3
4951	3169	2
4951	3175	4
4951	3176	4
4951	3203	3
4951	3240	3
4951	3334	3
4951	3362	4
4951	3405	3
4951	3418	3
4951	3424	3
4951	3452	4
4951	3468	4
4951	3471	4
4951	3499	4
4951	3552	4
4951	3578	4
4951	3594	3
4951	3598	4
4951	3608	4
4951	3618	3
4951	3685	3
4951	3700	3
4951	3703	3
4951	3723	3
4951	3728	3
4951	3745	4
4951	3783	5
4951	3793	4
4951	3819	4
4951	3851	4
4953	6	4
4953	24	3
4953	34	4
4953	89	4
4953	110	5
4953	151	4
4953	161	4
4953	198	4
4953	246	4
4953	293	4
4953	296	5
4953	300	4
4953	308	3
4953	318	4
4953	357	4
4953	373	4
4953	434	3
4953	441	4
4953	457	4
4953	480	5
4953	493	3
4953	527	4
4953	529	4
4953	535	5
4953	554	4
4953	555	3
4953	587	3
4953	590	4
4953	593	5
4953	608	4
4953	628	5
4953	647	3
4953	707	4
4953	780	3
4953	788	4
4953	798	2
4953	836	3
4953	858	5
4953	866	4
4953	903	5
4953	908	5
4953	914	4
4953	999	3
4953	1092	4
4953	1094	4
4953	1193	5
4953	1213	4
4953	1225	4
4953	1252	4
4953	1264	4
4953	1265	4
4953	1356	4
4953	1372	4
4953	1387	4
4953	1396	4
4953	1407	3
4953	1466	3
4953	1573	3
4953	1580	3
4953	1590	3
4953	1610	4
4953	1615	4
4953	1616	3
4953	1617	4
4953	1641	4
4953	1673	4
4953	1704	4
4953	1721	4
4953	1729	3
4953	1747	4
4953	1785	3
4953	1806	2
4953	1834	5
4953	1892	4
4953	1950	3
4953	2023	4
4953	2120	4
4953	2278	5
4953	2289	5
4953	2336	4
4953	2353	4
4953	2391	4
4953	2501	4
4953	2529	3
4953	2600	4
4953	2664	4
4953	2826	4
4953	2890	4
4953	2912	4
4953	2916	4
4953	3006	5
4953	3044	5
4953	3100	4
4953	3255	4
4953	3256	4
4953	3267	3
4953	3272	3
4953	3359	3
4953	3362	4
4953	3418	4
4953	3438	2
4953	3476	4
4953	3489	3
4953	3499	4
4953	3728	5
4954	34	3
4954	52	5
4954	235	3
4954	348	5
4954	497	4
4954	514	2
4954	588	5
4954	1059	3
4954	1079	3
4954	1136	4
4954	1199	2
4954	1230	5
4954	1234	5
4954	1238	3
4954	1265	5
4954	1276	5
4954	1288	4
4954	1394	2
4954	1772	2
4954	1784	5
4954	1963	5
4954	2248	3
4954	2289	4
4954	2302	5
4954	2349	4
4954	2395	2
4954	2396	4
4954	2506	3
4954	2716	4
4954	2915	2
4954	2977	2
4954	2978	2
4954	2997	2
4954	3037	3
4954	3039	4
4954	3072	4
4954	3086	5
4954	3104	3
4954	3157	3
4954	3175	2
4954	3299	2
4954	3362	4
4954	3421	4
4954	3424	3
4954	3552	3
4954	3698	2
4954	3710	1
4954	3711	2
4954	3712	5
4954	3714	3
4954	3723	5
4954	3734	2
4954	3738	2
4954	3754	1
4954	3789	4
4954	3791	3
4957	5	2
4957	6	3
4957	26	4
4957	34	3
4957	36	4
4957	41	5
4957	44	2
4957	49	3
4957	70	4
4957	95	2
4957	110	3
4957	111	4
4957	122	3
4957	145	3
4957	153	3
4957	158	3
4957	161	3
4957	173	2
4957	181	1
4957	186	3
4957	198	3
4957	231	3
4957	235	4
4957	246	5
4957	276	2
4957	293	4
4957	296	4
4957	300	5
4957	303	2
4957	312	3
4957	317	3
4957	318	5
4957	329	4
4957	333	2
4957	340	3
4957	357	3
4957	360	3
4957	371	3
4957	372	2
4957	381	3
4957	410	3
4957	413	3
4957	434	2
4957	454	3
4957	457	4
4957	466	2
4957	480	3
4957	494	3
4957	497	5
4957	500	3
4957	514	3
4957	527	5
4957	529	5
4957	533	2
4957	546	2
4957	549	5
4957	550	3
4957	558	2
4957	580	3
4957	587	3
4957	588	4
4957	590	4
4957	593	4
4957	595	4
4957	608	4
4957	653	3
4957	709	3
4957	735	3
4957	736	2
4957	780	3
4957	784	3
4957	785	3
4957	788	2
4957	799	3
4957	833	2
4957	842	2
4957	858	5
4957	866	3
4957	903	4
4957	909	4
4957	910	5
4957	914	4
4957	922	5
4957	924	5
4957	926	5
4957	968	2
4957	984	3
4957	999	3
4957	1020	3
4957	1025	3
4957	1028	4
4957	1029	3
4957	1030	3
4957	1031	3
4957	1032	3
4957	1042	3
4957	1050	5
4957	1059	4
4957	1060	5
4957	1079	3
4957	1088	3
4957	1091	2
4957	1092	3
4957	1094	3
4957	1136	4
4957	1171	5
4957	1193	5
4957	1198	5
4957	1199	4
4957	1200	4
4957	1213	4
4957	1214	4
4957	1215	4
4957	1217	5
4957	1220	4
4957	1225	5
4957	1230	4
4957	1234	4
4957	1242	5
4957	1246	4
4957	1252	4
4957	1257	3
4957	1258	3
4957	1261	4
4957	1265	4
4957	1271	3
4957	1276	4
4957	1278	4
4957	1287	4
4957	1290	3
4957	1293	5
4957	1295	4
4957	1297	3
4957	1313	2
4957	1342	3
4957	1347	3
4957	1356	4
4957	1357	5
4957	1372	4
4957	1373	3
4957	1374	4
4957	1378	3
4957	1379	3
4957	1387	5
4957	1388	3
4957	1391	4
4957	1392	4
4957	1393	3
4957	1394	4
4957	1396	4
4957	1407	3
4957	1408	3
4957	1411	5
4957	1431	2
4957	1438	2
4957	1439	2
4957	1441	3
4957	1449	4
4957	1457	3
4957	1458	3
4957	1466	4
4957	1480	3
4957	1485	3
4957	1488	3
4957	1513	3
4957	1525	2
4957	1542	3
4957	1562	2
4957	1569	3
4957	1573	3
4957	1580	3
4957	1594	4
4957	1610	4
4957	1617	4
4957	1639	4
4957	1640	2
4957	1647	3
4957	1655	2
4957	1666	2
4957	1673	3
4957	1674	3
4957	1680	4
4957	1689	3
4957	1704	3
4957	1721	3
4957	1747	4
4957	1760	2
4957	1772	2
4957	1784	3
4957	1816	3
4957	1834	4
4957	1840	4
4957	1845	3
4957	1882	2
4957	1888	3
4957	1912	4
4957	1917	2
4957	1923	3
4957	1947	5
4957	1954	4
4957	1957	4
4957	1962	4
4957	1967	4
4957	1970	2
4957	1974	2
4957	1975	2
4957	1979	2
4957	1984	2
4957	1986	2
4957	1992	2
4957	2001	3
4957	2004	3
4957	2011	3
4957	2012	3
4957	2018	3
4957	2021	3
4957	2023	4
4957	2046	3
4957	2053	2
4957	2060	3
4957	2071	4
4957	2072	3
4957	2078	4
4957	2080	3
4957	2081	4
4957	2100	3
4957	2105	3
4957	2107	2
4957	2110	3
4957	2118	3
4957	2142	3
4957	2161	4
4957	2193	3
4957	2241	2
4957	2248	4
4957	2261	3
4957	2265	2
4957	2266	3
4957	2278	4
4957	2280	3
4957	2289	5
4957	2302	3
4957	2315	1
4957	2320	3
4957	2374	3
4957	2380	3
4957	2382	2
4957	2396	4
4957	2399	2
4957	2405	3
4957	2407	3
4957	2410	3
4957	2411	3
4957	2416	3
4957	2456	1
4957	2469	3
4957	2471	2
4957	2474	3
4957	2485	3
4957	2490	3
4957	2529	3
4957	2539	3
4957	2580	3
4957	2598	3
4957	2617	3
4957	2640	3
4957	2642	2
4957	2709	4
4957	2712	4
4957	2716	4
4957	2719	2
4957	2729	3
4957	2734	4
4957	2735	3
4957	2746	5
4957	2747	5
4957	2748	3
4957	2763	3
4957	2788	3
4957	2793	2
4957	2794	3
4957	2796	3
4957	2804	4
4957	2822	2
4957	2871	4
4957	2874	4
4957	2877	4
4957	2916	3
4957	2971	5
4957	2986	2
4957	2990	3
4957	3020	3
4957	3033	3
4957	3039	3
4957	3040	2
4957	3044	5
4957	3088	4
4957	3100	4
4957	3107	3
4957	3146	2
4957	3175	3
4957	3213	3
4957	3243	2
4957	3247	3
4957	3252	3
4957	3253	3
4957	3255	3
4957	3256	4
4957	3263	3
4957	3274	2
4957	3300	3
4957	3385	2
4957	3388	2
4957	3398	3
4957	3402	3
4957	3421	4
4957	3424	3
4957	3425	3
4957	3438	3
4957	3450	3
4957	3466	3
4957	3471	4
4957	3476	4
4957	3489	3
4957	3499	3
4957	3527	2
4957	3545	5
4957	3552	3
4957	3598	4
4957	3608	4
4957	3633	3
4957	3635	3
4957	3638	3
4957	3671	4
4957	3697	2
4957	3698	3
4957	3702	3
4957	3703	3
4957	3704	3
4957	3707	2
4957	3714	3
4957	3723	4
4957	3740	3
4965	10	4
4965	44	3
4965	70	4
4965	89	3
4965	153	3
4965	158	3
4965	170	2
4965	173	2
4965	181	1
4965	303	4
4965	329	2
4965	340	3
4965	376	4
4965	379	3
4965	457	4
4965	479	3
4965	480	5
4965	494	4
4965	533	3
4965	546	1
4965	558	2
4965	653	3
4965	736	4
4965	780	5
4965	786	3
4965	849	3
4965	1215	4
4965	1356	4
4965	1372	4
4965	1499	3
4965	1562	1
4965	1573	4
4965	1580	3
4965	1583	2
4965	1590	3
4965	1615	4
4965	1617	3
4965	1690	3
4965	1762	3
4965	1772	3
4965	1779	3
4965	1917	4
4965	1918	3
4965	2046	4
4965	2153	1
4965	2429	3
4965	2490	4
4965	2617	3
4965	2701	1
4965	2722	3
4965	2881	3
4965	2916	3
4965	2986	2
4965	2995	3
4965	2997	4
4965	3020	4
4965	3146	2
4965	3175	4
4965	3176	2
4965	3300	3
4965	3354	3
4965	3438	2
4965	3489	3
4965	3510	4
4965	3555	4
4965	3578	4
4965	3615	2
4965	3697	2
4965	3744	4
4965	3745	4
4965	3753	4
4967	36	4
4967	95	1
4967	110	3
4967	145	4
4967	203	5
4967	296	5
4967	307	5
4967	308	5
4967	318	5
4967	424	3
4967	500	4
4967	527	5
4967	590	5
4967	593	4
4967	608	5
4967	780	3
4967	1092	4
4967	1198	3
4967	1277	4
4967	1374	4
4967	1387	5
4967	1391	3
4967	1407	3
4967	1580	4
4967	1617	5
4967	1639	5
4967	1641	5
4967	1747	5
4967	1883	5
4967	2329	5
4967	2396	5
4967	2640	5
4967	2712	4
4967	2908	5
4967	2916	3
4967	2997	5
4967	3114	3
4967	3148	5
4967	3255	3
4967	3263	5
4967	3438	2
4967	3578	3
4967	3702	1
4967	3703	1
4967	3744	4
4967	3793	3
4967	3821	3
4971	858	5
4971	910	5
4971	952	4
4971	1079	4
4971	1136	4
4971	1198	4
4971	1276	5
4971	1394	3
4971	1721	4
4971	1722	4
4971	3157	2
4971	3468	4
4971	3671	4
4978	24	3
4978	198	5
4978	671	3
4978	780	3
4978	924	5
4978	968	5
4978	1019	4
4978	1199	5
4978	1206	5
4978	1214	4
4978	1230	3
4978	1306	4
4978	1374	4
4978	1391	4
4978	1396	4
4978	1580	3
4978	1924	1
4978	2009	3
4978	2011	3
4978	2021	3
4978	2053	2
4978	2105	4
4978	2377	5
4978	2407	5
4978	2529	4
4978	2664	5
4978	2701	2
4978	2916	4
4978	3145	2
4978	3175	4
4978	3471	4
4978	3702	4
4980	10	3
4980	36	5
4980	52	4
4980	110	2
4980	111	4
4980	231	4
4980	246	4
4980	296	4
4980	300	3
4980	318	4
4980	339	2
4980	342	3
4980	357	4
4980	372	3
4980	378	2
4980	457	3
4980	497	5
4980	515	3
4980	527	5
4980	555	4
4980	593	4
4980	608	4
4980	736	2
4980	832	3
4980	858	5
4980	908	3
4980	914	3
4980	953	4
4980	1020	2
4980	1060	4
4980	1092	2
4980	1096	5
4980	1136	5
4980	1193	4
4980	1198	4
4980	1200	3
4980	1206	4
4980	1213	4
4980	1220	4
4980	1225	5
4980	1234	4
4980	1246	5
4980	1258	4
4980	1265	4
4980	1292	4
4980	1293	4
4980	1357	4
4980	1374	3
4980	1387	4
4980	1394	4
4980	1401	3
4980	1411	4
4980	1480	3
4980	1485	2
4980	1562	2
4980	1580	4
4980	1610	3
4980	1617	4
4980	1633	4
4980	1641	4
4980	1674	3
4980	1704	4
4980	1721	3
4980	1734	4
4980	1835	2
4980	1883	4
4980	1923	3
4980	1947	4
4980	1954	4
4980	1957	4
4980	1962	4
4980	2022	4
4980	2100	4
4980	2112	3
4980	2318	4
4980	2336	3
4980	2359	4
4980	2396	4
4980	2407	3
4980	2692	5
4980	2701	3
4980	2716	4
4980	2916	3
4980	2997	4
4980	3039	4
4980	3079	4
4980	3100	4
4980	3198	4
4980	3203	3
4980	3252	3
4980	3274	3
4980	3418	4
4980	3450	3
4980	3499	4
4980	3524	3
4980	3552	4
4980	3608	2
4980	3635	3
4980	3804	2
4984	34	4
4984	36	5
4984	78	4
4984	105	3
4984	110	2
4984	111	5
4984	222	3
4984	235	2
4984	246	5
4984	321	4
4984	527	3
4984	580	3
4984	593	4
4984	608	4
4984	858	3
4984	908	5
4984	909	3
4984	922	5
4984	1051	4
4984	1104	4
4984	1131	4
4984	1132	5
4984	1147	4
4984	1161	3
4984	1189	5
4984	1193	5
4984	1222	4
4984	1225	4
4984	1228	4
4984	1246	3
4984	1252	5
4984	1271	4
4984	1276	4
4984	1288	4
4984	1293	4
4984	1295	4
4984	1366	3
4984	1392	3
4984	1393	4
4984	1542	3
4984	1633	4
4984	1660	3
4984	1674	3
4984	1704	2
4984	1794	3
4984	1834	4
4984	1953	3
4984	1954	1
4984	1962	3
4984	1964	3
4984	2019	2
4984	2022	2
4984	2112	4
4984	2130	5
4984	2132	5
4984	2245	2
4984	2289	4
4984	2341	3
4984	2370	2
4984	2435	3
4984	2532	1
4984	2639	4
4984	2729	4
4984	2745	3
4984	2890	1
4984	2908	4
4984	2912	4
4984	2950	1
4984	2972	4
4984	2997	3
4984	3006	3
4984	3072	4
4984	3077	4
4984	3090	4
4984	3100	3
4984	3112	3
4984	3148	3
4984	3169	2
4984	3198	3
4984	3211	3
4984	3252	4
4984	3424	3
4984	3668	2
4984	3684	2
4984	3700	4
4984	3707	4
4996	6	4
4996	296	5
4996	608	5
4996	969	3
4996	1213	5
4996	1396	4
4996	1466	5
4996	1617	3
4996	2278	4
4996	2391	5
4996	2580	5
4996	3700	2
4996	3702	4
4996	3703	4
4996	3704	4
4996	3714	4
4996	3744	5
4996	3760	2
4996	3791	2
5003	329	5
5003	480	5
5003	593	5
5003	608	5
5003	780	5
5003	1356	4
5003	1372	4
5003	1580	4
5003	1610	5
5003	1721	5
5003	2012	4
5003	2353	5
5003	2916	5
5003	3697	5
5005	10	4
5005	17	4
5005	31	3
5005	36	5
5005	78	3
5005	110	4
5005	151	3
5005	153	3
5005	170	3
5005	181	2
5005	203	5
5005	210	3
5005	235	3
5005	296	3
5005	299	3
5005	317	3
5005	318	5
5005	342	4
5005	351	3
5005	357	4
5005	362	3
5005	410	4
5005	454	3
5005	457	4
5005	500	4
5005	510	3
5005	527	5
5005	529	4
5005	538	4
5005	588	4
5005	590	4
5005	593	5
5005	595	4
5005	608	4
5005	621	1
5005	647	4
5005	653	4
5005	780	4
5005	830	3
5005	858	4
5005	903	4
5005	914	5
5005	924	4
5005	1008	3
5005	1014	2
5005	1017	3
5005	1020	3
5005	1025	3
5005	1028	4
5005	1029	4
5005	1030	2
5005	1041	5
5005	1083	4
5005	1084	4
5005	1088	5
5005	1094	4
5005	1104	5
5005	1135	2
5005	1167	4
5005	1183	2
5005	1193	5
5005	1198	4
5005	1201	1
5005	1206	4
5005	1225	5
5005	1230	2
5005	1234	4
5005	1242	4
5005	1246	5
5005	1252	4
5005	1272	4
5005	1276	4
5005	1278	3
5005	1287	3
5005	1292	3
5005	1293	4
5005	1333	5
5005	1363	3
5005	1366	4
5005	1391	3
5005	1562	3
5005	1569	4
5005	1580	4
5005	1598	4
5005	1610	5
5005	1612	4
5005	1617	5
5005	1641	4
5005	1660	4
5005	1665	2
5005	1674	3
5005	1687	3
5005	1704	4
5005	1721	1
5005	1722	3
5005	1729	3
5005	1747	3
5005	1804	3
5005	1816	2
5005	1834	4
5005	1867	3
5005	1883	3
5005	1920	4
5005	1923	3
5005	1947	5
5005	1949	5
5005	1950	5
5005	1953	4
5005	1954	3
5005	1955	4
5005	1957	5
5005	2011	2
5005	2015	2
5005	2018	3
5005	2029	4
5005	2078	3
5005	2080	3
5005	2081	3
5005	2083	3
5005	2100	3
5005	2102	5
5005	2105	2
5005	2147	1
5005	2151	3
5005	2177	3
5005	2193	2
5005	2245	2
5005	2289	3
5005	2312	4
5005	2320	4
5005	2336	4
5005	2346	2
5005	2353	3
5005	2359	4
5005	2370	3
5005	2396	4
5005	2397	3
5005	2399	3
5005	2405	3
5005	2407	3
5005	2433	4
5005	2437	4
5005	2442	2
5005	2469	4
5005	2474	2
5005	2501	4
5005	2520	4
5005	2529	3
5005	2531	1
5005	2539	4
5005	2567	3
5005	2589	2
5005	2640	3
5005	2672	3
5005	2701	4
5005	2709	3
5005	2716	4
5005	2764	3
5005	2795	3
5005	2819	4
5005	2871	4
5005	2877	3
5005	2881	4
5005	2889	4
5005	2890	2
5005	2919	1
5005	2921	1
5005	2950	2
5005	2951	1
5005	2990	3
5005	2997	4
5005	3037	4
5005	3053	4
5005	3062	3
5005	3107	4
5005	3148	4
5005	3169	3
5005	3176	4
5005	3244	2
5005	3247	4
5005	3251	5
5005	3255	3
5005	3362	3
5005	3398	3
5005	3438	2
5005	3461	4
5005	3467	4
5005	3471	3
5005	3479	3
5005	3524	3
5005	3545	3
5005	3578	4
5005	3634	3
5005	3635	2
5005	3668	4
5005	3671	5
5005	3672	3
5005	3681	1
5005	3712	2
5005	3729	4
5005	3733	3
5005	3744	4
5005	3783	4
5006	110	4
5006	918	5
5006	922	4
5006	931	5
5006	942	4
5006	953	5
5006	1024	4
5006	1029	4
5006	1032	3
5006	1252	4
5006	1617	4
5006	1702	4
5006	1729	4
5006	1935	5
5006	1936	5
5006	1938	4
5006	1942	4
5006	2018	5
5006	2202	4
5006	2203	4
5006	3061	4
5026	5	2
5026	6	4
5026	10	4
5026	19	2
5026	20	2
5026	34	3
5026	42	3
5026	63	1
5026	65	1
5026	76	2
5026	95	3
5026	110	4
5026	153	2
5026	157	1
5026	161	4
5026	163	2
5026	173	2
5026	181	1
5026	198	1
5026	216	2
5026	231	4
5026	236	2
5026	256	4
5026	277	3
5026	296	3
5026	303	2
5026	317	3
5026	318	5
5026	329	2
5026	333	3
5026	339	3
5026	351	3
5026	355	1
5026	362	3
5026	371	2
5026	376	3
5026	379	3
5026	410	3
5026	413	3
5026	415	2
5026	419	2
5026	432	2
5026	434	3
5026	457	5
5026	479	2
5026	480	4
5026	500	4
5026	518	1
5026	527	5
5026	529	3
5026	587	4
5026	588	3
5026	593	4
5026	595	4
5026	608	3
5026	736	3
5026	743	2
5026	780	4
5026	784	1
5026	785	1
5026	786	3
5026	788	2
5026	798	3
5026	832	4
5026	836	2
5026	849	1
5026	858	5
5026	880	1
5026	905	5
5026	908	5
5026	909	4
5026	910	4
5026	911	4
5026	914	4
5026	915	4
5026	924	4
5026	929	4
5026	933	4
5026	934	4
5026	943	4
5026	948	4
5026	953	5
5026	968	1
5026	969	4
5026	999	1
5026	1008	4
5026	1013	3
5026	1015	4
5026	1017	4
5026	1019	4
5026	1020	2
5026	1028	4
5026	1032	4
5026	1042	3
5026	1079	4
5026	1084	4
5026	1086	4
5026	1088	3
5026	1091	3
5026	1092	3
5026	1104	4
5026	1126	1
5026	1135	3
5026	1136	4
5026	1198	5
5026	1200	4
5026	1201	4
5026	1204	4
5026	1206	1
5026	1213	3
5026	1214	4
5026	1220	5
5026	1222	4
5026	1225	4
5026	1226	4
5026	1234	4
5026	1242	4
5026	1246	4
5026	1258	4
5026	1265	3
5026	1271	4
5026	1272	4
5026	1275	4
5026	1278	4
5026	1283	4
5026	1286	4
5026	1287	5
5026	1288	1
5026	1293	3
5026	1297	2
5026	1333	5
5026	1339	3
5026	1356	2
5026	1372	2
5026	1373	2
5026	1374	4
5026	1378	4
5026	1379	2
5026	1382	3
5026	1387	4
5026	1388	3
5026	1391	1
5026	1393	3
5026	1396	2
5026	1408	4
5026	1425	1
5026	1431	2
5026	1438	1
5026	1445	1
5026	1485	4
5026	1488	2
5026	1513	4
5026	1566	2
5026	1569	2
5026	1573	4
5026	1580	4
5026	1590	1
5026	1592	1
5026	1609	1
5026	1610	5
5026	1616	3
5026	1617	3
5026	1641	2
5026	1665	1
5026	1673	1
5026	1687	2
5026	1689	3
5026	1690	2
5026	1704	3
5026	1721	4
5026	1722	3
5026	1729	3
5026	1731	1
5026	1744	2
5026	1747	4
5026	1762	2
5026	1779	1
5026	1792	3
5026	1806	3
5026	1812	1
5026	1833	4
5026	1835	3
5026	1837	1
5026	1862	1
5026	1863	1
5026	1882	1
5026	1883	1
5026	1888	3
5026	1917	3
5026	1918	2
5026	1920	2
5026	1923	2
5026	1927	5
5026	1931	4
5026	1949	4
5026	1953	4
5026	1954	4
5026	1955	3
5026	1962	4
5026	1967	1
5026	1997	3
5026	2001	3
5026	2009	4
5026	2011	3
5026	2012	3
5026	2015	4
5026	2016	3
5026	2018	4
5026	2021	4
5026	2022	1
5026	2023	2
5026	2046	5
5026	2053	1
5026	2071	2
5026	2077	4
5026	2078	4
5026	2080	4
5026	2081	3
5026	2100	3
5026	2105	1
5026	2110	2
5026	2120	2
5026	2121	1
5026	2142	3
5026	2143	2
5026	2146	3
5026	2147	3
5026	2161	2
5026	2179	2
5026	2183	4
5026	2203	5
5026	2204	4
5026	2241	3
5026	2247	3
5026	2278	2
5026	2289	3
5026	2302	3
5026	2307	1
5026	2311	3
5026	2322	1
5026	2346	3
5026	2353	3
5026	2359	4
5026	2369	1
5026	2373	2
5026	2374	3
5026	2377	1
5026	2380	1
5026	2382	1
5026	2385	2
5026	2395	1
5026	2396	2
5026	2401	4
5026	2405	4
5026	2407	4
5026	2408	2
5026	2410	3
5026	2411	1
5026	2424	4
5026	2429	2
5026	2433	2
5026	2456	1
5026	2457	3
5026	2458	2
5026	2468	1
5026	2469	2
5026	2471	3
5026	2485	2
5026	2490	2
5026	2501	4
5026	2529	5
5026	2530	4
5026	2531	4
5026	2532	4
5026	2533	4
5026	2539	4
5026	2546	2
5026	2558	1
5026	2568	1
5026	2574	2
5026	2581	4
5026	2598	2
5026	2600	1
5026	2606	1
5026	2617	4
5026	2640	4
5026	2642	3
5026	2664	4
5026	2672	2
5026	2701	2
5026	2709	2
5026	2712	1
5026	2716	4
5026	2722	2
5026	2734	2
5026	2735	2
5026	2739	4
5026	2746	2
5026	2748	1
5026	2761	3
5026	2763	3
5026	2764	4
5026	2771	2
5026	2772	1
5026	2793	1
5026	2794	2
5026	2798	1
5026	2815	3
5026	2819	4
5026	2826	2
5026	2840	1
5026	2871	5
5026	2881	3
5026	2883	1
5026	2889	2
5026	2890	2
5026	2908	1
5026	2915	3
5026	2916	4
5026	2921	4
5026	2922	4
5026	2951	4
5026	2953	1
5026	2976	2
5026	2979	1
5026	2986	1
5026	2990	2
5026	2993	4
5026	2995	1
5026	2996	2
5026	2997	2
5026	3006	3
5026	3015	2
5026	3020	1
5026	3033	1
5026	3053	2
5026	3062	4
5026	3068	3
5026	3072	4
5026	3088	4
5026	3100	3
5026	3104	4
5026	3107	4
5026	3114	3
5026	3125	1
5026	3146	1
5026	3157	3
5026	3169	4
5026	3175	3
5026	3176	2
5026	3196	5
5026	3203	3
5026	3211	4
5026	3219	2
5026	3243	2
5026	3247	3
5026	3252	4
5026	3253	4
5026	3255	3
5026	3256	3
5026	3263	3
5026	3269	4
5026	3274	3
5026	3300	2
5026	3354	2
5026	3365	4
5026	3372	3
5026	3385	1
5026	3388	2
5026	3409	3
5026	3418	3
5026	3421	4
5026	3430	3
5026	3444	2
5026	3450	4
5026	3468	4
5026	3471	4
5026	3479	3
5026	3487	4
5026	3489	4
5026	3499	3
5026	3501	3
5026	3505	4
5026	3508	4
5026	3510	4
5026	3513	4
5026	3524	3
5026	3527	4
5026	3552	3
5026	3555	4
5026	3578	4
5026	3579	2
5026	3590	1
5026	3608	3
5026	3615	4
5026	3633	4
5026	3634	4
5026	3635	3
5026	3638	3
5026	3643	3
5026	3646	1
5026	3649	2
5026	3654	4
5026	3671	2
5026	3672	3
5026	3681	4
5026	3697	3
5026	3698	4
5026	3702	5
5026	3703	4
5026	3704	3
5026	3708	1
5026	3715	1
5026	3740	2
5026	3766	3
5026	3768	2
5026	3783	1
5026	3791	3
5028	588	3
5028	720	5
5028	914	4
5028	1028	3
5028	1223	5
5028	1288	5
5028	2078	4
5028	2081	3
5028	3034	2
5028	3159	3
5028	3398	3
5028	3429	5
5030	785	5
5030	858	5
5030	2395	4
5030	2581	2
5030	2716	5
5030	2770	1
5030	2772	5
5030	2881	2
5030	2997	4
5030	3114	4
5030	3253	4
5035	5	4
5035	34	4
5035	95	4
5035	110	3
5035	122	3
5035	153	3
5035	186	3
5035	236	3
5035	256	3
5035	317	3
5035	329	5
5035	339	4
5035	351	4
5035	355	4
5035	357	5
5035	378	3
5035	457	4
5035	480	4
5035	500	3
5035	587	4
5035	780	4
5035	788	3
5035	830	4
5035	838	4
5035	858	3
5035	933	4
5035	1028	4
5035	1083	4
5035	1091	3
5035	1113	3
5035	1136	3
5035	1198	5
5035	1200	2
5035	1204	3
5035	1220	5
5035	1257	5
5035	1275	2
5035	1277	3
5035	1288	5
5035	1356	4
5035	1372	5
5035	1373	3
5035	1374	3
5035	1378	4
5035	1394	4
5035	1396	5
5035	1441	3
5035	1566	4
5035	1580	5
5035	1610	4
5035	1722	3
5035	1747	2
5035	1888	3
5035	1912	3
5035	1923	3
5035	2001	4
5035	2011	4
5035	2012	4
5035	2021	4
5035	2078	4
5035	2081	5
5035	2100	4
5035	2245	3
5035	2247	3
5035	2248	5
5035	2289	3
5035	2302	4
5035	2353	4
5035	2374	3
5035	2380	3
5035	2396	5
5035	2405	5
5035	2407	3
5035	2424	4
5035	2457	4
5035	2468	4
5035	2469	3
5035	2471	3
5035	2558	4
5035	2598	3
5035	2640	5
5035	2642	4
5035	2690	3
5035	2701	4
5035	2735	3
5035	2747	4
5035	2752	4
5035	2763	3
5035	2794	4
5035	2795	4
5035	2796	3
5035	2804	4
5035	2870	4
5035	2915	4
5035	2916	2
5035	2997	3
5035	3033	4
5035	3039	5
5035	3040	4
5035	3072	4
5035	3104	4
5035	3107	3
5035	3114	5
5035	3175	4
5035	3247	4
5035	3253	4
5035	3255	5
5035	3421	4
5035	3424	3
5035	3524	3
5035	3552	4
5035	3555	4
5035	3578	4
5035	3671	3
5035	3740	4
5035	3760	2
5045	500	1
5045	910	4
5045	1223	4
5045	1230	5
5045	1265	3
5045	1617	4
5045	1963	3
5045	2289	3
5045	2520	1
5045	2709	1
5045	2716	1
5045	2788	4
5045	2804	5
5045	2915	1
5045	3253	3
5045	3421	5
5045	3424	3
5045	3671	4
5045	3692	1
5046	5	1
5046	6	4
5046	10	4
5046	17	4
5046	22	4
5046	24	1
5046	28	5
5046	34	5
5046	42	2
5046	63	2
5046	65	4
5046	70	4
5046	95	4
5046	110	5
5046	111	5
5046	122	3
5046	140	4
5046	144	2
5046	151	4
5046	153	1
5046	161	4
5046	163	2
5046	170	4
5046	173	1
5046	174	4
5046	180	4
5046	198	4
5046	203	3
5046	216	1
5046	231	5
5046	235	5
5046	246	5
5046	247	4
5046	269	4
5046	293	5
5046	296	5
5046	300	5
5046	303	4
5046	308	5
5046	318	1
5046	334	5
5046	355	1
5046	357	3
5046	371	3
5046	372	1
5046	373	4
5046	376	4
5046	379	2
5046	422	2
5046	429	4
5046	432	2
5046	434	4
5046	441	5
5046	448	5
5046	454	3
5046	457	5
5046	459	2
5046	466	4
5046	477	5
5046	480	4
5046	493	5
5046	494	3
5046	497	4
5046	500	1
5046	511	4
5046	513	1
5046	514	4
5046	515	5
5046	527	4
5046	532	4
5046	538	3
5046	546	3
5046	549	5
5046	550	2
5046	555	4
5046	574	4
5046	588	3
5046	590	4
5046	593	5
5046	595	4
5046	608	5
5046	610	3
5046	628	3
5046	647	4
5046	671	4
5046	707	2
5046	780	3
5046	782	2
5046	784	2
5046	785	5
5046	788	4
5046	832	1
5046	833	2
5046	838	4
5046	858	4
5046	866	4
5046	903	5
5046	908	5
5046	909	5
5046	910	5
5046	922	5
5046	924	5
5046	926	5
5046	933	3
5046	953	3
5046	999	2
5046	1029	4
5046	1041	3
5046	1060	5
5046	1079	2
5046	1084	5
5046	1088	2
5046	1091	2
5046	1092	5
5046	1094	4
5046	1131	5
5046	1132	4
5046	1135	4
5046	1136	4
5046	1147	5
5046	1150	4
5046	1171	4
5046	1178	5
5046	1189	5
5046	1193	4
5046	1198	5
5046	1199	2
5046	1200	5
5046	1201	5
5046	1206	5
5046	1213	5
5046	1214	4
5046	1215	4
5046	1217	4
5046	1220	3
5046	1222	4
5046	1225	5
5046	1227	4
5046	1228	5
5046	1230	4
5046	1234	5
5046	1237	5
5046	1238	5
5046	1242	5
5046	1246	4
5046	1251	4
5046	1252	5
5046	1257	5
5046	1258	2
5046	1261	5
5046	1264	5
5046	1265	4
5046	1272	4
5046	1275	1
5046	1276	5
5046	1277	5
5046	1278	4
5046	1283	5
5046	1287	4
5046	1288	5
5046	1289	5
5046	1292	3
5046	1293	3
5046	1297	4
5046	1313	1
5046	1333	4
5046	1339	3
5046	1340	5
5046	1342	3
5046	1347	5
5046	1373	1
5046	1374	4
5046	1387	5
5046	1391	3
5046	1393	4
5046	1394	5
5046	1407	3
5046	1408	5
5046	1413	5
5046	1414	4
5046	1449	3
5046	1466	4
5046	1499	2
5046	1573	5
5046	1580	4
5046	1594	5
5046	1610	3
5046	1615	3
5046	1617	5
5046	1640	4
5046	1641	4
5046	1649	5
5046	1673	5
5046	1674	4
5046	1690	2
5046	1722	4
5046	1729	5
5046	1769	2
5046	1784	4
5046	1785	5
5046	1794	5
5046	1834	4
5046	1845	4
5046	1883	4
5046	1912	5
5046	1918	4
5046	1923	5
5046	1947	4
5046	1950	5
5046	1953	5
5046	1954	5
5046	1957	3
5046	1967	4
5046	1972	1
5046	1994	5
5046	1997	5
5046	2001	5
5046	2009	3
5046	2010	5
5046	2011	3
5046	2018	4
5046	2019	5
5046	2021	1
5046	2022	4
5046	2023	3
5046	2038	4
5046	2058	2
5046	2060	4
5046	2078	3
5046	2081	2
5046	2083	4
5046	2100	5
5046	2105	2
5046	2110	2
5046	2111	4
5046	2112	2
5046	2118	4
5046	2121	1
5046	2122	4
5046	2130	4
5046	2138	4
5046	2143	1
5046	2159	5
5046	2178	4
5046	2193	4
5046	2241	4
5046	2245	4
5046	2247	4
5046	2248	3
5046	2252	4
5046	2261	2
5046	2278	5
5046	2282	4
5046	2289	4
5046	2312	4
5046	2313	5
5046	2318	4
5046	2336	5
5046	2353	3
5046	2369	4
5046	2370	4
5046	2374	4
5046	2395	4
5046	2396	4
5046	2401	3
5046	2405	2
5046	2407	4
5046	2410	4
5046	2416	4
5046	2433	5
5046	2457	2
5046	2469	3
5046	2474	3
5046	2490	4
5046	2501	3
5046	2539	4
5046	2551	3
5046	2580	3
5046	2612	5
5046	2640	4
5046	2659	4
5046	2692	4
5046	2712	2
5046	2716	3
5046	2722	2
5046	2726	5
5046	2734	2
5046	2735	1
5046	2743	3
5046	2745	2
5046	2746	3
5046	2752	3
5046	2763	4
5046	2764	3
5046	2770	2
5046	2788	5
5046	2794	2
5046	2795	4
5046	2796	3
5046	2798	1
5046	2804	5
5046	2815	2
5046	2816	4
5046	2817	4
5046	2822	2
5046	2826	4
5046	2866	4
5046	2871	5
5046	2890	5
5046	2912	4
5046	2915	5
5046	2916	5
5046	2917	4
5046	2922	3
5046	2928	3
5046	2932	2
5046	2950	2
5046	2951	4
5046	2953	1
5046	2986	4
5046	2990	3
5046	2993	3
5046	2997	5
5046	3006	3
5046	3019	3
5046	3020	2
5046	3036	5
5046	3039	4
5046	3040	4
5046	3044	2
5046	3068	3
5046	3072	3
5046	3077	5
5046	3090	5
5046	3102	4
5046	3104	5
5046	3107	4
5046	3114	5
5046	3125	4
5046	3148	3
5046	3169	4
5046	3176	4
5046	3203	5
5046	3219	2
5046	3223	4
5046	3243	4
5046	3247	3
5046	3253	4
5046	3255	3
5046	3256	5
5046	3263	4
5046	3267	5
5046	3272	1
5046	3274	3
5046	3308	4
5046	3317	3
5046	3330	5
5046	3334	5
5046	3359	4
5046	3362	5
5046	3365	5
5046	3385	3
5046	3418	4
5046	3421	5
5046	3424	3
5046	3444	4
5046	3467	4
5046	3468	4
5046	3471	4
5046	3476	3
5046	3479	4
5046	3489	1
5046	3499	4
5046	3505	5
5046	3508	3
5046	3524	4
5046	3527	5
5046	3551	2
5046	3552	5
5046	3555	4
5046	3578	2
5046	3598	2
5046	3608	5
5046	3634	4
5046	3635	3
5046	3638	2
5046	3671	5
5046	3681	5
5046	3684	5
5046	3692	4
5046	3697	3
5046	3698	3
5046	3700	5
5046	3702	5
5046	3703	5
5046	3704	3
5046	3708	4
5046	3710	3
5046	3712	3
5046	3727	2
5046	3728	5
5046	3732	2
5046	3738	5
5046	3740	4
5046	3744	5
5046	3753	2
5046	3760	5
5046	3783	4
5046	3791	3
5046	3811	5
5046	3819	4
5046	3844	3
5046	3893	5
5046	3929	5
5055	480	2
5055	497	4
5055	590	2
5055	922	5
5055	932	3
5055	1211	5
5055	1230	4
5055	1265	5
5055	1283	5
5055	2951	4
5055	3044	4
5055	3244	3
5055	3284	4
5055	3524	2
5055	3668	5
5055	3671	3
5055	3707	3
5055	3723	3
5055	3766	2
5063	17	4
5063	110	5
5063	236	3
5063	511	1
5063	590	5
5063	838	4
5063	914	4
5063	915	4
5063	916	4
5063	918	5
5063	932	4
5063	934	5
5063	943	5
5063	953	5
5063	1013	5
5063	1028	4
5063	1059	5
5063	1086	3
5063	1088	4
5063	1104	3
5063	1225	5
5063	1265	4
5063	1277	3
5063	1287	5
5063	1333	4
5063	1366	4
5063	1513	2
5063	1569	2
5063	1704	5
5063	1721	3
5063	1994	3
5063	2059	4
5063	2080	4
5063	2081	5
5063	2100	3
5063	2396	5
5063	2617	3
5063	2709	1
5063	2719	2
5063	2761	2
5063	2870	4
5063	2996	5
5063	3088	4
5063	3157	4
5063	3269	1
5063	3354	2
5063	3546	3
5063	3753	4
5063	3784	4
5064	6	4
5064	34	3
5064	111	5
5064	235	3
5064	293	3
5064	296	5
5064	307	4
5064	308	5
5064	318	5
5064	457	5
5064	493	3
5064	527	5
5064	608	5
5064	858	5
5064	903	4
5064	908	5
5064	924	5
5064	1034	3
5064	1094	3
5064	1178	5
5064	1193	5
5064	1199	2
5064	1200	4
5064	1213	5
5064	1222	5
5064	1258	4
5064	1276	4
5064	1333	4
5064	1466	4
5064	1699	4
5064	1704	5
5064	1729	2
5064	2023	2
5064	2289	5
5064	2302	3
5064	2362	3
5064	2395	4
5064	2580	3
5064	2804	5
5064	2890	5
5064	2997	3
5064	3019	5
5064	3114	4
5064	3424	3
5064	3467	5
5064	3468	4
5064	3476	5
5064	3702	4
5064	3783	5
5065	10	3
5065	34	4
5065	235	4
5065	454	3
5065	457	4
5065	480	4
5065	497	4
5065	527	5
5065	546	2
5065	587	5
5065	588	4
5065	590	5
5065	593	4
5065	595	5
5065	653	2
5065	709	1
5065	780	2
5065	783	5
5065	858	4
5065	903	4
5065	907	3
5065	911	4
5065	924	2
5065	945	4
5065	947	5
5065	1028	4
5065	1029	3
5065	1079	4
5065	1091	2
5065	1092	3
5065	1094	4
5065	1135	3
5065	1136	4
5065	1193	5
5065	1199	2
5065	1200	4
5065	1214	5
5065	1217	5
5065	1222	3
5065	1230	1
5065	1242	5
5065	1265	4
5065	1276	4
5065	1283	4
5065	1288	3
5065	1356	4
5065	1373	1
5065	1374	3
5065	1378	3
5065	1396	5
5065	1441	3
5065	1566	2
5065	1580	2
5065	1610	5
5065	1674	4
5065	1721	5
5065	1785	2
5065	1923	3
5065	1953	2
5065	1994	4
5065	2011	3
5065	2012	4
5065	2018	4
5065	2021	4
5065	2024	4
5065	2078	4
5065	2080	4
5065	2081	5
5065	2083	4
5065	2097	4
5065	2100	3
5065	2105	3
5065	2118	5
5065	2121	2
5065	2138	4
5065	2142	4
5065	2173	5
5065	2193	3
5065	2208	4
5065	2248	4
5065	2287	3
5065	2302	4
5065	2396	4
5065	2401	4
5065	2407	4
5065	2640	4
5065	2709	4
5065	2716	4
5065	2770	5
5065	2890	5
5065	2905	5
5065	2915	2
5065	2916	3
5065	3022	5
5065	3034	4
5065	3039	4
5065	3044	4
5065	3088	5
5065	3114	5
5065	3247	4
5065	3255	4
5065	3334	4
5065	3421	3
5065	3424	2
5065	3438	1
5065	3471	5
5065	3476	3
5065	3479	3
5065	3489	2
5065	3552	2
5065	3608	5
5065	3638	4
5065	3671	3
5067	905	4
5067	907	1
5067	908	5
5067	945	3
5067	1104	5
5067	1204	5
5067	1225	4
5067	1230	5
5067	1252	4
5067	1947	5
5067	2019	5
5067	2804	4
5067	3196	5
5067	3359	3
5067	3545	5
5068	593	4
5068	1096	4
5068	1225	4
5068	1228	4
5068	1242	4
5068	1246	5
5068	1286	4
5068	1288	4
5068	1580	3
5068	1674	4
5068	1954	4
5068	1957	4
5068	1962	4
5068	2022	4
5068	2313	4
5068	2370	4
5068	2474	4
5068	2739	4
5068	3019	4
5068	3068	4
5068	3090	5
5068	3169	4
5068	3251	4
5068	3424	3
5068	3478	4
5068	3685	4
5078	34	3
5078	329	5
5078	480	4
5078	934	5
5078	1019	3
5078	1078	5
5078	1206	2
5078	1230	5
5078	1265	4
5078	1356	5
5078	1372	4
5078	1373	5
5078	1374	5
5078	1394	1
5078	1573	2
5078	1580	5
5078	1721	3
5078	2009	3
5078	2100	2
5078	2311	3
5078	2346	4
5078	2529	3
5078	2640	5
5078	2716	4
5078	2788	5
5078	2915	3
5078	3088	4
5078	3471	5
5078	3671	5
5088	480	4
5088	924	5
5088	968	5
5088	1200	5
5088	1206	5
5088	1214	5
5088	1215	4
5088	2529	4
5088	2916	4
5088	3471	4
5088	3703	5
5094	6	5
5094	110	5
5094	161	4
5094	296	5
5094	318	5
5094	457	5
5094	527	5
5094	608	5
5094	647	4
5094	741	5
5094	780	3
5094	858	5
5094	1193	5
5094	1200	4
5094	1214	4
5094	1215	5
5094	1222	5
5094	1258	5
5094	1261	4
5094	1387	4
5094	1408	5
5094	1610	5
5094	1617	5
5094	1912	4
5094	1954	5
5094	1997	5
5094	2058	4
5094	2353	4
5094	2529	5
5094	2840	3
5094	2916	4
5094	3104	4
5094	3404	2
5094	3527	4
5094	3578	4
5097	527	5
5097	593	5
5097	910	5
5097	924	4
5097	969	5
5097	999	4
5097	1019	5
5097	1136	5
5097	1178	5
5097	1193	5
5097	1204	5
5097	1214	4
5097	1222	5
5097	1234	4
5097	1238	3
5097	1276	5
5097	1288	3
5097	1292	5
5097	1513	3
5097	1617	5
5097	1680	4
5097	1734	5
5097	1914	4
5097	2012	3
5097	2147	2
5097	2318	5
5097	2329	5
5097	2336	4
5097	2396	5
5097	2598	4
5097	2670	4
5097	2690	4
5097	2692	4
5097	2716	4
5097	2734	2
5097	2770	4
5097	2829	4
5097	2840	2
5097	2881	3
5097	2908	5
5097	2976	3
5097	2996	4
5097	2997	5
5097	3006	5
5097	3053	2
5097	3146	2
5097	3169	3
5097	3175	3
5097	3176	4
5097	3185	4
5097	3317	4
5097	3326	5
5097	3362	5
5097	3420	4
5097	3421	5
5097	3478	4
5097	3578	4
5097	3811	4
5097	3873	4
5097	3893	4
5100	5	4
5100	17	4
5100	19	1
5100	24	4
5100	34	4
5100	35	5
5100	41	5
5100	105	4
5100	110	5
5100	111	5
5100	144	3
5100	158	3
5100	203	4
5100	216	1
5100	231	1
5100	232	4
5100	235	5
5100	246	5
5100	262	5
5100	269	3
5100	296	4
5100	300	4
5100	317	4
5100	318	5
5100	321	5
5100	334	3
5100	339	5
5100	348	3
5100	355	2
5100	357	4
5100	373	4
5100	422	4
5100	429	1
5100	454	3
5100	457	5
5100	477	4
5100	480	4
5100	500	5
5100	506	4
5100	513	3
5100	515	5
5100	527	5
5100	529	5
5100	587	5
5100	588	5
5100	590	5
5100	593	5
5100	595	5
5100	608	5
5100	609	2
5100	621	5
5100	720	4
5100	728	5
5100	736	3
5100	780	3
5100	783	3
5100	784	1
5100	785	4
5100	788	3
5100	830	4
5100	837	5
5100	838	4
5100	849	4
5100	851	4
5100	858	5
5100	903	5
5100	905	5
5100	908	5
5100	909	4
5100	911	5
5100	914	5
5100	918	5
5100	924	5
5100	926	5
5100	932	4
5100	938	4
5100	952	5
5100	953	5
5100	968	4
5100	969	5
5100	971	5
5100	986	4
5100	1013	3
5100	1015	3
5100	1017	3
5100	1019	4
5100	1028	5
5100	1029	5
5100	1032	5
5100	1041	4
5100	1050	5
5100	1054	5
5100	1078	5
5100	1084	5
5100	1086	5
5100	1088	4
5100	1092	4
5100	1094	5
5100	1096	5
5100	1104	5
5100	1131	5
5100	1132	5
5100	1135	4
5100	1136	5
5100	1150	5
5100	1161	5
5100	1162	5
5100	1171	5
5100	1178	5
5100	1183	4
5100	1189	5
5100	1193	5
5100	1198	4
5100	1199	4
5100	1200	4
5100	1201	5
5100	1204	5
5100	1206	5
5100	1213	5
5100	1214	5
5100	1217	5
5100	1220	5
5100	1225	4
5100	1227	5
5100	1228	5
5100	1230	5
5100	1234	5
5100	1237	5
5100	1238	5
5100	1242	5
5100	1246	5
5100	1251	5
5100	1252	5
5100	1258	5
5100	1264	5
5100	1265	5
5100	1271	5
5100	1272	5
5100	1276	5
5100	1278	5
5100	1283	5
5100	1286	5
5100	1287	4
5100	1289	5
5100	1292	5
5100	1293	5
5100	1295	4
5100	1333	5
5100	1339	4
5100	1346	4
5100	1367	3
5100	1374	3
5100	1387	5
5100	1388	3
5100	1393	4
5100	1394	4
5100	1396	4
5100	1441	5
5100	1472	4
5100	1542	5
5100	1569	4
5100	1580	4
5100	1594	4
5100	1595	2
5100	1611	4
5100	1617	5
5100	1633	3
5100	1641	5
5100	1649	5
5100	1660	4
5100	1665	3
5100	1673	2
5100	1674	5
5100	1684	4
5100	1688	3
5100	1702	2
5100	1704	5
5100	1721	4
5100	1722	3
5100	1727	3
5100	1747	5
5100	1772	2
5100	1834	5
5100	1883	5
5100	1914	4
5100	1927	5
5100	1931	5
5100	1942	5
5100	1943	4
5100	1947	5
5100	1949	5
5100	1950	5
5100	1953	5
5100	1954	5
5100	1955	5
5100	1957	5
5100	1962	5
5100	1963	4
5100	1964	4
5100	1967	5
5100	1997	5
5100	2009	3
5100	2010	5
5100	2011	3
5100	2012	2
5100	2018	5
5100	2019	5
5100	2023	4
5100	2027	4
5100	2044	3
5100	2053	3
5100	2059	4
5100	2071	4
5100	2072	3
5100	2074	4
5100	2075	5
5100	2080	4
5100	2081	4
5100	2083	3
5100	2100	3
5100	2102	4
5100	2104	4
5100	2105	5
5100	2110	3
5100	2111	3
5100	2112	5
5100	2130	5
5100	2132	5
5100	2138	5
5100	2142	3
5100	2151	2
5100	2161	5
5100	2177	3
5100	2179	5
5100	2208	5
5100	2238	5
5100	2287	4
5100	2289	5
5100	2302	5
5100	2311	4
5100	2312	5
5100	2313	5
5100	2336	4
5100	2347	5
5100	2349	4
5100	2359	5
5100	2369	5
5100	2370	5
5100	2396	5
5100	2405	3
5100	2407	4
5100	2424	4
5100	2433	4
5100	2469	5
5100	2474	3
5100	2511	5
5100	2529	4
5100	2539	4
5100	2551	5
5100	2609	5
5100	2624	5
5100	2639	3
5100	2640	4
5100	2692	4
5100	2716	5
5100	2731	4
5100	2739	3
5100	2764	5
5100	2788	5
5100	2804	4
5100	2862	1
5100	2871	5
5100	2877	4
5100	2890	4
5100	2899	5
5100	2908	5
5100	2915	4
5100	2916	5
5100	2917	5
5100	2919	5
5100	2932	5
5100	2951	5
5100	2953	2
5100	2970	5
5100	2971	5
5100	2976	2
5100	2983	5
5100	2986	3
5100	2993	3
5100	2997	4
5100	3015	4
5100	3019	3
5100	3022	5
5100	3036	3
5100	3037	5
5100	3039	5
5100	3062	5
5100	3068	5
5100	3072	4
5100	3086	4
5100	3088	3
5100	3090	5
5100	3093	5
5100	3094	5
5100	3100	5
5100	3107	3
5100	3112	5
5100	3114	4
5100	3135	5
5100	3148	3
5100	3157	4
5100	3169	4
5100	3175	3
5100	3176	4
5100	3185	4
5100	3196	5
5100	3198	5
5100	3211	5
5100	3222	5
5100	3244	3
5100	3247	5
5100	3251	4
5100	3252	4
5100	3253	3
5100	3255	5
5100	3263	4
5100	3267	4
5100	3272	4
5100	3334	4
5100	3359	5
5100	3362	4
5100	3379	5
5100	3398	5
5100	3402	4
5100	3418	5
5100	3420	4
5100	3421	5
5100	3430	3
5100	3447	4
5100	3461	5
5100	3467	5
5100	3468	5
5100	3471	5
5100	3489	1
5100	3499	5
5100	3500	4
5100	3510	4
5100	3515	1
5100	3524	5
5100	3545	5
5100	3546	5
5100	3551	5
5100	3578	3
5100	3608	2
5100	3633	4
5100	3634	5
5100	3635	3
5100	3638	3
5100	3649	4
5100	3654	5
5100	3655	5
5100	3668	4
5100	3671	5
5100	3672	3
5100	3681	5
5100	3684	5
5100	3685	5
5100	3700	5
5100	3702	5
5100	3703	4
5100	3704	4
5100	3723	5
5100	3733	5
5100	3734	5
5100	3766	3
5100	3784	1
5100	3789	5
5100	3791	4
5100	3793	3
5100	3811	5
5100	3812	4
5100	3834	4
5100	3844	4
5100	3845	3
5100	3850	2
5100	3869	3
5100	3873	5
5100	3877	2
5100	3884	3
5100	3926	4
5100	3927	5
5100	3928	3
5100	3929	4
5100	3932	4
5100	3952	4
5109	34	4
5109	111	4
5109	232	4
5109	430	4
5109	480	4
5109	588	4
5109	595	5
5109	736	4
5109	914	4
5109	924	2
5109	940	4
5109	969	5
5109	1020	5
5109	1028	3
5109	1029	4
5109	1030	4
5109	1066	4
5109	1079	5
5109	1088	3
5109	1136	3
5109	1198	4
5109	1230	4
5109	1234	4
5109	1252	3
5109	1292	3
5109	1387	4
5109	1394	4
5109	1408	4
5109	1533	4
5109	1610	4
5109	1674	4
5109	1702	1
5109	1721	4
5109	1727	4
5109	1914	4
5109	1931	4
5109	1947	5
5109	1953	5
5109	1954	2
5109	2001	4
5109	2080	4
5109	2081	4
5109	2083	5
5109	2336	3
5109	2396	4
5109	2457	4
5109	2468	4
5109	2501	5
5109	2640	4
5109	2804	3
5109	2971	4
5109	3037	2
5109	3061	5
5109	3072	4
5109	3107	4
5109	3145	4
5109	3175	4
5109	3247	4
5109	3256	4
5109	3418	4
5109	3445	5
5109	3646	2
5109	3671	4
5109	3675	4
5114	19	2
5114	34	4
5114	52	5
5114	146	3
5114	153	2
5114	262	3
5114	432	4
5114	441	3
5114	480	5
5114	587	4
5114	588	5
5114	595	5
5114	608	1
5114	653	5
5114	728	4
5114	924	3
5114	1028	5
5114	1029	3
5114	1032	4
5114	1059	2
5114	1064	3
5114	1088	4
5114	1198	5
5114	1222	1
5114	1367	4
5114	1372	5
5114	1408	4
5114	1562	3
5114	1566	3
5114	1595	1
5114	1641	4
5114	1670	1
5114	1688	4
5114	1702	3
5114	1721	3
5114	1895	4
5114	1920	3
5114	1927	1
5114	1967	5
5114	2018	4
5114	2038	5
5114	2059	2
5114	2080	5
5114	2081	5
5114	2123	1
5114	2125	5
5114	2143	4
5114	2161	5
5114	2316	2
5114	2396	5
5114	2529	4
5114	2701	2
5114	2716	4
5114	2788	5
5114	2846	2
5114	2876	5
5114	3034	5
5114	3062	1
5114	3072	5
5114	3114	5
5114	3175	5
5114	3418	5
5114	3479	5
5114	3489	5
5114	3668	3
5114	3745	5
5121	6	3
5121	44	4
5121	95	2
5121	110	5
5121	122	3
5121	144	4
5121	145	4
5121	153	3
5121	329	3
5121	357	4
5121	372	4
5121	441	5
5121	454	4
5121	457	4
5121	466	2
5121	480	4
5121	500	4
5121	537	3
5121	587	2
5121	653	3
5121	736	3
5121	780	4
5121	785	4
5121	788	5
5121	798	2
5121	1060	4
5121	1193	4
5121	1265	4
5121	1379	3
5121	1392	3
5121	1438	2
5121	1580	4
5121	1610	4
5121	1687	2
5121	1747	4
5121	1784	3
5121	1912	4
5121	1916	1
5121	1917	3
5121	1918	2
5121	1923	4
5121	2001	4
5121	2023	2
5121	2058	3
5121	2060	2
5121	2289	4
5121	2353	3
5121	2396	3
5121	2539	4
5121	2746	4
5121	2916	3
5121	2997	4
5121	3006	4
5121	3020	3
5121	3044	4
5121	3053	2
5121	3107	3
5121	3146	4
5121	3176	1
5121	3178	4
5121	3185	3
5121	3253	4
5121	3255	3
5121	3263	3
5121	3274	3
5121	3552	5
5121	3555	3
5121	3578	5
5121	3638	3
5121	3729	3
5121	3744	3
5121	3760	5
5131	6	2
5131	10	3
5131	17	5
5131	24	4
5131	34	3
5131	36	4
5131	64	1
5131	70	1
5131	89	4
5131	105	3
5131	110	3
5131	145	4
5131	163	4
5131	198	3
5131	222	4
5131	235	1
5131	236	2
5131	256	2
5131	276	2
5131	293	4
5131	296	5
5131	317	4
5131	318	5
5131	339	4
5131	342	3
5131	351	3
5131	357	5
5131	376	3
5131	378	2
5131	427	2
5131	434	1
5131	441	5
5131	448	5
5131	457	4
5131	480	4
5131	494	2
5131	497	4
5131	527	5
5131	550	4
5131	555	5
5131	587	3
5131	588	4
5131	593	5
5131	605	4
5131	608	4
5131	653	4
5131	736	4
5131	780	4
5131	786	4
5131	788	3
5131	838	4
5131	866	4
5131	1059	5
5131	1060	5
5131	1079	5
5131	1094	4
5131	1096	3
5131	1126	1
5131	1130	3
5131	1183	5
5131	1198	5
5131	1200	5
5131	1204	4
5131	1213	5
5131	1215	4
5131	1220	4
5131	1222	3
5131	1225	5
5131	1242	5
5131	1246	4
5131	1257	3
5131	1258	4
5131	1265	4
5131	1290	4
5131	1293	4
5131	1297	3
5131	1339	3
5131	1347	4
5131	1356	3
5131	1379	2
5131	1393	4
5131	1394	4
5131	1396	4
5131	1408	3
5131	1441	4
5131	1457	3
5131	1573	4
5131	1580	2
5131	1605	4
5131	1616	1
5131	1639	4
5131	1641	2
5131	1674	4
5131	1680	4
5131	1687	2
5131	1690	4
5131	1702	2
5131	1704	5
5131	1721	5
5131	1772	1
5131	1779	3
5131	1784	5
5131	1833	2
5131	1835	2
5131	1854	5
5131	1895	2
5131	1912	4
5131	1917	2
5131	1918	3
5131	1923	5
5131	1962	4
5131	1967	4
5131	1994	4
5131	2001	1
5131	2011	3
5131	2012	3
5131	2058	3
5131	2081	4
5131	2100	3
5131	2118	3
5131	2125	4
5131	2161	4
5131	2193	3
5131	2261	3
5131	2266	1
5131	2278	3
5131	2302	3
5131	2316	1
5131	2385	1
5131	2396	5
5131	2401	4
5131	2407	4
5131	2424	5
5131	2457	3
5131	2474	3
5131	2485	4
5131	2490	4
5131	2501	4
5131	2506	5
5131	2539	1
5131	2558	2
5131	2581	3
5131	2617	3
5131	2716	5
5131	2739	4
5131	2804	5
5131	2881	5
5131	2916	4
5131	3006	3
5131	3020	1
5131	3039	4
5131	3044	4
5131	3068	4
5131	3072	5
5131	3102	4
5131	3146	2
5131	3157	3
5131	3203	4
5131	3255	4
5131	3256	3
5131	3269	2
5131	3418	4
5131	3426	4
5131	3479	5
5131	3489	3
5131	3501	4
5131	3505	4
5131	3527	4
5131	3552	5
5131	3608	1
5131	3684	3
5131	3685	2
5131	3697	1
5131	3703	3
5131	3791	5
5133	153	2
5133	529	3
5133	1171	5
5133	1290	4
5133	1513	2
5133	1562	1
5133	1747	5
5133	2995	1
5133	2996	1
5133	3006	4
5133	3051	1
5133	3053	1
5133	3115	1
5133	3125	4
5133	3145	2
5133	3146	2
5133	3175	4
5133	3176	5
5133	3185	4
5133	3317	5
5133	3510	3
5133	3513	3
5133	3555	4
5133	3578	5
5133	3615	3
5133	3745	2
5133	3753	5
5140	10	4
5140	17	4
5140	34	3
5140	36	4
5140	110	4
5140	161	3
5140	277	4
5140	293	3
5140	317	4
5140	318	4
5140	357	5
5140	446	4
5140	454	3
5140	457	3
5140	480	4
5140	497	5
5140	500	3
5140	527	5
5140	529	3
5140	538	4
5140	565	3
5140	587	3
5140	588	4
5140	590	3
5140	593	4
5140	595	2
5140	605	4
5140	647	4
5140	780	5
5140	786	3
5140	832	4
5140	953	5
5140	969	3
5140	986	3
5140	1015	4
5140	1020	4
5140	1079	4
5140	1091	3
5140	1094	3
5140	1135	3
5140	1136	4
5140	1193	5
5140	1198	5
5140	1200	4
5140	1213	3
5140	1215	4
5140	1225	3
5140	1242	4
5140	1246	4
5140	1265	5
5140	1275	4
5140	1276	3
5140	1286	3
5140	1293	5
5140	1295	4
5140	1297	4
5140	1356	4
5140	1372	4
5140	1373	3
5140	1374	3
5140	1387	4
5140	1393	4
5140	1394	3
5140	1396	3
5140	1408	5
5140	1411	4
5140	1566	3
5140	1580	4
5140	1610	4
5140	1641	4
5140	1673	2
5140	1674	3
5140	1704	5
5140	1721	2
5140	1722	4
5140	1835	5
5140	1920	2
5140	1931	3
5140	1954	4
5140	1957	4
5140	1962	3
5140	1967	3
5140	1994	3
5140	2001	3
5140	2011	4
5140	2012	3
5140	2018	3
5140	2021	3
5140	2044	3
5140	2058	3
5140	2071	3
5140	2081	2
5140	2100	3
5140	2105	3
5140	2111	3
5140	2121	3
5140	2146	4
5140	2151	4
5140	2161	4
5140	2193	4
5140	2302	4
5140	2312	5
5140	2313	4
5140	2353	4
5140	2369	2
5140	2373	2
5140	2397	4
5140	2401	4
5140	2405	3
5140	2407	2
5140	2410	2
5140	2411	4
5140	2457	4
5140	2458	2
5140	2468	4
5140	2471	3
5140	2490	3
5140	2529	2
5140	2716	5
5140	2735	3
5140	2739	4
5140	2763	5
5140	2788	5
5140	2794	3
5140	2795	4
5140	2796	3
5140	2804	3
5140	2815	2
5140	2822	4
5140	2846	4
5140	2915	3
5140	2916	2
5140	2919	4
5140	2950	3
5140	3029	3
5140	3033	4
5140	3036	3
5140	3039	4
5140	3072	3
5140	3104	3
5140	3107	3
5140	3114	4
5140	3169	2
5140	3175	3
5140	3247	4
5140	3251	3
5140	3252	5
5140	3253	3
5140	3255	4
5140	3256	4
5140	3274	3
5140	3331	3
5140	3359	4
5140	3388	2
5140	3418	3
5140	3471	4
5140	3476	3
5140	3478	3
5140	3479	3
5140	3499	3
5140	3505	3
5140	3510	3
5140	3515	2
5140	3527	3
5140	3552	4
5140	3578	5
5140	3587	3
5140	3608	2
5140	3635	4
5140	3649	2
5140	3684	3
5140	3698	2
5140	3703	3
5140	3704	4
5140	3707	4
5140	3708	3
5140	3710	2
5140	3740	3
5140	3766	3
5153	5	2
5153	17	2
5153	34	4
5153	36	3
5153	52	3
5153	64	2
5153	111	4
5153	140	3
5153	153	2
5153	231	3
5153	235	4
5153	236	2
5153	296	3
5153	300	2
5153	308	3
5153	318	5
5153	348	3
5153	351	2
5153	355	2
5153	357	3
5153	371	3
5153	415	3
5153	432	3
5153	446	3
5153	477	4
5153	497	3
5153	500	3
5153	515	2
5153	518	2
5153	527	4
5153	587	2
5153	590	3
5153	593	4
5153	608	4
5153	635	3
5153	647	4
5153	728	2
5153	736	2
5153	743	2
5153	784	2
5153	788	3
5153	805	5
5153	858	4
5153	905	4
5153	908	4
5153	909	3
5153	910	4
5153	924	5
5153	926	3
5153	933	3
5153	934	3
5153	952	3
5153	1020	4
5153	1028	2
5153	1042	4
5153	1078	4
5153	1079	5
5153	1083	3
5153	1084	4
5153	1088	2
5153	1094	2
5153	1116	3
5153	1136	4
5153	1175	2
5153	1183	3
5153	1184	3
5153	1193	5
5153	1213	4
5153	1220	5
5153	1222	3
5153	1228	3
5153	1234	5
5153	1246	5
5153	1257	5
5153	1265	4
5153	1271	3
5153	1272	4
5153	1276	4
5153	1278	4
5153	1286	3
5153	1290	4
5153	1292	3
5153	1293	4
5153	1297	2
5153	1393	4
5153	1394	2
5153	1396	4
5153	1441	4
5153	1485	3
5153	1580	4
5153	1639	4
5153	1646	3
5153	1665	1
5153	1673	3
5153	1674	4
5153	1702	2
5153	1704	5
5153	1721	4
5153	1747	2
5153	1784	4
5153	1888	3
5153	1918	3
5153	1923	5
5153	1953	5
5153	1954	4
5153	2001	4
5153	2004	3
5153	2011	4
5153	2012	3
5153	2015	3
5153	2016	2
5153	2023	3
5153	2041	3
5153	2050	1
5153	2053	1
5153	2072	2
5153	2081	2
5153	2100	3
5153	2102	3
5153	2110	3
5153	2112	5
5153	2146	3
5153	2147	1
5153	2245	3
5153	2247	2
5153	2248	4
5153	2249	1
5153	2262	4
5153	2289	5
5153	2302	4
5153	2312	4
5153	2359	3
5153	2374	2
5153	2380	2
5153	2405	3
5153	2407	3
5153	2408	1
5153	2410	2
5153	2411	1
5153	2416	3
5153	2424	3
5153	2458	2
5153	2469	3
5153	2471	2
5153	2474	4
5153	2520	4
5153	2521	2
5153	2539	4
5153	2716	3
5153	2729	5
5153	2735	2
5153	2747	3
5153	2770	2
5153	2794	3
5153	2796	2
5153	2804	5
5153	2866	3
5153	2870	4
5153	2915	4
5153	2950	2
5153	2953	2
5153	3019	4
5153	3033	2
5153	3039	4
5153	3040	2
5153	3068	4
5153	3072	3
5153	3088	4
5153	3093	3
5153	3100	3
5153	3104	4
5153	3107	3
5153	3145	4
5153	3169	3
5153	3175	3
5153	3196	3
5153	3214	3
5153	3247	3
5153	3252	4
5153	3253	4
5153	3255	4
5153	3263	3
5153	3308	4
5153	3329	4
5153	3330	4
5153	3331	4
5153	3359	5
5153	3388	2
5153	3405	3
5153	3418	3
5153	3420	5
5153	3421	4
5153	3424	4
5153	3436	3
5153	3450	3
5153	3463	3
5153	3468	5
5153	3471	5
5153	3476	5
5153	3501	5
5153	3506	3
5153	3520	1
5153	3524	3
5153	3546	3
5153	3552	3
5153	3608	3
5153	3638	2
5153	3645	3
5153	3649	3
5153	3678	3
5153	3684	3
5153	3685	3
5153	3698	2
5153	3702	2
5153	3703	3
5153	3704	4
5153	3707	3
5153	3714	2
5153	3715	2
5153	3733	4
5153	3738	4
5153	3740	2
5165	34	5
5165	111	5
5165	235	5
5165	247	5
5165	262	4
5165	318	4
5165	497	4
5165	527	5
5165	593	5
5165	824	5
5165	858	5
5165	905	5
5165	910	5
5165	924	5
5165	926	4
5165	1041	5
5165	1162	4
5165	1193	5
5165	1230	5
5165	1278	5
5165	1288	4
5165	1641	5
5165	1734	5
5165	2019	5
5165	2132	4
5165	2208	5
5165	2289	5
5165	2395	4
5165	2396	5
5165	2612	5
5165	2732	3
5165	2908	5
5165	2997	5
5165	3022	5
5165	3037	5
5165	3114	5
5165	3145	4
5165	3359	5
5165	3362	4
5165	3420	3
5169	36	4
5169	110	5
5169	293	4
5169	296	3
5169	318	5
5169	457	5
5169	480	3
5169	494	4
5169	527	5
5169	529	4
5169	590	5
5169	593	4
5169	608	4
5169	780	2
5169	786	5
5169	1079	5
5169	1096	4
5169	1198	4
5169	1200	4
5169	1220	5
5169	1225	4
5169	1230	2
5169	1234	4
5169	1288	3
5169	1293	4
5169	1465	3
5169	1573	2
5169	1610	5
5169	1674	4
5169	1687	5
5169	1704	4
5169	1784	4
5169	1834	5
5169	1957	4
5169	1962	4
5169	2058	4
5169	2100	3
5169	2278	4
5169	2313	4
5169	2336	2
5169	2353	4
5169	2396	1
5169	2407	4
5169	2746	1
5169	2763	4
5169	2764	5
5169	2912	5
5169	2916	5
5169	3006	5
5169	3068	4
5169	3107	3
5169	3203	2
5169	3252	4
5169	3256	5
5169	3418	3
5169	3505	5
5169	3527	4
5169	3552	4
5169	3608	1
5169	3649	4
5169	3684	3
5170	111	4
5170	296	5
5170	608	5
5170	720	4
5170	741	4
5170	908	4
5170	1060	4
5170	1079	4
5170	1132	4
5170	1136	5
5170	1198	5
5170	1214	5
5170	1230	5
5170	1234	4
5170	1242	4
5170	1387	3
5170	1449	5
5170	1617	4
5170	1648	4
5170	1649	4
5170	1729	4
5170	1914	3
5170	1916	4
5170	1997	4
5170	2396	4
5170	2810	3
5170	3114	4
5170	3429	5
5170	3499	4
5170	3578	4
5170	3618	1
5171	736	4
5171	2001	4
5171	3033	2
5171	3175	5
5171	3489	3
5171	3633	4
5171	3638	3
5171	3654	4
5171	3766	3
5191	17	4
5191	34	4
5191	457	5
5191	480	4
5191	497	4
5191	527	5
5191	588	4
5191	590	3
5191	593	4
5191	608	1
5191	1198	5
5191	1617	4
5191	1641	3
5191	1704	3
5191	2336	3
5191	2353	5
5191	2501	5
5191	2617	5
5191	2916	5
5191	3006	3
5191	3476	2
5193	24	2
5193	28	4
5193	34	4
5193	111	4
5193	144	3
5193	198	3
5193	246	4
5193	307	4
5193	318	4
5193	342	4
5193	357	3
5193	480	4
5193	497	4
5193	514	4
5193	588	4
5193	608	4
5193	780	3
5193	785	4
5193	788	3
5193	858	5
5193	908	3
5193	924	5
5193	1079	4
5193	1131	5
5193	1132	5
5193	1136	5
5193	1198	4
5193	1199	4
5193	1200	5
5193	1214	5
5193	1220	4
5193	1225	3
5193	1230	4
5193	1252	5
5193	1265	5
5193	1276	5
5193	1288	4
5193	1394	4
5193	1396	2
5193	1580	3
5193	1617	4
5193	1633	4
5193	1690	4
5193	1747	4
5193	1923	4
5193	2019	5
5193	2100	2
5193	2289	4
5193	2302	4
5193	2359	3
5193	2396	3
5193	2490	4
5193	2529	4
5193	2580	5
5193	2701	1
5193	2716	3
5193	2722	4
5193	2734	2
5193	2761	4
5193	2763	2
5193	2770	5
5193	2795	4
5193	2804	4
5193	2840	1
5193	2883	4
5193	2908	5
5193	2915	2
5193	2916	2
5193	2997	5
5193	3039	4
5193	3053	1
5193	3072	3
5193	3114	5
5193	3253	4
5193	3255	4
5193	3300	3
5193	3325	2
5193	3359	5
5193	3362	4
5193	3424	4
5193	3450	3
5193	3471	4
5193	3552	4
5193	3685	3
5193	3700	4
5201	110	3
5201	457	3
5201	529	4
5201	549	5
5201	593	4
5201	908	4
5201	909	3
5201	910	4
5201	914	1
5201	947	3
5201	1079	4
5201	1084	4
5201	1193	4
5201	1198	5
5201	1204	4
5201	1214	3
5201	1226	2
5201	1230	4
5201	1238	3
5201	1252	5
5201	1258	3
5201	1265	4
5201	1272	5
5201	1276	4
5201	1278	4
5201	1288	4
5201	1394	3
5201	1419	4
5201	1617	4
5201	1674	4
5201	1704	4
5201	1957	3
5201	1997	2
5201	2018	2
5201	2313	3
5201	2612	2
5201	2819	3
5201	3037	3
5201	3100	3
5201	3196	3
5201	3198	3
5201	3203	4
5201	3359	3
5201	3405	3
5201	3421	3
5201	3467	3
5201	3468	4
5201	3471	3
5201	3545	3
5201	3649	4
5201	3671	4
5201	3685	3
5215	515	5
5215	720	5
5215	858	5
5215	1171	3
5215	1204	5
5215	1230	4
5215	1252	4
5215	2138	3
5215	2521	4
5215	3072	5
5216	34	3
5216	318	5
5216	593	3
5216	1721	1
5216	2188	2
5216	2997	4
5217	247	3
5217	329	3
5217	457	5
5217	480	4
5217	593	4
5217	608	5
5217	707	3
5217	780	3
5217	924	4
5217	1199	3
5217	1200	4
5217	1206	4
5217	1214	5
5217	1215	3
5217	1306	3
5217	1356	4
5217	1391	4
5217	1396	3
5217	1513	3
5217	1580	3
5217	1610	4
5217	1617	4
5217	1690	4
5217	1917	2
5217	2010	4
5217	2021	5
5217	2146	2
5217	2147	3
5217	2353	2
5217	2390	4
5217	2395	3
5217	2396	4
5217	2490	3
5217	2546	2
5217	2568	2
5217	2580	3
5217	2640	3
5217	2692	4
5217	2763	3
5217	2826	3
5217	2840	3
5217	2908	2
5217	2916	4
5217	2997	5
5217	3005	1
5217	3006	3
5217	3051	2
5217	3114	4
5217	3159	3
5217	3175	4
5217	3176	2
5217	3267	3
5217	3300	2
5217	3409	2
5217	3471	4
5217	3476	3
5217	3527	3
5217	3555	4
5217	3578	4
5217	3615	3
5217	3697	2
5217	3702	4
5217	3745	4
5217	3793	5
5222	5	2
5222	34	3
5222	296	3
5222	317	3
5222	318	4
5222	329	2
5222	339	3
5222	355	1
5222	432	2
5222	457	4
5222	480	3
5222	497	4
5222	500	2
5222	587	4
5222	588	3
5222	595	3
5222	608	4
5222	720	4
5222	759	4
5222	780	4
5222	788	2
5222	903	4
5222	907	4
5222	908	5
5222	911	2
5222	916	4
5222	924	4
5222	945	4
5222	953	4
5222	969	4
5222	1013	2
5222	1028	3
5222	1029	3
5222	1079	4
5222	1088	3
5222	1094	3
5222	1136	4
5222	1198	4
5222	1199	2
5222	1206	3
5222	1217	4
5222	1220	3
5222	1223	4
5222	1225	5
5222	1230	4
5222	1234	4
5222	1246	3
5222	1258	3
5222	1264	4
5222	1265	4
5222	1271	4
5222	1272	4
5222	1278	3
5222	1289	4
5222	1292	4
5222	1356	4
5222	1372	3
5222	1374	4
5222	1387	3
5222	1393	4
5222	1569	3
5222	1580	4
5222	1610	4
5222	1617	4
5222	1674	4
5222	1702	2
5222	1704	3
5222	1923	3
5222	1957	3
5222	1967	3
5222	1982	2
5222	1994	3
5222	1997	2
5222	2001	3
5222	2011	3
5222	2021	1
5222	2022	4
5222	2080	3
5222	2081	4
5222	2083	2
5222	2100	3
5222	2105	3
5222	2123	1
5222	2130	4
5222	2151	1
5222	2193	3
5222	2313	3
5222	2353	3
5222	2396	4
5222	2411	2
5222	2424	3
5222	2429	2
5222	2433	2
5222	2471	2
5222	2529	3
5222	2640	3
5222	2701	3
5222	2709	1
5222	2716	4
5222	2746	2
5222	2747	2
5222	2788	3
5222	2915	3
5222	2916	4
5222	2950	2
5222	2997	5
5222	3020	3
5222	3033	2
5222	3036	1
5222	3040	3
5222	3044	3
5222	3061	3
5222	3077	3
5222	3088	3
5222	3157	2
5222	3175	4
5222	3243	1
5222	3247	3
5222	3252	4
5222	3253	2
5222	3438	2
5222	3471	3
5222	3489	2
5222	3524	3
5222	3552	4
5222	3635	3
5222	3638	3
5222	3671	4
5222	3675	3
5222	3702	2
5222	3703	1
5222	3723	3
5222	3733	3
5222	3784	2
5222	3791	2
5222	3793	3
5222	3821	2
5223	41	4
5223	63	2
5223	68	3
5223	70	2
5223	110	2
5223	111	4
5223	144	3
5223	180	2
5223	198	4
5223	215	4
5223	216	4
5223	235	1
5223	247	5
5223	296	4
5223	300	5
5223	371	3
5223	372	2
5223	429	1
5223	441	4
5223	454	3
5223	480	2
5223	535	4
5223	550	2
5223	555	4
5223	565	3
5223	593	3
5223	608	4
5223	610	2
5223	671	2
5223	720	4
5223	735	4
5223	780	3
5223	788	2
5223	849	1
5223	851	5
5223	1060	4
5223	1079	4
5223	1136	4
5223	1171	4
5223	1198	4
5223	1199	4
5223	1206	5
5223	1220	4
5223	1230	4
5223	1242	4
5223	1246	2
5223	1258	5
5223	1278	3
5223	1288	4
5223	1394	4
5223	1407	4
5223	1425	3
5223	1449	5
5223	1573	3
5223	1611	4
5223	1673	4
5223	1690	3
5223	1721	2
5223	1747	4
5223	1895	3
5223	1923	3
5223	2022	3
5223	2083	3
5223	2289	4
5223	2302	2
5223	2395	5
5223	2396	4
5223	2580	4
5223	2598	2
5223	2692	4
5223	2712	2
5223	2716	2
5223	2916	2
5223	2997	5
5223	3039	4
5223	3104	4
5223	3247	1
5223	3253	2
5223	3473	4
5223	3598	3
5223	3608	4
5223	3668	4
5223	3702	4
5223	3703	3
5223	3760	3
5223	3793	3
5230	110	5
5230	151	3
5230	236	4
5230	293	4
5230	296	4
5230	307	4
5230	339	4
5230	357	4
5230	446	3
5230	454	4
5230	457	4
5230	593	5
5230	608	2
5230	810	3
5230	832	4
5230	858	4
5230	916	5
5230	918	3
5230	953	5
5230	1029	3
5230	1092	4
5230	1198	4
5230	1200	4
5230	1201	3
5230	1213	3
5230	1214	4
5230	1220	4
5230	1242	4
5230	1275	4
5230	1283	5
5230	1287	4
5230	1573	4
5230	1610	4
5230	1616	2
5230	1674	4
5230	1721	3
5230	1912	2
5230	2001	4
5230	2018	3
5230	2021	4
5230	2023	4
5230	2058	5
5230	2081	2
5230	2105	3
5230	2143	3
5230	2193	3
5230	2336	4
5230	2353	4
5230	2763	4
5230	2916	4
5230	3061	4
5230	3256	3
5230	3444	4
5230	3452	3
5230	3527	5
5230	3638	4
5230	3675	4
5230	3698	4
5230	3703	4
5230	3753	3
5231	458	5
5231	527	3
5231	858	5
5231	1201	4
5231	1222	4
5231	1882	1
5231	2023	2
5231	3037	3
5231	3114	5
5231	3365	4
5231	3452	2
5231	3578	5
5234	31	1
5234	34	4
5234	111	5
5234	246	5
5234	247	5
5234	293	5
5234	296	5
5234	300	4
5234	339	2
5234	348	2
5234	357	3
5234	441	3
5234	480	5
5234	532	4
5234	555	5
5234	581	4
5234	593	3
5234	784	5
5234	858	5
5234	866	4
5234	901	5
5234	909	5
5234	916	5
5234	926	5
5234	1079	3
5234	1084	5
5234	1132	4
5234	1136	3
5234	1183	4
5234	1213	5
5234	1225	4
5234	1227	4
5234	1230	5
5234	1236	4
5234	1238	4
5234	1257	4
5234	1261	4
5234	1265	4
5234	1288	5
5234	1391	1
5234	1394	3
5234	1411	4
5234	1449	5
5234	1466	4
5234	1569	3
5234	1641	5
5234	1649	5
5234	1673	5
5234	1734	5
5234	1784	1
5234	1785	4
5234	1794	4
5234	1895	4
5234	1912	2
5234	2010	5
5234	2011	1
5234	2080	4
5234	2095	3
5234	2100	3
5234	2159	3
5234	2245	4
5234	2247	4
5234	2248	4
5234	2262	3
5234	2289	3
5234	2318	3
5234	2369	4
5234	2391	4
5234	2395	5
5234	2500	4
5234	2640	4
5234	2690	4
5234	2712	2
5234	2731	5
5234	2788	3
5234	2804	4
5234	2908	4
5234	2915	3
5234	2920	5
5234	2997	4
5234	3019	4
5234	3039	1
5234	3072	4
5234	3175	5
5234	3255	3
5234	3354	1
5234	3362	5
5234	3421	3
5234	3424	5
5234	3471	4
5234	3527	4
5234	3552	4
5234	3649	3
5234	3712	3
5234	3744	2
5234	3753	1
5234	3760	2
5234	3783	1
5234	3786	2
5234	3791	3
5234	3793	3
5234	3798	1
5234	3836	4
5236	5	3
5236	10	3
5236	17	3
5236	34	4
5236	36	3
5236	110	5
5236	151	3
5236	161	5
5236	296	4
5236	317	2
5236	318	5
5236	357	4
5236	432	4
5236	434	3
5236	454	4
5236	457	4
5236	480	4
5236	590	3
5236	593	5
5236	595	2
5236	608	5
5236	628	4
5236	647	3
5236	736	4
5236	780	4
5236	1054	1
5236	1059	4
5236	1136	3
5236	1183	4
5236	1265	5
5236	1357	3
5236	1372	4
5236	1396	4
5236	1411	4
5236	1573	4
5236	1580	4
5236	1610	5
5236	1617	4
5236	1641	2
5236	1673	2
5236	1704	4
5236	1722	3
5236	1784	4
5236	1834	5
5236	1892	4
5236	2058	3
5236	2059	2
5236	2289	4
5236	2329	2
5236	2395	4
5236	2416	3
5236	2746	3
5236	2890	3
5236	2916	4
5236	2976	2
5236	2997	2
5236	3005	3
5236	3033	4
5236	3044	4
5236	3100	4
5236	3114	4
5236	3175	3
5236	3176	4
5236	3185	3
5236	3252	4
5236	3253	4
5236	3354	4
5236	3461	4
5236	3489	3
5236	3499	4
5236	3510	4
5236	3552	2
5236	3598	4
5236	3753	5
5237	10	4
5237	480	3
5237	590	2
5237	910	3
5237	1136	3
5237	1198	4
5237	1214	3
5237	1275	4
5237	1387	4
5237	1408	3
5237	1441	3
5237	1485	2
5237	1704	5
5237	1954	5
5237	2399	3
5237	2617	2
5237	2640	3
5237	2712	1
5237	2916	3
5237	3114	4
5237	3175	4
5237	3450	5
5237	3527	3
5237	3702	3
5240	52	3
5240	110	4
5240	232	5
5240	236	4
5240	342	5
5240	1079	5
5240	1446	5
5240	1542	2
5240	1721	3
5240	1784	4
5240	1835	3
5240	2359	5
5240	2396	3
5240	2690	5
5240	2712	3
5240	2997	5
5240	3005	3
5240	3178	5
5242	293	4
5242	296	4
5242	480	2
5242	593	4
5242	608	4
5242	741	4
5242	924	4
5242	1094	4
5242	1175	3
5242	1199	4
5242	1200	3
5242	1206	3
5242	1214	4
5242	1215	4
5242	1306	5
5242	1580	2
5242	1590	2
5242	1690	1
5242	1953	4
5242	2021	4
5242	2105	4
5242	2280	3
5242	2600	2
5242	2664	3
5242	2692	4
5242	2712	2
5242	2761	5
5242	2769	3
5242	2912	2
5242	2916	1
5242	2986	1
5242	2997	4
5242	3006	4
5242	3019	4
5242	3053	3
5242	3159	2
5242	3175	2
5242	3178	4
5242	3300	2
5242	3354	2
5242	3471	4
5242	3521	5
5242	3555	2
5242	3578	4
5242	3744	3
5242	3745	3
5242	3753	3
5242	3783	5
5242	3793	3
5242	3798	1
5242	3858	5
5242	3910	1
5243	480	2
5243	671	5
5243	780	4
5243	1198	5
5243	1580	3
5243	2009	4
5243	2011	4
5243	2012	4
5243	3033	4
5243	3175	4
5246	24	3
5246	36	5
5246	110	5
5246	180	5
5246	231	5
5246	296	5
5246	318	5
5246	372	5
5246	416	1
5246	441	5
5246	527	4
5246	593	5
5246	608	5
5246	747	1
5246	785	5
5246	968	3
5246	1059	5
5246	1060	5
5246	1193	3
5246	1213	3
5246	1513	1
5246	1641	5
5246	1673	5
5246	1704	5
5246	1747	3
5246	1914	3
5246	1916	5
5246	1923	5
5246	2188	5
5246	2329	5
5246	2359	3
5246	2395	5
5246	2396	5
5246	2433	5
5246	2485	3
5246	2490	5
5246	2506	5
5246	2529	1
5246	2568	4
5246	2574	1
5246	2581	3
5246	2598	5
5246	2701	1
5246	2712	1
5246	2714	1
5246	2719	2
5246	2770	4
5246	2772	5
5246	2840	2
5246	2881	5
5246	2883	2
5246	2908	5
5246	2976	5
5246	2997	5
5246	3005	4
5246	3006	4
5246	3115	1
5246	3247	3
5246	3253	3
5246	3477	3
5247	24	3
5247	968	5
5247	986	1
5247	1387	4
5247	1513	3
5247	2395	4
5247	2396	4
5247	2433	3
5247	2485	1
5247	2581	2
5247	2709	4
5247	2716	3
5247	2770	4
5247	3176	2
5247	3477	3
5249	6	3
5249	10	2
5249	22	4
5249	24	3
5249	34	4
5249	70	1
5249	76	2
5249	79	4
5249	95	4
5249	140	3
5249	153	5
5249	161	5
5249	163	3
5249	173	2
5249	203	4
5249	231	1
5249	235	4
5249	236	3
5249	276	4
5249	282	3
5249	293	3
5249	296	1
5249	303	2
5249	317	4
5249	329	4
5249	339	4
5249	351	3
5249	357	4
5249	371	3
5249	378	3
5249	410	3
5249	454	4
5249	457	4
5249	480	4
5249	494	4
5249	497	3
5249	500	4
5249	513	3
5249	518	2
5249	537	2
5249	555	5
5249	587	4
5249	593	5
5249	605	3
5249	608	3
5249	628	4
5249	653	4
5249	736	3
5249	780	4
5249	798	3
5249	830	4
5249	832	4
5249	836	3
5249	849	3
5249	880	2
5249	1079	3
5249	1092	2
5249	1094	3
5249	1183	4
5249	1198	5
5249	1213	2
5249	1227	4
5249	1242	4
5249	1265	1
5249	1275	4
5249	1356	3
5249	1367	3
5249	1372	4
5249	1373	3
5249	1378	4
5249	1390	3
5249	1391	2
5249	1393	3
5249	1396	5
5249	1408	4
5249	1466	3
5249	1480	2
5249	1488	2
5249	1562	1
5249	1569	4
5249	1573	4
5249	1580	4
5249	1610	5
5249	1616	3
5249	1617	4
5249	1674	3
5249	1687	3
5249	1722	2
5249	1784	4
5249	1833	3
5249	1917	5
5249	1918	4
5249	1975	1
5249	2001	4
5249	2023	4
5249	2058	5
5249	2112	4
5249	2245	3
5249	2266	3
5249	2316	4
5249	2322	4
5249	2353	5
5249	2359	1
5249	2395	2
5249	2396	5
5249	2405	4
5249	2424	3
5249	2567	3
5249	2617	4
5249	2655	1
5249	2716	4
5249	2735	4
5249	2748	1
5249	2749	2
5249	2763	4
5249	2822	4
5249	2826	1
5249	2881	3
5249	2890	1
5249	2916	4
5249	2917	3
5249	2990	2
5249	3005	3
5249	3006	3
5249	3020	2
5249	3044	5
5249	3072	4
5249	3102	4
5249	3107	3
5249	3175	4
5249	3219	3
5249	3247	4
5249	3253	1
5249	3255	3
5249	3256	2
5249	3269	3
5249	3274	4
5249	3326	4
5249	3418	4
5249	3450	4
5249	3500	3
5249	3505	4
5249	3527	4
5249	3684	4
5249	3685	4
5249	3698	3
5249	3702	2
5249	3723	3
5249	3729	4
5249	3738	2
5249	3744	4
5249	3798	3
5249	3879	5
5254	76	3
5254	110	5
5254	161	5
5254	457	3
5254	480	5
5254	527	3
5254	780	5
5254	858	3
5254	1092	3
5254	1213	4
5254	1265	4
5254	1356	4
5254	1372	4
5254	1393	5
5254	1396	2
5254	1513	3
5254	1569	4
5254	1580	4
5254	1610	4
5254	1673	4
5254	1722	3
5254	1883	5
5254	1923	5
5254	2278	3
5254	2302	5
5254	2353	4
5254	2606	1
5254	2770	4
5254	2916	3
5254	2953	2
5254	2995	2
5254	3107	5
5254	3253	3
5254	3263	3
5254	3300	4
5254	3450	2
5254	3702	4
5254	3703	4
5254	3704	3
5254	3708	3
5254	3740	4
5256	5	3
5256	6	3
5256	10	3
5256	17	5
5256	19	1
5256	24	3
5256	27	3
5256	34	3
5256	52	4
5256	65	1
5256	71	2
5256	95	2
5256	105	3
5256	110	5
5256	111	4
5256	122	2
5256	140	3
5256	144	4
5256	147	4
5256	153	2
5256	161	4
5256	163	3
5256	173	2
5256	186	3
5256	209	2
5256	222	4
5256	231	4
5256	236	3
5256	246	4
5256	256	2
5256	270	3
5256	276	2
5256	277	3
5256	282	3
5256	296	4
5256	300	4
5256	317	4
5256	329	3
5256	333	3
5256	339	4
5256	342	4
5256	354	4
5256	355	2
5256	357	4
5256	362	3
5256	371	4
5256	376	3
5256	413	2
5256	415	2
5256	424	4
5256	432	2
5256	434	3
5256	454	4
5256	457	5
5256	466	2
5256	472	2
5256	477	3
5256	478	3
5256	480	5
5256	489	2
5256	494	4
5256	500	4
5256	511	3
5256	515	2
5256	527	5
5256	529	5
5256	532	2
5256	533	2
5256	535	3
5256	587	4
5256	590	5
5256	593	4
5256	595	4
5256	605	3
5256	608	4
5256	609	3
5256	647	4
5256	653	3
5256	656	2
5256	736	4
5256	743	2
5256	780	4
5256	784	2
5256	785	4
5256	786	3
5256	788	3
5256	798	2
5256	805	3
5256	828	2
5256	830	2
5256	832	4
5256	838	4
5256	849	2
5256	858	5
5256	908	4
5256	910	5
5256	914	4
5256	916	4
5256	924	5
5256	934	5
5256	940	4
5256	948	5
5256	952	3
5256	953	5
5256	969	4
5256	971	4
5256	1006	3
5256	1015	4
5256	1017	3
5256	1019	3
5256	1025	4
5256	1028	3
5256	1029	3
5256	1031	2
5256	1042	4
5256	1079	4
5256	1083	3
5256	1088	4
5256	1091	2
5256	1092	3
5256	1104	5
5256	1126	1
5256	1135	3
5256	1136	2
5256	1171	3
5256	1183	5
5256	1193	4
5256	1198	5
5256	1200	5
5256	1201	4
5256	1204	5
5256	1213	4
5256	1214	5
5256	1220	4
5256	1222	4
5256	1225	5
5256	1226	5
5256	1228	4
5256	1234	5
5256	1238	4
5256	1242	4
5256	1246	5
5256	1252	4
5256	1258	4
5256	1265	3
5256	1271	4
5256	1272	5
5256	1276	5
5256	1287	5
5256	1290	3
5256	1293	4
5256	1346	2
5256	1347	3
5256	1356	3
5256	1357	4
5256	1367	2
5256	1374	3
5256	1387	5
5256	1388	3
5256	1390	3
5256	1391	2
5256	1393	5
5256	1396	4
5256	1408	4
5256	1425	1
5256	1438	3
5256	1453	2
5256	1457	3
5256	1465	3
5256	1466	4
5256	1485	2
5256	1487	3
5256	1488	4
5256	1513	3
5256	1562	2
5256	1566	3
5256	1569	4
5256	1573	3
5256	1580	3
5256	1590	3
5256	1599	2
5256	1610	5
5256	1612	4
5256	1616	4
5256	1617	5
5256	1641	4
5256	1673	2
5256	1674	4
5256	1687	4
5256	1688	3
5256	1704	5
5256	1721	5
5256	1722	3
5256	1727	4
5256	1747	3
5256	1760	2
5256	1772	2
5256	1779	3
5256	1784	5
5256	1792	3
5256	1804	3
5256	1862	2
5256	1863	2
5256	1882	3
5256	1883	2
5256	1892	4
5256	1912	3
5256	1917	5
5256	1918	3
5256	1923	4
5256	1927	4
5256	1931	4
5256	1943	3
5256	1947	3
5256	1953	4
5256	1954	5
5256	1955	4
5256	1957	5
5256	1962	4
5256	1974	3
5256	1982	3
5256	1997	4
5256	2001	4
5256	2004	2
5256	2011	3
5256	2012	4
5256	2015	3
5256	2018	4
5256	2021	3
5256	2023	3
5256	2027	1
5256	2046	3
5256	2050	2
5256	2053	2
5256	2057	4
5256	2058	3
5256	2071	3
5256	2072	2
5256	2078	3
5256	2080	3
5256	2081	3
5256	2100	3
5256	2105	3
5256	2112	5
5256	2123	3
5256	2125	3
5256	2146	4
5256	2153	2
5256	2241	3
5256	2245	4
5256	2247	4
5256	2248	4
5256	2249	2
5256	2252	3
5256	2262	4
5256	2264	2
5256	2266	2
5256	2289	2
5256	2302	4
5256	2307	2
5256	2311	3
5256	2313	3
5256	2349	3
5256	2353	3
5256	2359	2
5256	2369	3
5256	2377	3
5256	2380	1
5256	2382	1
5256	2396	5
5256	2405	3
5256	2407	5
5256	2408	3
5256	2410	4
5256	2411	3
5256	2424	3
5256	2433	3
5256	2457	3
5256	2468	2
5256	2469	4
5256	2471	4
5256	2474	3
5256	2490	4
5256	2501	5
5256	2529	4
5256	2533	3
5256	2539	2
5256	2551	3
5256	2581	4
5256	2598	3
5256	2640	4
5256	2642	2
5256	2701	1
5256	2716	3
5256	2734	2
5256	2735	2
5256	2739	4
5256	2746	2
5256	2752	3
5256	2761	3
5256	2763	4
5256	2764	5
5256	2794	4
5256	2798	2
5256	2822	4
5256	2826	3
5256	2866	4
5256	2870	4
5256	2871	4
5256	2877	3
5256	2881	4
5256	2915	4
5256	2916	4
5256	2917	3
5256	2919	4
5256	2950	3
5256	2951	4
5256	2953	1
5256	2990	2
5256	2993	4
5256	3006	4
5256	3019	3
5256	3020	2
5256	3029	3
5256	3033	2
5256	3039	4
5256	3044	4
5256	3072	4
5256	3088	3
5256	3100	4
5256	3107	4
5256	3114	5
5256	3148	4
5256	3157	3
5256	3176	4
5256	3185	4
5256	3198	5
5256	3214	4
5256	3219	2
5256	3243	2
5256	3247	3
5256	3251	3
5256	3252	4
5256	3253	3
5256	3255	4
5256	3256	4
5256	3263	2
5256	3269	3
5256	3274	3
5256	3308	3
5256	3362	4
5256	3365	5
5256	3391	2
5256	3418	3
5256	3421	4
5256	3424	4
5256	3436	3
5256	3450	4
5256	3466	4
5256	3468	4
5256	3471	5
5256	3478	3
5256	3489	2
5256	3499	4
5256	3500	3
5256	3505	4
5256	3524	3
5256	3527	4
5256	3551	4
5256	3578	5
5256	3584	3
5256	3590	3
5256	3633	5
5256	3638	4
5256	3649	3
5256	3671	3
5256	3675	4
5256	3684	3
5256	3697	3
5256	3698	3
5256	3702	4
5256	3703	4
5256	3704	3
5256	3707	3
5256	3712	3
5256	3733	4
5256	3753	5
5256	3841	3
5256	3869	3
5256	3877	3
5256	3926	3
5256	3927	3
5260	34	4
5260	36	5
5260	111	2
5260	246	5
5260	296	2
5260	590	2
5260	858	5
5260	891	1
5260	903	2
5260	908	5
5260	924	2
5260	945	5
5260	969	5
5260	1019	5
5260	1028	3
5260	1066	5
5260	1079	5
5260	1094	4
5260	1136	5
5260	1147	3
5260	1198	5
5260	1201	4
5260	1211	5
5260	1213	4
5260	1214	3
5260	1217	2
5260	1225	4
5260	1230	5
5260	1234	3
5260	1237	5
5260	1251	3
5260	1252	5
5260	1258	5
5260	1264	2
5260	1265	4
5260	1272	3
5260	1276	2
5260	1277	3
5260	1278	5
5260	1283	5
5260	1288	5
5260	1292	4
5260	1293	5
5260	1378	2
5260	1379	1
5260	1387	5
5260	1388	1
5260	1394	4
5260	1419	2
5260	1449	4
5260	1690	1
5260	1772	3
5260	1827	4
5260	1957	2
5260	1974	1
5260	1975	1
5260	1982	2
5260	1994	4
5260	1997	2
5260	2004	1
5260	2019	5
5260	2081	2
5260	2130	4
5260	2208	5
5260	2302	3
5260	2313	3
5260	2369	2
5260	2395	5
5260	2401	3
5260	2716	3
5260	2731	3
5260	2746	2
5260	2788	4
5260	2915	3
5260	2921	4
5260	2951	3
5260	2971	4
5260	3022	5
5260	3039	3
5260	3072	4
5260	3334	3
5260	3359	5
5260	3362	5
5260	3365	5
5260	3418	2
5260	3421	5
5260	3424	4
5260	3438	1
5260	3475	4
5260	3545	4
5260	3552	2
5260	3671	4
5260	3733	4
5262	5	3
5262	454	2
5262	982	3
5262	1333	3
5262	1721	4
5262	1760	1
5262	2474	4
5262	2752	1
5262	2883	2
5262	2976	2
5262	3033	1
5262	3102	2
5262	3157	3
5262	3409	1
5262	3489	3
5262	3501	3
5262	3520	1
5262	3552	4
5262	3577	2
5262	3578	3
5262	3590	3
5262	3602	4
5262	3608	1
5262	3615	3
5262	3633	3
5262	3635	2
5262	3638	1
5262	3649	3
5284	6	5
5284	110	5
5284	246	1
5284	296	5
5284	318	5
5284	527	4
5284	537	2
5284	590	5
5284	593	4
5284	608	2
5284	720	4
5284	858	5
5284	1193	4
5284	1198	5
5284	1213	4
5284	1234	5
5284	1339	4
5284	1378	5
5284	1379	5
5284	1610	4
5284	1704	5
5284	1797	4
5284	1957	2
5284	1967	4
5284	2015	2
5284	2021	2
5284	2105	2
5284	2396	4
5284	3114	3
5284	3452	4
5284	3510	4
5284	3555	4
5284	3578	5
5284	3693	2
5289	111	5
5289	296	4
5289	329	2
5289	355	3
5289	357	3
5289	446	5
5289	480	4
5289	488	4
5289	497	4
5289	532	4
5289	549	3
5289	581	5
5289	587	2
5289	590	4
5289	608	5
5289	720	5
5289	746	4
5289	780	2
5289	858	5
5289	901	3
5289	903	4
5289	905	5
5289	907	4
5289	908	5
5289	909	3
5289	910	5
5289	911	4
5289	914	4
5289	915	4
5289	916	3
5289	918	4
5289	922	5
5289	924	5
5289	926	5
5289	931	3
5289	933	4
5289	938	3
5289	942	3
5289	945	4
5289	947	4
5289	948	4
5289	953	3
5289	959	4
5289	968	4
5289	969	5
5289	970	4
5289	971	4
5289	982	4
5289	1019	4
5289	1028	3
5289	1029	5
5289	1032	3
5289	1046	5
5289	1066	4
5289	1079	4
5289	1084	5
5289	1086	4
5289	1088	2
5289	1094	5
5289	1096	5
5289	1104	3
5289	1131	5
5289	1132	4
5289	1135	1
5289	1136	3
5289	1147	5
5289	1161	4
5289	1183	4
5289	1189	5
5289	1190	3
5289	1193	5
5289	1198	4
5289	1199	5
5289	1200	4
5289	1204	4
5289	1206	4
5289	1213	4
5289	1214	5
5289	1220	4
5289	1222	3
5289	1223	5
5289	1225	4
5289	1230	3
5289	1234	4
5289	1238	5
5289	1251	5
5289	1252	5
5289	1258	3
5289	1264	5
5289	1278	5
5289	1283	5
5289	1286	3
5289	1289	4
5289	1292	4
5289	1293	4
5289	1333	5
5289	1340	4
5289	1346	3
5289	1356	3
5289	1372	2
5289	1373	2
5289	1374	3
5289	1387	4
5289	1419	4
5289	1449	5
5289	1535	3
5289	1569	2
5289	1571	5
5289	1611	4
5289	1617	4
5289	1639	4
5289	1649	5
5289	1673	4
5289	1674	4
5289	1684	5
5289	1784	4
5289	1794	3
5289	1923	4
5289	1924	1
5289	1931	4
5289	1943	3
5289	1947	5
5289	1955	3
5289	1957	5
5289	1964	5
5289	1994	4
5289	2001	2
5289	2011	3
5289	2018	5
5289	2019	4
5289	2021	3
5289	2023	4
5289	2078	4
5289	2080	5
5289	2105	4
5289	2130	4
5289	2132	4
5289	2161	3
5289	2177	4
5289	2178	4
5289	2183	4
5289	2184	5
5289	2208	4
5289	2210	4
5289	2238	1
5289	2282	4
5289	2313	4
5289	2349	4
5289	2351	5
5289	2369	4
5289	2396	4
5289	2468	3
5289	2469	4
5289	2520	3
5289	2583	4
5289	2612	4
5289	2639	3
5289	2640	4
5289	2642	3
5289	2664	5
5289	2693	3
5289	2716	4
5289	2726	4
5289	2729	4
5289	2731	5
5289	2734	3
5289	2739	4
5289	2746	4
5289	2747	4
5289	2752	3
5289	2866	4
5289	2870	4
5289	2871	4
5289	2874	4
5289	2890	4
5289	2904	4
5289	2915	4
5289	2917	4
5289	2919	4
5289	2932	5
5289	2935	4
5289	2971	4
5289	2993	3
5289	3022	4
5289	3033	3
5289	3036	4
5289	3037	4
5289	3061	3
5289	3075	4
5289	3088	4
5289	3093	5
5289	3094	5
5289	3175	4
5289	3176	4
5289	3217	3
5289	3244	1
5289	3334	4
5289	3359	4
5289	3365	5
5289	3418	4
5289	3421	3
5289	3424	4
5289	3429	5
5289	3461	4
5289	3471	5
5289	3475	5
5289	3478	4
5289	3545	5
5289	3546	4
5289	3547	4
5289	3578	4
5289	3608	4
5289	3635	3
5289	3638	3
5289	3649	3
5289	3668	5
5289	3671	4
5289	3675	3
5289	3676	4
5289	3685	4
5289	3693	2
5289	3700	4
5289	3702	3
5289	3703	3
5289	3704	3
5289	3733	3
5289	3783	4
5289	3793	2
5289	3872	3
5289	3927	4
5291	17	5
5291	235	3
5291	296	5
5291	318	5
5291	527	5
5291	529	4
5291	593	5
5291	720	5
5291	858	5
5291	903	3
5291	908	3
5291	969	5
5291	1094	3
5291	1147	2
5291	1199	4
5291	1201	5
5291	1213	3
5291	1225	5
5291	1230	5
5291	1237	5
5291	1252	4
5291	1272	5
5291	1292	4
5291	1394	5
5291	1617	5
5291	1641	5
5291	1674	4
5291	2396	5
5291	2908	3
5291	2920	5
5291	2971	5
5291	2997	4
5291	3114	5
5291	3359	5
5297	457	5
5297	480	3
5297	587	5
5297	593	4
5297	628	5
5297	662	4
5297	1573	5
5297	2023	4
5297	2058	5
5297	2278	1
5297	2302	5
5297	2353	5
5297	2539	5
5297	2574	2
5297	2763	4
5297	2860	5
5309	527	5
5309	785	4
5309	1136	5
5309	2188	2
5309	2336	5
5309	2433	4
5309	2770	4
5309	3203	4
5323	34	5
5323	110	2
5323	198	4
5323	235	4
5323	480	3
5323	549	4
5323	707	1
5323	785	4
5323	858	5
5323	909	5
5323	910	5
5323	922	5
5323	924	5
5323	940	5
5323	947	4
5323	968	5
5323	1050	4
5323	1066	5
5323	1079	5
5323	1175	5
5323	1189	5
5323	1193	5
5323	1198	5
5323	1199	5
5323	1200	5
5323	1201	5
5323	1206	5
5323	1214	4
5323	1215	5
5323	1230	5
5323	1242	4
5323	1252	5
5323	1265	4
5323	1278	4
5323	1287	5
5323	1288	5
5323	1356	4
5323	1374	4
5323	1387	5
5323	1392	4
5323	1394	4
5323	1513	4
5323	1617	5
5323	1649	3
5323	1721	2
5323	1783	1
5323	1827	3
5323	1912	4
5323	1953	4
5323	1954	5
5323	2010	5
5323	2019	2
5323	2093	4
5323	2147	1
5323	2287	3
5323	2289	5
5323	2318	4
5323	2336	5
5323	2395	5
5323	2396	2
5323	2433	2
5323	2529	5
5323	2560	1
5323	2568	1
5323	2580	4
5323	2581	2
5323	2598	2
5323	2607	3
5323	2664	4
5323	2690	2
5323	2692	5
5323	2693	1
5323	2701	1
5323	2712	5
5323	2714	4
5323	2716	4
5323	2722	2
5323	2726	5
5323	2734	4
5323	2761	5
5323	2763	1
5323	2770	2
5323	2772	1
5323	2788	4
5323	2804	4
5323	2813	4
5323	2908	4
5323	2916	4
5323	2935	5
5323	2976	2
5323	2993	2
5323	2997	5
5323	3022	5
5323	3114	4
5323	3133	4
5323	3157	2
5323	3159	2
5323	3176	2
5323	3203	3
5323	3219	3
5323	3334	4
5323	3340	3
5323	3362	4
5323	3424	4
5323	3471	4
5323	3489	1
5323	3510	3
5323	3527	4
5323	3578	2
5323	3615	2
5323	3680	4
5323	3702	4
5323	3703	5
5329	17	5
5329	34	5
5329	36	5
5329	71	1
5329	110	3
5329	111	5
5329	147	4
5329	222	4
5329	229	5
5329	235	5
5329	247	5
5329	282	4
5329	296	5
5329	300	3
5329	318	5
5329	324	4
5329	342	5
5329	352	4
5329	357	5
5329	371	4
5329	381	4
5329	410	4
5329	427	3
5329	454	3
5329	457	4
5329	515	5
5329	527	5
5329	529	5
5329	535	5
5329	538	5
5329	574	4
5329	587	4
5329	590	5
5329	593	5
5329	608	5
5329	784	3
5329	858	5
5329	866	5
5329	903	5
5329	908	5
5329	909	5
5329	910	5
5329	916	5
5329	922	5
5329	924	5
5329	926	5
5329	942	5
5329	943	5
5329	952	4
5329	953	5
5329	969	4
5329	971	5
5329	987	2
5329	1041	5
5329	1050	4
5329	1079	5
5329	1084	5
5329	1088	4
5329	1094	5
5329	1096	5
5329	1104	5
5329	1131	5
5329	1132	5
5329	1136	5
5329	1183	3
5329	1190	4
5329	1193	5
5329	1198	5
5329	1199	5
5329	1200	5
5329	1204	5
5329	1206	5
5329	1213	5
5329	1220	4
5329	1222	4
5329	1225	5
5329	1227	4
5329	1230	5
5329	1246	5
5329	1252	5
5329	1258	4
5329	1265	4
5329	1278	5
5329	1290	4
5329	1293	4
5329	1333	5
5329	1339	4
5329	1347	4
5329	1357	4
5329	1387	5
5329	1388	3
5329	1392	4
5329	1393	5
5329	1394	5
5329	1419	4
5329	1441	4
5329	1449	4
5329	1480	3
5329	1484	4
5329	1487	4
5329	1488	3
5329	1549	4
5329	1569	5
5329	1611	3
5329	1612	3
5329	1617	5
5329	1639	5
5329	1641	5
5329	1648	4
5329	1660	4
5329	1673	5
5329	1674	5
5329	1680	2
5329	1704	5
5329	1721	4
5329	1729	4
5329	1784	4
5329	1834	4
5329	1883	4
5329	1916	4
5329	1953	5
5329	1955	5
5329	1957	4
5329	1962	3
5329	1982	4
5329	1997	5
5329	1998	1
5329	2011	4
5329	2019	5
5329	2023	3
5329	2037	3
5329	2060	4
5329	2071	5
5329	2073	4
5329	2077	4
5329	2112	5
5329	2118	4
5329	2120	4
5329	2130	4
5329	2132	5
5329	2153	2
5329	2171	4
5329	2184	4
5329	2193	4
5329	2203	5
5329	2245	4
5329	2247	4
5329	2248	5
5329	2262	4
5329	2289	5
5329	2312	5
5329	2318	5
5329	2336	4
5329	2353	3
5329	2369	4
5329	2374	3
5329	2390	4
5329	2395	5
5329	2396	5
5329	2416	4
5329	2433	3
5329	2442	5
5329	2469	4
5329	2485	4
5329	2529	4
5329	2530	2
5329	2531	3
5329	2532	4
5329	2533	4
5329	2539	3
5329	2546	3
5329	2551	4
5329	2568	2
5329	2580	4
5329	2598	3
5329	2612	5
5329	2639	4
5329	2692	5
5329	2701	1
5329	2712	5
5329	2716	4
5329	2719	2
5329	2722	2
5329	2729	4
5329	2734	4
5329	2739	5
5329	2746	4
5329	2770	4
5329	2772	3
5329	2788	5
5329	2804	4
5329	2826	2
5329	2846	4
5329	2866	4
5329	2870	4
5329	2871	5
5329	2877	3
5329	2883	4
5329	2890	4
5329	2916	5
5329	2917	4
5329	2919	4
5329	2950	3
5329	2952	4
5329	2967	5
5329	2971	5
5329	2997	4
5329	3033	3
5329	3039	5
5329	3068	4
5329	3072	4
5329	3088	5
5329	3102	3
5329	3104	4
5329	3112	4
5329	3115	4
5329	3203	4
5329	3211	4
5329	3217	5
5329	3219	3
5329	3244	5
5329	3251	4
5329	3255	4
5329	3317	4
5329	3330	5
5329	3359	5
5329	3418	5
5329	3420	4
5329	3421	5
5329	3424	5
5329	3471	5
5329	3478	4
5329	3489	3
5329	3505	4
5329	3524	4
5329	3538	5
5329	3551	5
5329	3577	3
5329	3578	4
5329	3584	2
5329	3590	4
5329	3618	3
5329	3671	4
5329	3684	4
5329	3685	4
5329	3698	4
5329	3707	4
5329	3708	3
5329	3709	2
5329	3712	3
5329	3733	5
5329	3744	4
5329	3798	3
5329	3844	4
5335	110	4
5335	300	4
5335	357	5
5335	448	3
5335	457	4
5335	497	5
5335	527	5
5335	529	4
5335	590	5
5335	593	4
5335	595	4
5335	628	3
5335	858	5
5335	910	3
5335	931	4
5335	1060	5
5335	1079	5
5335	1086	5
5335	1094	3
5335	1189	5
5335	1198	5
5335	1200	5
5335	1204	5
5335	1213	5
5335	1225	5
5335	1228	3
5335	1234	5
5335	1252	5
5335	1258	4
5335	1265	4
5335	1278	4
5335	1293	4
5335	1357	4
5335	1449	5
5335	1594	3
5335	1617	4
5335	1633	3
5335	1639	5
5335	1641	4
5335	1673	5
5335	1674	5
5335	1797	3
5335	1834	4
5335	1912	5
5335	1953	4
5335	1954	4
5335	1957	3
5335	1994	3
5335	2080	4
5335	2125	3
5335	2183	4
5335	2248	4
5335	2289	5
5335	2313	4
5335	2329	4
5335	2396	5
5335	2501	3
5335	2692	5
5335	2716	4
5335	2739	3
5335	2804	4
5335	2822	1
5335	2860	3
5335	2890	5
5335	2908	4
5335	2915	5
5335	2916	3
5335	2917	5
5335	2997	5
5335	3068	3
5335	3072	5
5335	3104	4
5335	3114	4
5335	3253	4
5335	3418	4
5335	3471	5
5335	3499	3
5335	3555	3
5335	3633	3
5340	17	4
5340	28	4
5340	83	3
5340	99	3
5340	105	4
5340	151	3
5340	211	3
5340	246	4
5340	247	4
5340	282	3
5340	293	4
5340	300	4
5340	318	3
5340	326	4
5340	339	4
5340	357	3
5340	425	4
5340	446	5
5340	454	3
5340	477	3
5340	483	4
5340	497	4
5340	515	5
5340	527	4
5340	529	4
5340	535	4
5340	538	3
5340	555	4
5340	571	3
5340	587	3
5340	590	4
5340	785	1
5340	866	3
5340	932	3
5340	1041	5
5340	1057	4
5340	1060	3
5340	1094	5
5340	1147	3
5340	1183	2
5340	1213	4
5340	1277	3
5340	1357	4
5340	1392	3
5340	1393	3
5340	1408	5
5340	1413	4
5340	1441	3
5340	1466	3
5340	1477	3
5340	1531	3
5340	1535	3
5340	1542	4
5340	1569	3
5340	1571	4
5340	1594	3
5340	1617	5
5340	1633	4
5340	1639	4
5340	1649	3
5340	1660	4
5340	1673	4
5340	1683	4
5340	1704	3
5340	1734	4
5340	1784	4
5340	1834	4
5340	1888	3
5340	1914	4
5340	2171	5
5340	2318	3
5340	2336	5
5340	2385	4
5340	2390	4
5340	2395	4
5340	2396	5
5340	2437	3
5340	2442	4
5340	2474	3
5340	2501	3
5340	2610	3
5340	2620	3
5340	2692	4
5340	2712	2
5340	2716	3
5340	2770	4
5340	2908	5
5340	2912	4
5340	2997	4
5340	3006	5
5340	3100	3
5340	3125	4
5340	3148	4
5340	3175	4
5340	3281	4
5340	3426	4
5340	3501	3
5340	3521	4
5340	3538	4
5340	3552	3
5340	3618	4
5340	3649	3
5340	3655	4
5344	34	5
5344	80	4
5344	111	4
5344	116	4
5344	161	4
5344	282	3
5344	300	4
5344	339	3
5344	357	2
5344	480	3
5344	527	5
5344	529	4
5344	549	4
5344	590	4
5344	647	4
5344	668	3
5344	669	4
5344	720	5
5344	728	5
5344	759	4
5344	858	4
5344	910	4
5344	924	4
5344	1066	4
5344	1079	1
5344	1084	4
5344	1094	4
5344	1096	4
5344	1131	4
5344	1132	4
5344	1136	4
5344	1183	2
5344	1193	4
5344	1204	4
5344	1225	4
5344	1230	4
5344	1234	5
5344	1264	5
5344	1271	4
5344	1272	4
5344	1278	4
5344	1292	3
5344	1293	5
5344	1295	2
5344	1357	3
5344	1387	4
5344	1393	4
5344	1396	4
5344	1569	2
5344	1633	4
5344	1641	5
5344	1674	4
5344	1704	5
5344	1721	4
5344	1727	4
5344	1784	4
5344	1883	4
5344	1888	3
5344	1957	4
5344	2009	2
5344	2019	4
5344	2077	3
5344	2272	3
5344	2312	5
5344	2336	4
5344	2395	1
5344	2396	4
5344	2433	4
5344	2442	3
5344	2501	4
5344	2539	4
5344	2739	3
5344	2746	2
5344	2747	1
5344	2915	1
5344	2917	3
5344	3068	4
5344	3100	4
5344	3247	2
5344	3317	4
5344	3359	4
5344	3404	4
5344	3418	4
5344	3478	4
5344	3668	4
5344	3671	4
5346	5	3
5346	454	3
5346	593	5
5346	610	2
5346	741	2
5346	858	5
5346	1064	4
5346	1252	4
5346	2018	5
5346	2019	5
5346	2023	2
5346	2078	5
5346	2289	3
5346	2351	5
5346	2712	4
5346	2997	5
5346	3053	2
5346	3157	4
5346	3545	5
5346	3707	5
5348	70	2
5348	527	4
5348	606	2
5348	968	5
5348	1215	4
5348	1261	5
5348	1330	3
5348	1342	2
5348	1347	3
5348	1387	3
5348	1407	2
5348	1762	3
5348	1970	4
5348	2004	4
5348	2121	5
5348	2122	4
5348	2459	5
5348	2617	3
5348	2716	4
5348	2793	4
5348	2826	3
5348	3013	4
5348	3499	4
5348	3693	4
5348	3708	3
5350	6	4
5350	10	2
5350	42	1
5350	71	1
5350	110	5
5350	145	2
5350	163	2
5350	198	4
5350	329	2
5350	457	3
5350	480	3
5350	493	2
5350	494	3
5350	588	3
5350	590	3
5350	595	3
5350	610	3
5350	653	2
5350	707	1
5350	741	4
5350	780	3
5350	786	1
5350	858	5
5350	922	4
5350	969	3
5350	1032	4
5350	1126	2
5350	1198	4
5350	1200	3
5350	1201	4
5350	1204	5
5350	1214	5
5350	1215	3
5350	1220	2
5350	1242	4
5350	1252	5
5350	1261	3
5350	1275	3
5350	1356	2
5350	1372	3
5350	1374	3
5350	1408	3
5350	1488	1
5350	1573	3
5350	1580	2
5350	1610	3
5350	1616	2
5350	1617	5
5350	1687	3
5350	1722	1
5350	1769	3
5350	1833	3
5350	1912	4
5350	1918	1
5350	1953	2
5350	1954	3
5350	2019	5
5350	2021	4
5350	2023	3
5350	2058	3
5350	2100	3
5350	2105	3
5350	2143	2
5350	2161	1
5350	2193	3
5350	2278	4
5350	2347	3
5350	2353	3
5350	2457	2
5350	2490	3
5350	2529	1
5350	2540	3
5350	2640	2
5350	2712	5
5350	2763	1
5350	2810	4
5350	2871	3
5350	2905	5
5350	2912	3
5350	2916	2
5350	2976	4
5350	2990	1
5350	2993	3
5350	2997	4
5350	3006	4
5350	3020	3
5350	3029	2
5350	3034	3
5350	3053	3
5350	3062	3
5350	3104	3
5350	3107	2
5350	3175	3
5350	3213	2
5350	3256	3
5350	3418	2
5350	3438	1
5350	3477	2
5350	3479	3
5350	3489	2
5350	3527	3
5350	3578	5
5350	3633	2
5350	3634	4
5350	3638	2
5350	3654	3
5350	3702	4
5350	3703	3
5350	3704	2
5350	3729	3
5351	480	3
5351	590	5
5351	969	4
5351	1198	4
5351	1356	4
5351	1372	3
5351	1954	3
5351	2430	3
5351	2916	4
5351	3175	3
5351	3578	5
5351	3594	4
5365	5	3
5365	24	3
5365	31	3
5365	34	3
5365	70	3
5365	76	3
5365	95	3
5365	158	3
5365	163	4
5365	180	5
5365	186	4
5365	198	4
5365	216	4
5365	231	4
5365	236	4
5365	293	5
5365	296	5
5365	318	4
5365	329	4
5365	333	4
5365	339	4
5365	372	4
5365	419	2
5365	434	3
5365	441	5
5365	466	3
5365	480	4
5365	494	3
5365	527	3
5365	533	3
5365	537	3
5365	550	4
5365	555	3
5365	593	4
5365	628	4
5365	736	4
5365	741	5
5365	780	5
5365	782	3
5365	784	3
5365	785	4
5365	786	3
5365	836	4
5365	837	3
5365	849	1
5365	999	4
5365	1003	4
5365	1020	4
5365	1034	4
5365	1042	3
5365	1059	5
5365	1060	5
5365	1092	3
5365	1213	4
5365	1265	4
5365	1372	5
5365	1393	4
5365	1396	4
5365	1407	3
5365	1513	3
5365	1573	5
5365	1605	4
5365	1609	4
5365	1610	4
5365	1616	4
5365	1617	5
5365	1639	4
5365	1641	3
5365	1655	3
5365	1673	3
5365	1680	3
5365	1687	4
5365	1689	4
5365	1690	4
5365	1721	2
5365	1722	4
5365	1729	4
5365	1747	5
5365	1753	4
5365	1762	3
5365	1769	4
5365	1779	4
5365	1783	4
5365	1784	5
5365	1792	4
5365	1797	4
5365	1816	3
5365	1835	4
5365	1845	4
5365	1883	4
5365	1888	3
5365	1892	4
5365	1912	4
5365	1920	4
5365	2004	3
5365	2012	4
5365	2058	5
5365	2125	4
5365	2188	3
5365	2266	4
5365	2278	5
5365	2282	3
5365	2302	4
5365	2316	4
5365	2318	4
5365	2329	5
5365	2353	4
5365	2391	5
5365	2395	4
5365	2424	3
5365	2446	3
5365	2539	4
5365	2558	4
5365	2567	4
5365	2580	4
5365	2589	4
5365	2598	4
5365	2617	4
5365	2722	4
5365	2763	4
5365	2826	4
5365	2881	4
5365	2890	5
5365	2997	5
5365	3020	4
5365	3100	3
5365	3114	4
5365	3247	3
5365	3253	4
5365	3256	5
5365	3263	3
5365	3274	3
5365	3300	5
5365	3354	1
5365	3418	3
5365	3450	4
5365	3476	4
5365	3477	5
5365	3578	5
5365	3615	4
5365	3646	2
5365	3661	3
5365	3663	3
5367	6	4
5367	8	2
5367	10	3
5367	17	3
5367	19	1
5367	20	1
5367	24	2
5367	31	2
5367	34	4
5367	36	4
5367	41	3
5367	44	2
5367	52	3
5367	65	1
5367	70	1
5367	95	2
5367	105	2
5367	110	4
5367	111	5
5367	145	3
5367	153	2
5367	161	3
5367	163	3
5367	170	1
5367	173	1
5367	180	4
5367	181	2
5367	198	2
5367	203	1
5367	216	3
5367	231	3
5367	235	3
5367	246	4
5367	247	5
5367	256	2
5367	276	2
5367	293	4
5367	296	4
5367	300	3
5367	303	2
5367	317	2
5367	318	5
5367	329	3
5367	340	2
5367	355	1
5367	357	2
5367	372	2
5367	378	1
5367	379	2
5367	410	2
5367	411	2
5367	413	2
5367	415	2
5367	419	1
5367	427	1
5367	429	2
5367	432	3
5367	434	3
5367	441	3
5367	444	1
5367	446	3
5367	454	3
5367	457	3
5367	459	1
5367	466	2
5367	479	2
5367	480	3
5367	484	1
5367	489	2
5367	493	4
5367	497	4
5367	505	1
5367	511	3
5367	512	2
5367	518	2
5367	527	5
5367	529	4
5367	538	2
5367	546	1
5367	550	2
5367	555	4
5367	574	3
5367	587	3
5367	588	2
5367	590	3
5367	593	5
5367	595	2
5367	608	4
5367	610	3
5367	628	3
5367	631	1
5367	662	2
5367	697	1
5367	707	1
5367	709	1
5367	720	3
5367	736	1
5367	741	4
5367	746	4
5367	754	1
5367	780	1
5367	784	1
5367	785	2
5367	786	1
5367	798	1
5367	805	3
5367	830	2
5367	832	2
5367	833	3
5367	838	2
5367	849	1
5367	858	5
5367	861	3
5367	866	3
5367	875	3
5367	886	3
5367	888	1
5367	891	1
5367	903	5
5367	908	5
5367	910	5
5367	911	5
5367	914	4
5367	922	5
5367	924	4
5367	926	5
5367	934	3
5367	952	3
5367	953	4
5367	968	4
5367	969	5
5367	986	2
5367	998	1
5367	999	3
5367	1013	3
5367	1014	2
5367	1015	2
5367	1017	3
5367	1019	3
5367	1020	3
5367	1025	3
5367	1028	3
5367	1029	3
5367	1030	2
5367	1031	3
5367	1032	3
5367	1041	3
5367	1042	2
5367	1054	4
5367	1055	1
5367	1060	4
5367	1079	3
5367	1084	4
5367	1088	2
5367	1091	3
5367	1092	3
5367	1094	2
5367	1104	4
5367	1135	2
5367	1136	4
5367	1171	2
5367	1183	1
5367	1193	5
5367	1198	5
5367	1199	4
5367	1200	4
5367	1201	4
5367	1204	4
5367	1206	3
5367	1213	5
5367	1214	5
5367	1215	2
5367	1220	4
5367	1222	3
5367	1225	4
5367	1228	5
5367	1230	4
5367	1237	5
5367	1242	4
5367	1246	3
5367	1252	5
5367	1257	4
5367	1258	5
5367	1261	1
5367	1265	4
5367	1271	2
5367	1272	4
5367	1275	2
5367	1276	4
5367	1283	4
5367	1286	2
5367	1287	3
5367	1288	4
5367	1290	3
5367	1293	3
5367	1297	3
5367	1330	2
5367	1333	3
5367	1339	1
5367	1347	3
5367	1355	2
5367	1356	3
5367	1357	4
5367	1372	3
5367	1373	1
5367	1374	4
5367	1378	2
5367	1379	1
5367	1382	1
5367	1387	5
5367	1388	1
5367	1393	5
5367	1394	4
5367	1396	4
5367	1401	2
5367	1407	2
5367	1408	3
5367	1431	2
5367	1432	2
5367	1441	2
5367	1445	1
5367	1449	4
5367	1465	4
5367	1485	2
5367	1497	1
5367	1499	1
5367	1513	2
5367	1516	3
5367	1525	2
5367	1542	3
5367	1562	1
5367	1569	2
5367	1573	1
5367	1580	3
5367	1590	2
5367	1594	5
5367	1610	3
5367	1611	3
5367	1615	1
5367	1617	5
5367	1639	5
5367	1641	4
5367	1648	3
5367	1673	4
5367	1674	3
5367	1687	1
5367	1689	2
5367	1690	3
5367	1704	4
5367	1721	1
5367	1722	3
5367	1729	3
5367	1746	1
5367	1747	5
5367	1769	2
5367	1772	1
5367	1779	2
5367	1784	4
5367	1794	3
5367	1816	4
5367	1834	3
5367	1840	4
5367	1845	4
5367	1862	1
5367	1863	2
5367	1882	1
5367	1883	4
5367	1887	1
5367	1888	1
5367	1895	3
5367	1912	5
5367	1916	4
5367	1917	1
5367	1918	2
5367	1923	4
5367	1927	4
5367	1947	3
5367	1950	4
5367	1953	5
5367	1954	5
5367	1955	3
5367	1957	3
5367	1962	4
5367	1967	3
5367	1970	2
5367	1972	1
5367	1973	1
5367	1974	2
5367	1975	1
5367	1979	1
5367	1982	3
5367	1986	1
5367	1988	1
5367	1992	1
5367	1994	4
5367	1995	1
5367	1997	4
5367	2001	4
5367	2004	2
5367	2009	2
5367	2010	4
5367	2011	3
5367	2012	3
5367	2015	2
5367	2016	1
5367	2018	2
5367	2019	5
5367	2021	3
5367	2022	3
5367	2024	1
5367	2027	1
5367	2046	2
5367	2053	2
5367	2058	3
5367	2059	1
5367	2072	2
5367	2078	3
5367	2080	3
5367	2081	2
5367	2083	2
5367	2100	3
5367	2102	3
5367	2105	3
5367	2112	2
5367	2118	2
5367	2120	1
5367	2121	1
5367	2123	1
5367	2125	1
5367	2138	4
5367	2142	1
5367	2143	1
5367	2149	1
5367	2153	1
5367	2161	3
5367	2193	4
5367	2195	3
5367	2245	3
5367	2248	3
5367	2249	1
5367	2261	2
5367	2265	1
5367	2266	2
5367	2278	3
5367	2282	3
5367	2289	4
5367	2302	3
5367	2311	2
5367	2316	1
5367	2318	5
5367	2326	2
5367	2329	4
5367	2336	5
5367	2353	3
5367	2356	2
5367	2359	4
5367	2373	2
5367	2374	2
5367	2380	1
5367	2382	1
5367	2389	1
5367	2391	4
5367	2395	5
5367	2396	3
5367	2399	2
5367	2405	2
5367	2407	3
5367	2410	1
5367	2411	1
5367	2416	2
5367	2433	2
5367	2435	3
5367	2468	1
5367	2469	3
5367	2471	2
5367	2474	3
5367	2477	1
5367	2485	1
5367	2490	5
5367	2529	3
5367	2540	2
5367	2549	2
5367	2567	3
5367	2580	5
5367	2589	3
5367	2598	3
5367	2617	3
5367	2640	2
5367	2642	1
5367	2664	3
5367	2692	4
5367	2709	1
5367	2712	4
5367	2716	4
5367	2735	2
5367	2746	2
5367	2748	2
5367	2752	2
5367	2761	4
5367	2763	3
5367	2764	3
5367	2770	3
5367	2793	1
5367	2794	2
5367	2796	2
5367	2798	1
5367	2804	3
5367	2807	2
5367	2810	3
5367	2815	1
5367	2816	1
5367	2817	1
5367	2819	4
5367	2822	1
5367	2826	2
5367	2840	2
5367	2846	3
5367	2870	3
5367	2871	4
5367	2877	3
5367	2881	1
5367	2889	2
5367	2890	3
5367	2899	3
5367	2908	4
5367	2912	4
5367	2915	3
5367	2916	4
5367	2950	2
5367	2951	3
5367	2953	1
5367	2976	2
5367	2986	2
5367	2990	1
5367	2993	4
5367	2997	5
5367	3005	1
5367	3006	4
5367	3017	1
5367	3019	2
5367	3020	4
5367	3033	3
5367	3034	4
5367	3039	4
5367	3040	2
5367	3044	4
5367	3051	2
5367	3063	2
5367	3100	2
5367	3104	3
5367	3107	2
5367	3114	4
5367	3146	2
5367	3148	4
5367	3159	5
5367	3175	3
5367	3176	3
5367	3178	4
5367	3196	4
5367	3213	4
5367	3243	2
5367	3247	2
5367	3252	4
5367	3253	3
5367	3255	3
5367	3256	4
5367	3263	4
5367	3267	4
5367	3274	2
5367	3300	2
5367	3317	4
5367	3334	4
5367	3354	2
5367	3362	4
5367	3365	4
5367	3385	3
5367	3388	2
5367	3391	1
5367	3398	2
5367	3401	1
5367	3404	1
5367	3405	3
5367	3418	3
5367	3421	4
5367	3424	4
5367	3426	3
5367	3436	1
5367	3438	3
5367	3444	2
5367	3450	3
5367	3471	5
5367	3477	2
5367	3479	2
5367	3489	2
5367	3499	3
5367	3500	2
5367	3505	3
5367	3508	3
5367	3524	2
5367	3527	3
5367	3544	1
5367	3551	4
5367	3552	4
5367	3555	4
5367	3578	3
5367	3608	3
5367	3616	3
5367	3633	2
5367	3635	3
5367	3638	3
5367	3654	4
5367	3668	2
5367	3671	4
5367	3672	2
5367	3675	2
5367	3684	2
5367	3697	3
5367	3698	3
5367	3702	3
5367	3703	4
5367	3704	1
5367	3707	2
5367	3709	2
5367	3710	2
5367	3712	2
5367	3723	2
5367	3729	3
5367	3740	4
5367	3744	3
5367	3745	3
5367	3753	3
5367	3760	3
5367	3791	2
5367	3793	3
5367	3844	3
5367	3869	3
5367	3893	3
5367	3896	5
5368	170	3
5368	293	3
5368	373	4
5368	457	3
5368	480	1
5368	587	4
5368	608	4
5368	671	4
5368	788	1
5368	924	5
5368	1092	4
5368	1175	5
5368	1193	4
5368	1199	5
5368	1214	3
5368	1264	5
5368	1289	5
5368	1372	2
5368	1373	1
5368	1374	1
5368	1391	3
5368	1396	3
5368	1407	2
5368	1610	3
5368	1617	4
5368	2011	2
5368	2021	2
5368	2053	1
5368	2105	4
5368	2110	4
5368	2278	3
5368	2349	4
5368	2468	2
5368	2490	2
5368	2529	2
5368	2600	4
5368	2640	2
5368	2701	2
5368	2916	5
5368	2976	3
5368	2997	5
5368	3033	3
5368	3053	2
5368	3157	2
5368	3175	4
5368	3176	4
5368	3471	4
5368	3703	3
5368	3704	3
5375	858	4
5375	1028	4
5375	1171	5
5375	1175	4
5375	1215	5
5375	1449	4
5375	1580	4
5375	1641	5
5375	1721	3
5375	1747	4
5375	2844	4
5375	2912	5
5375	3005	5
5375	3039	4
5375	3104	5
5378	24	3
5378	41	4
5378	110	4
5378	466	2
5378	647	4
5378	785	2
5378	943	5
5378	953	5
5378	968	4
5378	1513	4
5378	1935	4
5378	1937	4
5378	1942	4
5378	2022	3
5378	2102	5
5378	2188	1
5378	2318	5
5378	2336	5
5378	2390	4
5378	2396	5
5378	2433	4
5378	2434	4
5378	2526	1
5378	2580	3
5378	2581	3
5378	2598	3
5378	2606	1
5378	2612	4
5378	2670	4
5378	2690	4
5378	2701	3
5378	2709	3
5378	2712	2
5378	2716	4
5378	2719	1
5378	2734	4
5378	2746	4
5378	2761	4
5378	2763	4
5378	2770	4
5378	2771	2
5378	2826	1
5378	2881	3
5378	2908	4
5378	2935	5
5378	2937	5
5378	2995	1
5378	2997	5
5378	3061	4
5378	3102	3
5378	3157	4
5378	3175	5
5378	3176	4
5378	3219	4
5378	3238	3
5378	3334	4
5378	3354	1
5378	3409	1
5378	3501	4
5378	3513	3
5378	3552	4
5378	3578	1
5378	3608	4
5378	3618	4
5378	3634	4
5378	3635	3
5378	3638	3
5378	3643	3
5378	3649	3
5378	3654	4
5378	3668	3
5378	3671	5
5378	3676	3
5378	3678	4
5378	3681	4
5378	3684	4
5378	3685	4
5378	3698	3
5378	3702	4
5378	3703	3
5378	3704	4
5378	3707	3
5378	3711	4
5378	3723	3
5378	3729	4
5378	3733	4
5378	3740	3
5382	10	4
5382	110	5
5382	145	4
5382	355	2
5382	934	3
5382	1136	5
5382	1198	5
5382	1265	4
5382	1275	4
5382	1356	4
5382	1721	3
5382	1722	4
5382	1954	5
5382	2004	3
5382	2081	5
5382	2193	4
5382	2490	4
5382	2716	5
5382	2763	5
5382	2915	5
5382	3253	4
5382	3263	4
5382	3438	2
5382	3452	4
5382	3527	4
5382	3578	5
5382	3744	3
5382	3793	4
5382	3893	3
5384	34	4
5384	242	4
5384	588	4
5384	595	5
5384	910	5
5384	918	4
5384	945	5
5384	1028	5
5384	1032	4
5384	1066	5
5384	1199	5
5384	1293	4
5384	1394	5
5384	1542	5
5384	1914	5
5384	1947	5
5384	2396	5
5384	2649	2
5384	2804	5
5384	3114	4
5384	3421	3
5384	3675	5
5390	6	2
5390	20	2
5390	70	1
5390	95	3
5390	110	5
5390	111	5
5390	145	4
5390	163	3
5390	170	3
5390	235	5
5390	293	4
5390	296	4
5390	454	4
5390	457	5
5390	480	4
5390	493	5
5390	590	5
5390	608	5
5390	610	4
5390	653	3
5390	707	4
5390	780	5
5390	786	2
5390	849	4
5390	858	5
5390	861	4
5390	969	5
5390	982	4
5390	1079	5
5390	1084	4
5390	1136	5
5390	1198	5
5390	1200	4
5390	1204	5
5390	1213	5
5390	1214	4
5390	1220	4
5390	1222	5
5390	1227	4
5390	1234	4
5390	1242	5
5390	1275	4
5390	1276	5
5390	1278	5
5390	1287	4
5390	1288	5
5390	1333	4
5390	1374	3
5390	1382	3
5390	1394	5
5390	1408	5
5390	1432	2
5390	1466	4
5390	1499	4
5390	1580	4
5390	1610	4
5390	1617	5
5390	1729	4
5390	1792	4
5390	1804	4
5390	1833	3
5390	1912	4
5390	1918	3
5390	1953	5
5390	1954	5
5390	1962	3
5390	2019	4
5390	2022	4
5390	2023	5
5390	2058	4
5390	2110	4
5390	2130	5
5390	2193	3
5390	2246	4
5390	2278	5
5390	2289	4
5390	2322	4
5390	2353	3
5390	2359	4
5390	2391	3
5390	2396	3
5390	2405	4
5390	2529	3
5390	2577	3
5390	2640	3
5390	2701	1
5390	2722	2
5390	2826	3
5390	2871	4
5390	2916	2
5390	2951	5
5390	2986	3
5390	3006	5
5390	3020	4
5390	3036	3
5390	3037	5
5390	3175	4
5390	3256	4
5390	3267	4
5390	3272	4
5390	3372	4
5390	3421	5
5390	3527	4
5390	3602	3
5390	3608	3
5390	3643	4
5390	3654	4
5390	3671	4
5390	3702	5
5390	3703	5
5390	3704	4
5392	17	4
5392	34	4
5392	110	4
5392	300	4
5392	480	3
5392	608	4
5392	1183	4
5392	1393	4
5392	1704	4
5392	1721	5
5392	1923	4
5392	2389	4
5392	2396	5
5392	3471	5
5396	480	5
5396	610	5
5396	720	5
5396	741	5
5396	788	4
5396	1029	5
5396	1198	5
5396	1200	5
5396	1204	4
5396	1206	4
5396	1214	5
5396	1215	5
5396	1222	5
5396	1387	5
5396	1396	5
5396	1573	4
5396	1580	4
5396	1610	3
5396	1912	4
5396	2018	5
5396	2019	5
5396	2078	5
5396	2100	3
5396	2193	5
5396	2407	5
5396	2640	4
5396	2692	3
5396	2716	5
5396	2916	5
5396	2951	3
5396	2997	2
5396	3175	4
5396	3300	4
5396	3527	5
5396	3693	4
5396	3702	3
5401	34	5
5401	180	4
5401	222	3
5401	235	4
5401	282	3
5401	296	5
5401	318	4
5401	321	4
5401	351	4
5401	386	4
5401	425	4
5401	444	3
5401	446	5
5401	477	3
5401	527	5
5401	588	4
5401	590	4
5401	593	5
5401	595	4
5401	608	4
5401	766	4
5401	837	5
5401	851	5
5401	858	5
5401	1013	4
5401	1014	4
5401	1028	5
5401	1029	3
5401	1060	4
5401	1079	4
5401	1094	4
5401	1136	4
5401	1183	4
5401	1257	5
5401	1271	5
5401	1277	4
5401	1339	3
5401	1393	4
5401	1394	4
5401	1566	3
5401	1611	3
5401	1639	5
5401	1660	5
5401	1673	4
5401	1704	5
5401	1721	4
5401	1747	4
5401	1967	5
5401	2018	4
5401	2080	4
5401	2081	3
5401	2161	5
5401	2193	5
5401	2245	3
5401	2248	5
5401	2336	5
5401	2396	5
5401	2434	4
5401	2712	4
5401	2804	5
5401	2997	3
5401	3145	5
5401	3148	4
5401	3175	3
5401	3176	3
5401	3255	4
5401	3317	5
5401	3438	2
5404	34	3
5404	36	4
5404	52	3
5404	110	4
5404	282	3
5404	293	5
5404	296	4
5404	318	4
5404	348	3
5404	457	5
5404	480	4
5404	500	4
5404	527	5
5404	588	4
5404	595	4
5404	608	1
5404	635	3
5404	785	3
5404	858	4
5404	924	4
5404	934	4
5404	969	5
5404	1057	3
5404	1079	5
5404	1084	5
5404	1094	4
5404	1131	4
5404	1136	4
5404	1193	5
5404	1198	5
5404	1200	5
5404	1206	1
5404	1213	4
5404	1214	4
5404	1220	5
5404	1230	5
5404	1234	4
5404	1246	5
5404	1258	3
5404	1265	4
5404	1276	5
5404	1278	5
5404	1293	5
5404	1374	3
5404	1387	4
5404	1393	1
5404	1394	5
5404	1396	4
5404	1407	3
5404	1580	5
5404	1641	4
5404	1673	1
5404	1674	4
5404	1704	5
5404	1784	4
5404	1954	3
5404	1955	4
5404	1962	5
5404	1963	3
5404	2041	4
5404	2232	1
5404	2302	3
5404	2312	5
5404	2359	3
5404	2391	2
5404	2396	4
5404	2490	5
5404	2529	4
5404	2574	3
5404	2640	4
5404	2693	4
5404	2709	3
5404	2712	1
5404	2716	5
5404	2722	2
5404	2745	4
5404	2763	5
5404	2770	4
5404	2804	5
5404	2889	3
5404	2916	4
5404	2997	1
5404	3037	4
5404	3104	5
5404	3252	5
5404	3354	1
5404	3421	5
5404	3471	4
5404	3499	4
5404	3510	4
5404	3524	4
5404	3527	4
5404	3552	4
5404	3578	4
5404	3615	5
5404	3671	4
5404	3729	3
5406	17	3
5406	34	4
5406	186	2
5406	246	4
5406	317	3
5406	318	4
5406	339	5
5406	357	2
5406	381	4
5406	497	4
5406	515	3
5406	527	4
5406	587	3
5406	588	4
5406	595	4
5406	830	2
5406	838	4
5406	905	3
5406	916	4
5406	969	4
5406	1020	3
5406	1064	2
5406	1198	5
5406	1225	3
5406	1234	4
5406	1242	3
5406	1265	2
5406	1367	3
5406	1394	3
5406	1513	2
5406	1580	3
5406	1674	4
5406	1704	4
5406	1721	3
5406	1923	1
5406	1936	4
5406	1954	4
5406	1957	5
5406	1962	3
5406	2012	3
5406	2078	3
5406	2080	3
5406	2081	5
5406	2245	3
5406	2262	2
5406	2359	4
5406	2396	3
5406	2405	3
5406	2407	3
5406	2408	2
5406	2424	3
5406	2469	2
5406	2501	4
5406	2690	3
5406	2709	2
5406	3061	4
5406	3072	4
5406	3088	2
5406	3114	5
5406	3157	4
5406	3175	3
5406	3359	4
5406	3418	3
5406	3471	1
5406	3501	3
5406	3545	2
5406	3675	3
5415	357	5
5415	587	4
5415	969	4
5415	1028	5
5415	1060	5
5415	1136	4
5415	1198	4
5415	1230	4
5415	1265	4
5415	1278	4
5415	1288	3
5415	1874	3
5415	1923	5
5415	1931	3
5415	2078	2
5415	2359	5
5415	2396	5
5415	2716	2
5415	2915	4
5415	3040	2
5415	3072	5
5415	3104	3
5415	3114	2
5415	3421	4
5415	3513	3
5422	153	2
5422	186	3
5422	203	4
5422	231	2
5422	232	4
5422	294	4
5422	324	4
5422	342	4
5422	348	4
5422	351	4
5422	357	5
5422	410	4
5422	432	3
5422	500	4
5422	532	3
5422	587	5
5422	728	3
5422	788	1
5422	830	4
5422	905	5
5422	915	5
5422	922	5
5422	933	5
5422	942	5
5422	952	4
5422	1028	3
5422	1078	4
5422	1079	5
5422	1198	2
5422	1230	4
5422	1234	3
5422	1252	4
5422	1265	3
5422	1278	5
5422	1288	5
5422	1292	4
5422	1367	2
5422	1391	3
5422	1513	5
5422	1569	4
5422	1617	5
5422	1641	3
5422	1747	4
5422	1772	1
5422	1923	5
5422	2029	4
5422	2100	3
5422	2245	3
5422	2247	4
5422	2282	3
5422	2289	3
5422	2359	2
5422	2390	5
5422	2424	3
5422	2469	4
5422	2640	2
5422	2915	5
5422	2996	4
5422	2997	5
5422	3006	3
5422	3039	4
5422	3072	5
5422	3114	5
5422	3144	4
5422	3247	5
5422	3253	2
5422	3334	4
5422	3362	4
5422	3506	3
5422	3524	5
5422	3552	3
5422	3671	5
5422	3712	4
5424	17	3
5424	24	4
5424	34	4
5424	110	3
5424	144	4
5424	222	4
5424	232	3
5424	296	4
5424	318	4
5424	500	4
5424	527	4
5424	590	3
5424	593	5
5424	608	4
5424	805	3
5424	858	4
5424	903	5
5424	969	4
5424	1094	3
5424	1126	4
5424	1136	5
5424	1198	4
5424	1201	3
5424	1220	5
5424	1234	5
5424	1265	4
5424	1276	5
5424	1278	4
5424	1393	4
5424	1394	4
5424	1396	3
5424	1580	3
5424	1610	3
5424	1680	4
5424	1704	4
5424	1721	3
5424	1784	5
5424	1923	5
5424	2038	3
5424	2396	4
5424	2581	4
5424	2598	3
5424	2640	3
5424	2716	4
5424	2763	3
5424	2770	3
5424	2997	5
5424	3005	4
5424	3079	3
5424	3088	5
5424	3100	3
5424	3114	4
5424	3148	4
5424	3175	4
5424	3176	4
5424	3178	3
5424	3185	2
5424	3252	4
5424	3255	3
5424	3404	3
5424	3418	3
5424	3421	3
5424	3578	4
5424	3671	5
5424	3798	4
5429	31	4
5429	34	3
5429	36	5
5429	52	5
5429	232	4
5429	318	2
5429	339	2
5429	425	5
5429	497	5
5429	515	1
5429	527	5
5429	529	5
5429	590	3
5429	593	1
5429	605	4
5429	838	4
5429	858	2
5429	1041	5
5429	1054	5
5429	1057	4
5429	1096	5
5429	1193	3
5429	1206	1
5429	1213	1
5429	1230	5
5429	1246	5
5429	1265	4
5429	1357	5
5429	1387	4
5429	1393	4
5429	1617	1
5429	1639	5
5429	1641	5
5429	1670	4
5429	1674	5
5429	1680	2
5429	1704	5
5429	1747	5
5429	1784	3
5429	1955	5
5429	2245	5
5429	2248	4
5429	2262	4
5429	2312	5
5429	2313	4
5429	2336	5
5429	2395	2
5429	2501	5
5429	2739	4
5429	2771	3
5429	2908	5
5429	2915	5
5429	2996	4
5429	2997	3
5429	3072	4
5429	3102	4
5429	3114	4
5429	3148	5
5429	3359	4
5429	3424	5
5432	36	4
5432	41	4
5432	111	4
5432	373	5
5432	457	3
5432	527	4
5432	608	5
5432	858	4
5432	918	3
5432	922	5
5432	942	4
5432	952	4
5432	953	3
5432	969	5
5432	1079	5
5432	1084	5
5432	1094	3
5432	1096	5
5432	1104	5
5432	1131	2
5432	1132	2
5432	1136	4
5432	1150	2
5432	1171	2
5432	1189	3
5432	1193	4
5432	1198	4
5432	1204	4
5432	1217	5
5432	1222	3
5432	1225	4
5432	1230	4
5432	1237	5
5432	1238	4
5432	1242	4
5432	1251	4
5432	1252	4
5432	1265	4
5432	1276	4
5432	1283	5
5432	1293	4
5432	1617	4
5432	1633	3
5432	1648	3
5432	1673	3
5432	1674	4
5432	1684	3
5432	1834	4
5432	1949	4
5432	1950	4
5432	1953	4
5432	1954	3
5432	1955	4
5432	1957	4
5432	1964	4
5432	1997	3
5432	2019	4
5432	2130	4
5432	2132	5
5432	2349	3
5432	2396	5
5432	2583	4
5432	2692	2
5432	2716	4
5432	2731	4
5432	2732	5
5432	2764	3
5432	2917	5
5432	2919	3
5432	2951	5
5432	2972	1
5432	3068	4
5432	3072	4
5432	3125	2
5432	3148	4
5432	3255	3
5432	3418	5
5432	3421	4
5432	3467	4
5432	3468	4
5432	3537	4
5432	3545	5
5432	3654	4
5432	3671	5
5432	3685	5
5432	3738	3
5433	6	1
5433	10	2
5433	22	3
5433	24	4
5433	34	4
5433	36	4
5433	42	3
5433	44	3
5433	70	1
5433	76	1
5433	95	3
5433	147	3
5433	157	4
5433	161	5
5433	170	3
5433	173	1
5433	181	1
5433	198	4
5433	203	3
5433	235	3
5433	256	3
5433	282	3
5433	293	4
5433	296	3
5433	299	4
5433	300	3
5433	303	3
5433	318	4
5433	329	3
5433	351	3
5433	357	3
5433	365	2
5433	372	4
5433	376	4
5433	379	3
5433	427	4
5433	432	1
5433	434	1
5433	454	4
5433	457	4
5433	480	2
5433	494	3
5433	500	3
5433	512	2
5433	518	3
5433	527	4
5433	529	4
5433	532	5
5433	535	5
5433	546	1
5433	581	4
5433	587	4
5433	590	3
5433	593	5
5433	608	5
5433	610	2
5433	628	4
5433	647	5
5433	671	2
5433	736	2
5433	741	4
5433	766	3
5433	780	3
5433	786	2
5433	788	2
5433	798	4
5433	832	3
5433	836	4
5433	837	5
5433	849	1
5433	858	4
5433	861	3
5433	866	5
5433	880	1
5433	903	2
5433	924	2
5433	968	2
5433	992	3
5433	998	3
5433	999	4
5433	1003	2
5433	1019	3
5433	1028	1
5433	1034	5
5433	1059	3
5433	1060	5
5433	1063	4
5433	1079	2
5433	1094	4
5433	1130	2
5433	1136	5
5433	1161	4
5433	1171	4
5433	1175	2
5433	1193	5
5433	1198	3
5433	1199	4
5433	1200	5
5433	1201	3
5433	1206	3
5433	1214	5
5433	1215	1
5433	1222	3
5433	1225	4
5433	1228	3
5433	1230	2
5433	1234	4
5433	1242	3
5433	1246	4
5433	1252	2
5433	1258	4
5433	1264	3
5433	1265	5
5433	1271	5
5433	1275	2
5433	1287	3
5433	1288	2
5433	1289	5
5433	1290	4
5433	1292	4
5433	1293	3
5433	1295	1
5433	1306	1
5433	1333	3
5433	1341	2
5433	1346	3
5433	1347	1
5433	1352	3
5433	1356	3
5433	1357	2
5433	1372	1
5433	1373	2
5433	1374	3
5433	1387	5
5433	1388	2
5433	1391	3
5433	1392	5
5433	1393	2
5433	1394	2
5433	1396	4
5433	1401	4
5433	1407	4
5433	1425	2
5433	1438	3
5433	1449	5
5433	1464	4
5433	1485	2
5433	1499	1
5433	1562	3
5433	1569	3
5433	1573	2
5433	1580	4
5433	1590	3
5433	1598	3
5433	1601	2
5433	1610	3
5433	1611	2
5433	1612	4
5433	1615	4
5433	1616	3
5433	1617	3
5433	1641	4
5433	1648	3
5433	1660	5
5433	1665	3
5433	1673	3
5433	1674	2
5433	1680	3
5433	1687	4
5433	1689	5
5433	1690	5
5433	1699	4
5433	1704	3
5433	1721	4
5433	1722	2
5433	1729	3
5433	1747	4
5433	1762	1
5433	1769	1
5433	1779	2
5433	1783	3
5433	1784	5
5433	1833	3
5433	1834	3
5433	1840	2
5433	1845	2
5433	1862	2
5433	1882	3
5433	1883	5
5433	1892	4
5433	1917	3
5433	1920	2
5433	1923	5
5433	1924	1
5433	1955	4
5433	1962	3
5433	1970	1
5433	1972	1
5433	1974	1
5433	1975	1
5433	1982	1
5433	1986	1
5433	1994	3
5433	1997	4
5433	2001	3
5433	2010	2
5433	2011	3
5433	2012	4
5433	2019	4
5433	2021	4
5433	2022	3
5433	2023	4
5433	2038	2
5433	2053	2
5433	2071	2
5433	2072	2
5433	2081	2
5433	2093	1
5433	2097	3
5433	2105	3
5433	2112	5
5433	2151	2
5433	2161	2
5433	2173	3
5433	2193	3
5433	2202	3
5433	2232	4
5433	2245	3
5433	2252	5
5433	2278	3
5433	2282	4
5433	2287	1
5433	2289	4
5433	2302	3
5433	2312	3
5433	2313	5
5433	2322	5
5433	2329	4
5433	2336	4
5433	2346	4
5433	2353	4
5433	2359	4
5433	2365	1
5433	2369	3
5433	2370	4
5433	2373	2
5433	2391	5
5433	2396	4
5433	2405	3
5433	2407	3
5433	2408	3
5433	2411	3
5433	2424	3
5433	2456	2
5433	2468	4
5433	2469	4
5433	2474	4
5433	2529	3
5433	2530	2
5433	2531	2
5433	2532	2
5433	2533	2
5433	2551	1
5433	2554	2
5433	2574	3
5433	2600	1
5433	2617	2
5433	2639	2
5433	2640	2
5433	2655	1
5433	2663	2
5433	2664	3
5433	2667	1
5433	2692	5
5433	2701	4
5433	2716	3
5433	2722	2
5433	2734	4
5433	2735	2
5433	2739	2
5433	2746	2
5433	2770	3
5433	2788	5
5433	2795	1
5433	2798	1
5433	2826	3
5433	2871	4
5433	2915	3
5433	2916	5
5433	2917	4
5433	2919	3
5433	2938	4
5433	2976	3
5433	2986	2
5433	2990	2
5433	2997	5
5433	3006	3
5433	3020	3
5433	3039	3
5433	3044	4
5433	3053	4
5433	3094	4
5433	3102	4
5433	3104	4
5433	3107	3
5433	3175	4
5433	3203	3
5433	3211	3
5433	3219	4
5433	3247	4
5433	3251	3
5433	3253	4
5433	3256	3
5433	3267	4
5433	3300	5
5433	3340	2
5433	3354	1
5433	3401	1
5433	3418	5
5433	3424	2
5433	3438	2
5433	3444	4
5433	3471	3
5433	3476	5
5433	3479	3
5433	3486	1
5433	3499	4
5433	3505	5
5433	3527	5
5433	3546	5
5433	3578	3
5433	3608	4
5433	3618	3
5433	3661	1
5433	3663	1
5433	3664	1
5433	3671	4
5433	3685	3
5433	3697	2
5433	3698	5
5433	3700	5
5433	3702	4
5433	3703	4
5433	3704	2
5433	3715	2
5433	3745	4
5433	3786	3
5433	3793	3
5433	3858	2
5433	3872	3
5434	17	4
5434	34	5
5434	52	5
5434	99	3
5434	216	5
5434	222	3
5434	231	1
5434	232	4
5434	235	4
5434	296	5
5434	299	2
5434	300	3
5434	308	5
5434	312	1
5434	318	5
5434	329	3
5434	339	1
5434	342	3
5434	348	5
5434	357	4
5434	372	3
5434	454	3
5434	457	4
5434	480	2
5434	497	4
5434	515	5
5434	529	3
5434	535	5
5434	593	5
5434	608	5
5434	785	5
5434	849	2
5434	903	5
5434	908	5
5434	910	5
5434	924	5
5434	926	5
5434	929	4
5434	931	5
5434	933	5
5434	1057	4
5434	1060	5
5434	1079	5
5434	1086	5
5434	1171	5
5434	1175	5
5434	1178	5
5434	1189	5
5434	1198	4
5434	1199	5
5434	1206	4
5434	1213	5
5434	1220	5
5434	1225	5
5434	1237	5
5434	1258	5
5434	1265	4
5434	1271	3
5434	1288	5
5434	1293	4
5434	1295	3
5434	1356	5
5434	1357	3
5434	1372	3
5434	1374	3
5434	1391	1
5434	1394	5
5434	1446	3
5434	1480	3
5434	1573	5
5434	1580	3
5434	1610	3
5434	1611	2
5434	1624	1
5434	1648	4
5434	1649	5
5434	1704	3
5434	1715	3
5434	1729	5
5434	1747	3
5434	1784	5
5434	1794	4
5434	1834	5
5434	1875	3
5434	1896	2
5434	1916	1
5434	1936	4
5434	1938	5
5434	1957	3
5434	2009	5
5434	2010	5
5434	2011	4
5434	2012	4
5434	2019	5
5434	2159	4
5434	2248	4
5434	2282	2
5434	2289	5
5434	2302	3
5434	2346	3
5434	2395	4
5434	2551	5
5434	2580	4
5434	2640	4
5434	2716	5
5434	2739	3
5434	2915	4
5434	2916	4
5434	2996	2
5434	3044	4
5434	3072	4
5434	3079	3
5434	3094	5
5434	3125	4
5434	3263	3
5434	3418	5
5434	3476	5
5434	3608	3
5434	3698	3
5434	3700	4
5434	3712	4
5438	36	4
5438	161	3
5438	180	1
5438	293	5
5438	296	4
5438	318	5
5438	342	2
5438	448	3
5438	457	4
5438	527	5
5438	529	4
5438	538	4
5438	593	4
5438	608	3
5438	628	3
5438	1094	4
5438	1183	5
5438	1193	2
5438	1215	4
5438	1222	4
5438	1228	5
5438	1246	5
5438	1265	4
5438	1271	3
5438	1290	3
5438	1393	3
5438	1408	5
5438	1610	4
5438	1617	4
5438	1704	4
5438	1784	5
5438	1923	2
5438	2146	1
5438	2248	1
5438	2313	4
5438	2370	4
5438	2391	3
5438	2395	3
5438	2474	3
5438	3006	5
5438	3029	4
5438	3169	2
5438	3253	2
5438	3256	3
5438	3499	4
5438	3684	3
5439	1387	4
5439	2883	4
5439	2997	4
5439	3006	5
5439	3022	5
5439	3118	3
5439	3649	2
5439	3734	4
5439	3744	1
5439	3746	5
5439	3753	1
5439	3789	5
5445	34	5
5445	111	3
5445	235	4
5445	247	5
5445	317	4
5445	373	5
5445	457	4
5445	480	3
5445	590	3
5445	593	4
5445	608	4
5445	610	4
5445	858	5
5445	903	4
5445	908	5
5445	910	4
5445	924	4
5445	968	3
5445	969	4
5445	1136	5
5445	1175	3
5445	1198	5
5445	1200	5
5445	1204	5
5445	1214	5
5445	1215	4
5445	1220	5
5445	1222	5
5445	1223	5
5445	1230	3
5445	1234	4
5445	1242	3
5445	1252	3
5445	1261	4
5445	1265	5
5445	1275	4
5445	1276	4
5445	1278	5
5445	1287	4
5445	1288	4
5445	1374	4
5445	1387	5
5445	1394	5
5445	1580	2
5445	1617	3
5445	1674	4
5445	1967	2
5445	2019	4
5445	2021	3
5445	2100	4
5445	2105	3
5445	2138	4
5445	2193	3
5445	2396	4
5445	2529	3
5445	2692	4
5445	2716	4
5445	2804	3
5445	2819	4
5445	2912	4
5445	2916	4
5445	3104	3
5445	3114	4
5445	3175	4
5445	3429	5
5445	3466	3
5445	3471	4
5445	3476	3
5445	3479	3
5445	3524	3
5445	3527	3
5445	3551	4
5445	3578	3
5445	3634	4
5445	3702	5
5445	3703	3
5447	17	4
5447	36	3
5447	334	5
5447	348	5
5447	448	4
5447	500	4
5447	587	5
5447	909	4
5447	910	4
5447	914	5
5447	922	4
5447	926	4
5447	932	5
5447	969	5
5447	1088	5
5447	1096	5
5447	1136	4
5447	1193	4
5447	1220	2
5447	1225	5
5447	1246	5
5447	1252	4
5447	1265	5
5447	1271	4
5447	1272	4
5447	1286	5
5447	1293	5
5447	1394	1
5447	1449	4
5447	1641	5
5447	1835	1
5447	1947	5
5447	1955	5
5447	1962	4
5447	2018	5
5447	2083	5
5447	2112	4
5447	2302	5
5447	2312	5
5447	2390	5
5447	2739	3
5447	2746	5
5447	2747	5
5447	2877	4
5447	2883	3
5447	2915	4
5447	2917	4
5447	2971	4
5447	2996	5
5447	3006	5
5447	3044	5
5447	3088	5
5447	3094	5
5447	3125	5
5447	3244	5
5447	3471	4
5447	3499	3
5447	3578	5
5447	3668	5
5447	3671	5
5447	3675	5
5449	95	4
5449	110	3
5449	170	5
5449	333	3
5449	466	4
5449	480	5
5449	653	4
5449	736	3
5449	780	5
5449	786	4
5449	940	4
5449	969	2
5449	1198	5
5449	1220	4
5449	1222	5
5449	1387	4
5449	1573	3
5449	1580	5
5449	1610	4
5449	1721	3
5449	1722	5
5449	1917	3
5449	2105	3
5449	2278	4
5449	2353	5
5449	2395	4
5449	2396	5
5449	2492	5
5449	2580	4
5449	2598	5
5449	2617	5
5449	2690	4
5449	2716	5
5449	2763	5
5449	2815	4
5449	2990	4
5449	2993	3
5449	2995	5
5449	2997	5
5449	3107	4
5449	3148	5
5449	3326	5
5449	3418	3
5449	3510	5
5449	3527	3
5449	3633	1
5449	3635	5
5449	3638	2
5449	3675	4
5449	3708	3
5450	10	2
5450	17	5
5450	28	5
5450	34	4
5450	110	1
5450	205	3
5450	222	3
5450	296	3
5450	300	3
5450	307	5
5450	308	5
5450	318	3
5450	329	4
5450	342	4
5450	357	4
5450	457	3
5450	480	2
5450	497	5
5450	500	2
5450	515	5
5450	549	5
5450	590	1
5450	593	4
5450	608	4
5450	705	4
5450	720	5
5450	788	1
5450	824	3
5450	838	5
5450	908	5
5450	914	4
5450	922	4
5450	924	3
5450	932	5
5450	942	3
5450	943	4
5450	969	5
5450	971	5
5450	1013	3
5450	1041	4
5450	1046	5
5450	1079	4
5450	1094	4
5450	1104	5
5450	1136	5
5450	1171	4
5450	1183	2
5450	1198	3
5450	1200	4
5450	1206	5
5450	1211	4
5450	1214	4
5450	1222	4
5450	1223	5
5450	1225	3
5450	1230	4
5450	1238	4
5450	1246	5
5450	1258	4
5450	1278	4
5450	1297	4
5450	1306	5
5450	1333	4
5450	1340	4
5450	1347	3
5450	1356	4
5450	1357	3
5450	1366	2
5450	1372	3
5450	1373	3
5450	1374	2
5450	1387	2
5450	1393	1
5450	1394	4
5450	1396	4
5450	1407	3
5450	1464	4
5450	1535	4
5450	1571	4
5450	1580	4
5450	1592	1
5450	1610	3
5450	1641	4
5450	1673	4
5450	1684	4
5450	1690	2
5450	1721	1
5450	1722	1
5450	1734	4
5450	1784	3
5450	1794	3
5450	1879	4
5450	1923	3
5450	1924	5
5450	1947	5
5450	1954	1
5450	1957	2
5450	1962	4
5450	1994	4
5450	1997	4
5450	2011	4
5450	2012	3
5450	2021	4
5450	2029	5
5450	2046	3
5450	2097	3
5450	2100	2
5450	2105	3
5450	2132	5
5450	2138	3
5450	2161	4
5450	2173	3
5450	2282	4
5450	2302	4
5450	2359	4
5450	2390	4
5450	2396	2
5450	2407	2
5450	2437	5
5450	2456	2
5450	2529	3
5450	2580	4
5450	2607	4
5450	2626	4
5450	2640	2
5450	2642	2
5450	2649	4
5450	2690	5
5450	2692	4
5450	2701	3
5450	2716	3
5450	2746	2
5450	2747	4
5450	2788	4
5450	2804	3
5450	2908	4
5450	2916	2
5450	2970	4
5450	3006	2
5450	3033	3
5450	3079	5
5450	3086	4
5450	3094	4
5450	3340	4
5450	3418	4
5450	3424	3
5450	3429	5
5450	3471	3
5450	3479	4
5450	3499	4
5450	3545	3
5450	3547	3
5450	3552	2
5450	3578	2
5450	3753	1
5450	3786	4
5450	3793	4
5450	3812	4
5450	3910	2
5450	3929	2
5453	6	2
5453	41	2
5453	110	5
5453	161	4
5453	198	4
5453	296	4
5453	318	5
5453	329	3
5453	454	3
5453	457	5
5453	480	4
5453	527	4
5453	593	5
5453	608	3
5453	628	3
5453	741	3
5453	780	3
5453	832	3
5453	858	4
5453	903	4
5453	968	4
5453	1147	3
5453	1193	5
5453	1198	5
5453	1200	5
5453	1206	4
5453	1214	5
5453	1215	4
5453	1225	4
5453	1242	4
5453	1252	4
5453	1272	5
5453	1356	4
5453	1372	4
5453	1373	2
5453	1374	5
5453	1396	3
5453	1580	4
5453	1610	5
5453	1617	4
5453	1674	5
5453	1683	2
5453	1704	5
5453	1722	3
5453	1784	4
5453	1834	4
5453	1845	3
5453	1892	3
5453	1931	4
5453	2021	4
5453	2058	3
5453	2105	4
5453	2138	4
5453	2232	3
5453	2289	3
5453	2336	4
5453	2353	4
5453	2391	3
5453	2395	4
5453	2433	3
5453	2483	2
5453	2490	3
5453	2501	3
5453	2529	5
5453	2598	3
5453	2672	4
5453	2690	2
5453	2692	3
5453	2712	1
5453	2716	5
5453	2719	2
5453	2722	3
5453	2734	4
5453	2763	3
5453	2770	4
5453	2771	2
5453	2826	3
5453	2871	5
5453	2881	4
5453	2912	3
5453	2916	5
5453	2976	3
5453	2997	2
5453	3005	3
5453	3006	5
5453	3033	3
5453	3044	4
5453	3053	2
5453	3114	3
5453	3175	5
5453	3176	4
5453	3256	4
5453	3300	4
5453	3354	2
5453	3362	4
5453	3409	3
5453	3471	2
5453	3479	5
5453	3499	5
5453	3510	4
5453	3527	4
5453	3555	4
5453	3578	4
5453	3615	3
5453	3693	4
5453	3733	4
5453	3745	1
5453	3753	4
5453	3793	5
5456	34	5
5456	457	4
5456	1230	5
5456	1234	4
5456	1265	5
5456	1288	4
5456	1394	4
5456	1963	4
5456	2289	4
5456	2396	5
5456	2712	3
5456	2716	4
5456	2804	4
5456	2883	4
5456	3072	3
5456	3175	3
5456	3244	4
5456	3252	4
5456	3685	3
5482	6	5
5482	31	2
5482	70	4
5482	105	4
5482	110	5
5482	111	4
5482	122	3
5482	144	3
5482	147	5
5482	151	4
5482	161	4
5482	163	4
5482	180	4
5482	198	4
5482	231	4
5482	246	3
5482	293	5
5482	296	5
5482	318	5
5482	333	5
5482	357	4
5482	372	4
5482	434	4
5482	441	4
5482	454	4
5482	457	4
5482	480	4
5482	493	5
5482	497	5
5482	510	3
5482	511	4
5482	514	4
5482	527	5
5482	555	5
5482	587	4
5482	588	4
5482	590	5
5482	593	5
5482	595	4
5482	608	5
5482	628	4
5482	736	4
5482	780	2
5482	785	4
5482	805	4
5482	832	4
5482	851	4
5482	858	5
5482	875	4
5482	905	4
5482	908	5
5482	910	3
5482	924	4
5482	940	4
5482	999	4
5482	1042	3
5482	1059	5
5482	1060	5
5482	1079	4
5482	1104	4
5482	1136	4
5482	1147	4
5482	1183	4
5482	1193	5
5482	1198	5
5482	1200	5
5482	1204	4
5482	1206	5
5482	1213	5
5482	1214	5
5482	1215	3
5482	1222	5
5482	1225	4
5482	1228	3
5482	1252	5
5482	1258	5
5482	1265	4
5482	1272	4
5482	1275	3
5482	1277	4
5482	1287	5
5482	1293	4
5482	1297	3
5482	1339	4
5482	1347	4
5482	1357	4
5482	1372	4
5482	1378	5
5482	1379	4
5482	1387	4
5482	1393	4
5482	1396	3
5482	1407	4
5482	1408	4
5482	1466	4
5482	1569	4
5482	1573	5
5482	1580	2
5482	1594	3
5482	1610	4
5482	1615	4
5482	1617	4
5482	1639	4
5482	1641	4
5482	1648	1
5482	1673	4
5482	1674	4
5482	1704	5
5482	1721	4
5482	1727	4
5482	1729	4
5482	1784	5
5482	1840	4
5482	1854	2
5482	1883	4
5482	1912	4
5482	1917	3
5482	1923	4
5482	1954	4
5482	1997	4
5482	2001	4
5482	2019	5
5482	2023	4
5482	2058	4
5482	2100	3
5482	2112	4
5482	2143	4
5482	2193	4
5482	2245	4
5482	2248	3
5482	2252	3
5482	2278	4
5482	2302	4
5482	2342	1
5482	2395	4
5482	2396	4
5482	2401	4
5482	2405	4
5482	2407	4
5482	2580	3
5482	2640	4
5482	2692	4
5482	2712	4
5482	2716	4
5482	2772	4
5482	2822	3
5482	2871	5
5482	2916	4
5482	2917	2
5482	2952	2
5482	3033	4
5482	3039	5
5482	3053	2
5482	3100	4
5482	3107	4
5482	3253	4
5482	3255	4
5482	3256	4
5482	3263	4
5482	3404	4
5482	3418	4
5482	3425	4
5482	3438	2
5482	3450	4
5482	3471	4
5482	3477	2
5482	3479	4
5482	3527	5
5482	3578	4
5482	3654	4
5482	3697	3
5482	3698	4
5482	3703	4
5482	3704	4
5490	6	3
5490	10	3
5490	70	4
5490	161	3
5490	296	2
5490	303	3
5490	317	4
5490	318	5
5490	329	3
5490	427	3
5490	457	4
5490	480	4
5490	512	4
5490	527	3
5490	588	4
5490	590	3
5490	593	4
5490	595	4
5490	608	2
5490	653	3
5490	780	4
5490	783	3
5490	832	3
5490	858	4
5490	1198	5
5490	1213	3
5490	1215	4
5490	1339	3
5490	1356	4
5490	1372	3
5490	1396	4
5490	1407	3
5490	1566	3
5490	1580	4
5490	1610	5
5490	1617	3
5490	1690	3
5490	1702	3
5490	1722	3
5490	1917	3
5490	1920	3
5490	1923	2
5490	2012	3
5490	2046	3
5490	2120	3
5490	2278	3
5490	2353	4
5490	2617	4
5490	2701	3
5490	2722	3
5490	2916	4
5490	3114	4
5490	3159	5
5490	3175	4
5490	3213	2
5490	3256	4
5490	3269	3
5490	3476	3
5492	19	4
5492	31	3
5492	34	1
5492	38	4
5492	44	1
5492	52	2
5492	158	3
5492	198	3
5492	216	3
5492	231	3
5492	256	1
5492	262	4
5492	293	4
5492	329	1
5492	355	1
5492	360	3
5492	410	3
5492	413	2
5492	416	2
5492	441	2
5492	454	5
5492	457	5
5492	480	5
5492	494	2
5492	500	4
5492	546	1
5492	593	4
5492	662	2
5492	736	4
5492	780	5
5492	784	1
5492	788	4
5492	830	2
5492	837	4
5492	861	4
5492	886	3
5492	903	3
5492	916	4
5492	953	4
5492	986	4
5492	1020	4
5492	1059	1
5492	1088	2
5492	1220	3
5492	1225	5
5492	1246	1
5492	1356	1
5492	1372	1
5492	1373	1
5492	1374	1
5492	1394	5
5492	1407	4
5492	1431	4
5492	1438	3
5492	1485	5
5492	1499	2
5492	1513	4
5492	1566	4
5492	1569	5
5492	1580	4
5492	1592	1
5492	1665	4
5492	1703	5
5492	1704	5
5492	1721	5
5492	1722	3
5492	1747	4
5492	1769	4
5492	1784	4
5492	1806	3
5492	1816	5
5492	1835	2
5492	1854	4
5492	1887	4
5492	1895	3
5492	1912	1
5492	1917	5
5492	1918	3
5492	1923	5
5492	1955	5
5492	1992	3
5492	1993	2
5492	2011	4
5492	2012	4
5492	2059	5
5492	2060	1
5492	2105	1
5492	2107	3
5492	2125	3
5492	2146	2
5492	2152	1
5492	2153	1
5492	2313	3
5492	2315	2
5492	2316	2
5492	2353	4
5492	2369	2
5492	2385	2
5492	2391	1
5492	2416	1
5492	2424	5
5492	2429	1
5492	2485	4
5492	2490	4
5492	2500	2
5492	2539	4
5492	2540	2
5492	2548	2
5492	2558	3
5492	2567	4
5492	2574	4
5492	2580	2
5492	2581	5
5492	2589	1
5492	2597	3
5492	2598	2
5492	2600	1
5492	2606	5
5492	2617	5
5492	2672	2
5492	2701	3
5492	2716	3
5492	2719	2
5492	2722	4
5492	2761	4
5492	2763	4
5492	2770	2
5492	2771	1
5492	2798	1
5492	2860	3
5492	2908	2
5492	2953	4
5492	2977	1
5492	2978	4
5492	2979	2
5492	2995	2
5492	2997	3
5492	3044	4
5492	3053	1
5492	3063	3
5492	3107	4
5492	3146	4
5492	3175	4
5492	3176	1
5492	3243	2
5492	3247	2
5492	3255	2
5492	3263	2
5492	3299	1
5492	3354	2
5492	3424	3
5492	3438	2
5492	3450	3
5492	3452	3
5492	3466	5
5492	3489	3
5492	3499	3
5492	3562	2
5492	3646	3
5492	3740	1
5492	3754	1
5492	3786	1
5492	3821	3
5492	3864	2
5492	3882	3
5492	3893	3
5497	6	4
5497	10	4
5497	145	4
5497	357	4
5497	457	5
5497	480	3
5497	497	4
5497	514	3
5497	588	5
5497	858	5
5497	934	3
5497	969	4
5497	1060	5
5497	1079	5
5497	1198	5
5497	1200	4
5497	1201	5
5497	1220	5
5497	1234	4
5497	1257	5
5497	1261	2
5497	1265	4
5497	1275	5
5497	1278	5
5497	1288	5
5497	1297	5
5497	1356	2
5497	1372	2
5497	1374	3
5497	1387	4
5497	1394	5
5497	1573	4
5497	1580	4
5497	1610	4
5497	1769	4
5497	1784	4
5497	1912	4
5497	1923	4
5497	1954	5
5497	2019	4
5497	2023	4
5497	2058	4
5497	2102	2
5497	2105	4
5497	2193	3
5497	2278	4
5497	2302	4
5497	2385	3
5497	2395	2
5497	2396	5
5497	2640	3
5497	2763	3
5497	2788	5
5497	2916	4
5497	2951	5
5497	2993	5
5497	3039	5
5497	3114	5
5497	3175	5
5497	3256	4
5497	3267	5
5497	3404	2
5497	3418	4
5497	3421	4
5497	3424	5
5497	3527	4
5497	3552	5
5497	3578	3
5497	3633	2
5497	3635	4
5497	3671	5
5497	3698	4
5497	3702	5
5505	6	5
5505	89	3
5505	198	5
5505	480	4
5505	493	4
5505	494	5
5505	588	4
5505	595	5
5505	707	2
5505	780	5
5505	783	4
5505	805	3
5505	942	5
5505	1030	5
5505	1032	3
5505	1198	5
5505	1214	4
5505	1252	4
5505	1277	4
5505	1387	3
5505	1408	4
5505	1480	5
5505	1566	4
5505	1580	4
5505	1601	4
5505	1610	3
5505	1617	4
5505	1688	4
5505	1783	2
5505	1912	4
5505	2018	5
5505	2080	4
5505	2081	4
5505	2138	4
5505	2600	4
5505	2640	4
5505	2692	4
5505	2726	5
5505	3107	4
5505	3114	5
5505	3247	2
5505	3404	4
5505	3578	5
5506	317	4
5506	653	3
5506	788	5
5506	924	4
5506	1126	2
5506	1702	3
5506	1967	4
5506	2021	4
5506	2093	3
5506	2100	4
5506	2161	5
5506	2193	4
5506	2997	5
5506	3125	2
5506	3145	3
5506	3175	5
5506	3354	1
5506	3479	4
5506	3489	3
5506	3578	5
5506	3615	2
5506	3712	3
5509	17	2
5509	111	5
5509	293	4
5509	334	4
5509	515	3
5509	538	3
5509	567	5
5509	590	2
5509	628	3
5509	926	5
5509	1094	2
5509	1096	1
5509	1104	5
5509	1131	3
5509	1132	2
5509	1176	4
5509	1183	2
5509	1193	5
5509	1211	5
5509	1222	5
5509	1237	5
5509	1288	4
5509	1293	3
5509	1295	4
5509	1306	4
5509	1365	2
5509	1392	5
5509	1411	4
5509	1648	2
5509	1673	4
5509	1728	2
5509	1729	4
5509	1734	4
5509	1914	4
5509	1935	4
5509	1942	3
5509	1953	5
5509	1954	4
5509	2022	4
5509	2171	4
5509	2312	2
5509	2351	5
5509	2442	1
5509	2729	4
5509	2731	5
5509	2890	4
5509	2919	3
5509	3329	4
5509	3418	4
5509	3521	4
5509	3684	2
5513	34	5
5513	621	5
5513	908	5
5513	924	5
5513	1094	5
5513	1096	5
5513	1132	5
5513	1193	4
5513	1213	3
5513	1217	5
5513	1225	4
5513	1242	4
5513	1264	5
5513	1293	4
5513	1333	5
5513	1788	5
5513	1950	4
5513	2716	4
5513	2866	5
5513	2889	1
5513	3068	4
5513	3072	4
5513	3157	2
5513	3471	4
5516	79	4
5516	95	2
5516	105	4
5516	110	5
5516	211	4
5516	232	5
5516	296	1
5516	318	4
5516	480	3
5516	515	5
5516	527	5
5516	537	4
5516	590	4
5516	608	4
5516	838	5
5516	875	4
5516	986	5
5516	1198	5
5516	1220	5
5516	1271	5
5516	1363	3
5516	1365	3
5516	1438	2
5516	1499	2
5516	1542	2
5516	1580	5
5516	1617	4
5516	1641	5
5516	1689	5
5516	1704	5
5516	1784	5
5516	1892	4
5516	1914	4
5516	1918	3
5516	2001	5
5516	2100	3
5516	2248	4
5516	2278	2
5516	2336	4
5516	2353	5
5516	2359	5
5516	2405	5
5516	2490	1
5516	2501	5
5516	2583	4
5516	2752	4
5516	2763	5
5516	2804	5
5516	2822	3
5516	2881	4
5516	2890	5
5516	3037	4
5516	3039	4
5516	3044	5
5516	3072	5
5516	3118	4
5516	3125	2
5516	3176	4
5516	3252	5
5516	3256	4
5516	3317	4
5516	3418	4
5516	3421	4
5516	3501	5
5516	3510	4
5516	3524	4
5516	3555	4
5517	111	4
5517	235	5
5517	246	4
5517	527	5
5517	593	5
5517	608	5
5517	668	5
5517	669	5
5517	746	4
5517	858	5
5517	903	5
5517	905	5
5517	907	5
5517	908	5
5517	909	4
5517	910	5
5517	915	4
5517	916	4
5517	918	4
5517	922	5
5517	925	3
5517	926	5
5517	931	4
5517	932	3
5517	933	4
5517	934	3
5517	938	3
5517	940	5
5517	943	4
5517	945	5
5517	947	4
5517	948	4
5517	952	4
5517	953	4
5517	956	4
5517	959	4
5517	960	3
5517	969	5
5517	970	4
5517	971	3
5517	974	3
5517	982	4
5517	1019	4
5517	1024	3
5517	1029	3
5517	1066	5
5517	1068	4
5517	1084	5
5517	1086	4
5517	1094	4
5517	1096	4
5517	1104	5
5517	1131	5
5517	1132	5
5517	1136	4
5517	1150	5
5517	1162	4
5517	1178	5
5517	1193	4
5517	1198	4
5517	1204	5
5517	1213	3
5517	1214	3
5517	1217	4
5517	1225	4
5517	1226	4
5517	1228	5
5517	1230	5
5517	1234	4
5517	1237	5
5517	1242	4
5517	1251	5
5517	1252	5
5517	1258	3
5517	1276	4
5517	1278	5
5517	1283	4
5517	1287	4
5517	1340	4
5517	1617	5
5517	1924	5
5517	1927	4
5517	1931	4
5517	1932	3
5517	1933	3
5517	1935	5
5517	1936	4
5517	1937	4
5517	1938	4
5517	1942	5
5517	1950	4
5517	1964	4
5517	2010	5
5517	2018	3
5517	2019	5
5517	2075	4
5517	2130	5
5517	2201	3
5517	2202	3
5517	2204	4
5517	2208	5
5517	2210	4
5517	2211	4
5517	2212	4
5517	2289	4
5517	2336	5
5517	2351	5
5517	2396	5
5517	2430	2
5517	2612	4
5517	2646	2
5517	2647	3
5517	2649	3
5517	2650	2
5517	2651	3
5517	2664	5
5517	2670	3
5517	2726	5
5517	2731	5
5517	2732	5
5517	2819	4
5517	2899	4
5517	2904	4
5517	2935	4
5517	2937	3
5517	2967	3
5517	2997	5
5517	3019	4
5517	3061	2
5517	3086	3
5517	3088	4
5517	3093	4
5517	3122	3
5517	3139	3
5517	3196	5
5517	3215	4
5517	3217	3
5517	3334	4
5517	3359	4
5517	3365	4
5517	3379	4
5517	3405	3
5517	3447	2
5517	3467	4
5517	3468	5
5517	3471	4
5517	3473	4
5517	3475	5
5517	3532	5
5517	3545	5
5517	3551	4
5517	3618	4
5517	3643	3
5517	3671	5
5517	3675	3
5517	3678	4
5517	3733	5
5525	480	4
5525	595	4
5525	1042	5
5525	1271	5
5525	1562	2
5525	2053	3
5525	2081	4
5525	2501	5
5525	2761	1
5525	3114	4
5525	3157	2
5525	3253	5
5527	296	4
5527	480	4
5527	647	3
5527	805	5
5527	1393	5
5527	1610	3
5527	1727	3
5527	1729	2
5527	3006	4
5527	3263	2
5537	246	5
5537	318	4
5537	527	4
5537	593	5
5537	903	3
5537	908	4
5537	915	4
5537	1104	5
5537	1131	2
5537	1147	5
5537	1193	4
5537	1204	5
5537	1213	5
5537	1225	3
5537	1228	5
5537	1230	5
5537	1251	4
5537	1252	5
5537	1927	5
5537	2018	3
5537	2019	4
5537	2132	3
5537	2512	5
5537	2612	5
5537	2624	5
5537	2711	5
5537	2904	5
5537	3006	5
5537	3468	4
5537	3545	5
5542	111	5
5542	702	5
5542	858	5
5542	929	5
5542	1084	5
5542	1136	5
5542	1161	5
5542	1193	5
5542	1204	5
5542	1206	5
5542	1214	5
5542	1230	5
5542	1234	5
5542	1251	5
5542	1252	5
5542	1387	4
5542	1419	5
5542	2132	4
5542	2203	5
5542	3037	5
5542	3093	5
5542	3359	5
5542	3362	5
5542	3367	5
5542	3468	5
5542	3471	5
5542	3473	5
5542	3545	3
5542	3551	4
5542	3634	5
5542	3676	5
5551	70	3
5551	235	4
5551	593	4
5551	707	3
5551	858	5
5551	942	3
5551	1130	2
5551	1214	4
5551	1252	4
5551	1333	3
5551	1341	2
5551	1342	4
5551	1346	4
5551	1387	4
5551	1407	2
5551	1617	4
5551	1982	3
5551	1994	3
5551	1997	4
5551	1998	1
5551	2118	4
5551	2120	2
5551	2122	1
5551	2203	4
5551	2389	3
5551	2617	1
5551	2716	3
5551	3649	3
5553	110	5
5553	111	4
5553	161	3
5553	173	3
5553	296	4
5553	303	3
5553	318	5
5553	329	3
5553	357	3
5553	480	3
5553	493	3
5553	527	5
5553	529	3
5553	587	3
5553	593	4
5553	608	4
5553	780	3
5553	858	5
5553	903	4
5553	908	5
5553	909	4
5553	922	4
5553	924	4
5553	933	4
5553	940	5
5553	971	3
5553	1017	3
5553	1028	4
5553	1078	3
5553	1084	4
5553	1086	5
5553	1094	3
5553	1104	4
5553	1135	3
5553	1136	4
5553	1183	2
5553	1193	3
5553	1198	5
5553	1200	5
5553	1213	4
5553	1222	4
5553	1225	4
5553	1230	4
5553	1238	5
5553	1242	5
5553	1252	5
5553	1258	4
5553	1272	4
5553	1275	3
5553	1276	4
5553	1339	4
5553	1391	2
5553	1394	5
5553	1396	4
5553	1408	4
5553	1465	5
5553	1499	2
5553	1562	4
5553	1580	4
5553	1610	4
5553	1616	4
5553	1617	5
5553	1689	4
5553	1721	3
5553	1769	4
5553	1779	2
5553	1804	4
5553	1874	3
5553	1892	3
5553	1947	4
5553	1949	5
5553	1953	3
5553	1954	3
5553	1962	2
5553	1963	4
5553	1994	3
5553	1997	3
5553	2021	3
5553	2029	4
5553	2081	4
5553	2100	3
5553	2112	3
5553	2153	2
5553	2401	4
5553	2407	3
5553	2529	5
5553	2549	2
5553	2640	4
5553	2716	3
5553	2739	4
5553	2746	4
5553	2804	5
5553	2819	3
5553	2915	3
5553	2917	4
5553	2919	5
5553	2921	3
5553	2990	3
5553	3029	4
5553	3037	5
5553	3039	3
5553	3062	5
5553	3068	3
5553	3090	5
5553	3102	4
5553	3107	3
5553	3157	4
5553	3334	3
5553	3362	3
5553	3418	2
5553	3471	3
5553	3501	5
5553	3508	4
5553	3524	3
5553	3527	4
5553	3635	3
5553	3638	3
5553	3671	3
5553	3681	3
5553	3702	4
5553	3704	4
5555	5	3
5555	6	4
5555	10	4
5555	22	3
5555	34	1
5555	36	5
5555	44	4
5555	71	1
5555	76	4
5555	89	3
5555	95	2
5555	110	5
5555	113	2
5555	145	3
5555	151	3
5555	153	3
5555	161	3
5555	163	4
5555	170	4
5555	173	3
5555	180	4
5555	181	1
5555	198	2
5555	216	4
5555	231	5
5555	236	4
5555	293	4
5555	296	5
5555	303	2
5555	317	2
5555	318	5
5555	329	3
5555	336	2
5555	354	3
5555	357	2
5555	360	2
5555	362	2
5555	376	3
5555	379	1
5555	432	2
5555	434	3
5555	448	4
5555	454	3
5555	457	4
5555	459	1
5555	466	4
5555	479	1
5555	480	4
5555	494	3
5555	512	2
5555	514	4
5555	527	5
5555	533	2
5555	546	1
5555	548	1
5555	587	5
5555	588	3
5555	590	4
5555	593	5
5555	595	2
5555	608	4
5555	628	4
5555	647	4
5555	653	2
5555	671	3
5555	736	2
5555	780	4
5555	782	1
5555	783	1
5555	786	2
5555	788	3
5555	798	4
5555	832	5
5555	836	1
5555	849	2
5555	858	5
5555	880	2
5555	888	1
5555	908	4
5555	953	3
5555	1017	4
5555	1025	4
5555	1031	4
5555	1032	3
5555	1034	1
5555	1059	5
5555	1088	4
5555	1092	4
5555	1136	5
5555	1178	3
5555	1183	4
5555	1198	3
5555	1200	4
5555	1206	3
5555	1214	5
5555	1215	1
5555	1220	3
5555	1222	4
5555	1223	5
5555	1225	2
5555	1242	5
5555	1246	5
5555	1258	5
5555	1265	3
5555	1275	1
5555	1287	3
5555	1333	5
5555	1356	4
5555	1378	3
5555	1379	3
5555	1387	4
5555	1391	1
5555	1393	3
5555	1394	3
5555	1396	4
5555	1407	4
5555	1408	5
5555	1441	3
5555	1466	3
5555	1485	3
5555	1488	3
5555	1513	1
5555	1562	3
5555	1569	1
5555	1573	4
5555	1580	4
5555	1590	3
5555	1595	1
5555	1599	1
5555	1605	1
5555	1606	1
5555	1610	4
5555	1616	3
5555	1617	4
5555	1639	4
5555	1641	4
5555	1661	4
5555	1670	3
5555	1674	5
5555	1687	2
5555	1690	2
5555	1704	4
5555	1721	3
5555	1722	4
5555	1729	3
5555	1747	2
5555	1753	4
5555	1762	2
5555	1769	3
5555	1772	1
5555	1779	3
5555	1784	4
5555	1792	2
5555	1797	3
5555	1834	1
5555	1869	1
5555	1882	2
5555	1892	4
5555	1917	4
5555	1918	4
5555	1920	1
5555	1923	4
5555	1947	4
5555	1953	3
5555	1954	4
5555	1957	5
5555	1967	4
5555	1974	4
5555	1975	3
5555	1982	3
5555	1997	5
5555	2012	2
5555	2023	4
5555	2027	1
5555	2046	1
5555	2058	3
5555	2102	5
5555	2105	3
5555	2107	1
5555	2112	3
5555	2138	5
5555	2142	1
5555	2143	4
5555	2161	4
5555	2193	5
5555	2195	2
5555	2252	3
5555	2278	3
5555	2302	4
5555	2320	3
5555	2322	3
5555	2353	3
5555	2373	4
5555	2385	1
5555	2391	3
5555	2396	4
5555	2424	4
5555	2430	1
5555	2490	3
5555	2501	4
5555	2535	2
5555	2539	3
5555	2568	1
5555	2617	2
5555	2640	3
5555	2716	5
5555	2719	1
5555	2735	5
5555	2761	5
5555	2763	5
5555	2804	4
5555	2807	1
5555	2815	3
5555	2816	2
5555	2817	2
5555	2822	4
5555	2826	3
5555	2840	4
5555	2846	2
5555	2871	3
5555	2890	4
5555	2916	1
5555	2976	4
5555	2986	4
5555	2997	4
5555	3006	5
5555	3029	3
5555	3034	4
5555	3044	3
5555	3053	2
5555	3107	4
5555	3114	5
5555	3159	4
5555	3247	3
5555	3253	4
5555	3256	4
5555	3267	4
5555	3274	2
5555	3300	3
5555	3354	3
5555	3359	4
5555	3409	3
5555	3418	2
5555	3438	3
5555	3444	1
5555	3466	4
5555	3477	3
5555	3489	4
5555	3499	4
5555	3508	2
5555	3513	4
5555	3527	2
5555	3545	4
5555	3551	4
5555	3555	4
5555	3578	5
5555	3638	3
5555	3668	4
5555	3669	1
5555	3671	5
5555	3697	1
5555	3698	1
5555	3702	3
5555	3703	3
5555	3704	1
5555	3723	4
5555	3740	4
5558	8	2
5558	10	4
5558	34	1
5558	54	1
5558	95	3
5558	146	1
5558	181	1
5558	262	1
5558	317	4
5558	318	4
5558	329	2
5558	355	3
5558	392	1
5558	434	3
5558	454	4
5558	480	4
5558	484	1
5558	546	3
5558	558	1
5558	588	2
5558	593	4
5558	595	2
5558	631	1
5558	653	4
5558	671	5
5558	709	1
5558	720	4
5558	736	2
5558	780	5
5558	783	1
5558	788	4
5558	810	2
5558	828	1
5558	837	1
5558	888	1
5558	924	3
5558	986	1
5558	1013	2
5558	1014	1
5558	1015	1
5558	1019	2
5558	1025	3
5558	1028	3
5558	1029	2
5558	1030	2
5558	1031	3
5558	1032	2
5558	1064	3
5558	1198	4
5558	1204	2
5558	1223	5
5558	1356	5
5558	1367	1
5558	1373	3
5558	1374	4
5558	1460	1
5558	1489	1
5558	1525	2
5558	1566	2
5558	1573	5
5558	1580	4
5558	1592	1
5558	1595	1
5558	1657	2
5558	1687	2
5558	1688	1
5558	1702	1
5558	1722	4
5558	1760	1
5558	1917	2
5558	1920	3
5558	1967	3
5558	2011	3
5558	2015	2
5558	2018	2
5558	2021	4
5558	2036	1
5558	2046	3
5558	2053	1
5558	2059	2
5558	2078	2
5558	2080	2
5558	2081	2
5558	2083	3
5558	2093	1
5558	2095	1
5558	2102	2
5558	2123	1
5558	2138	3
5558	2142	1
5558	2143	1
5558	2161	2
5558	2311	3
5558	2396	2
5558	2429	2
5558	2501	4
5558	2640	4
5558	2709	2
5558	2761	2
5558	2846	2
5558	2848	1
5558	2899	2
5558	2997	4
5558	3034	2
5558	3102	4
5558	3114	3
5558	3159	3
5558	3175	4
5558	3213	1
5558	3354	3
5558	3429	3
5558	3438	3
5558	3452	4
5558	3489	3
5558	3555	3
5558	3615	1
5558	3638	4
5559	17	3
5559	36	5
5559	110	5
5559	296	4
5559	300	4
5559	318	5
5559	515	3
5559	527	5
5559	593	5
5559	608	4
5559	908	4
5559	1183	5
5559	1357	4
5559	1465	4
5559	1466	4
5559	1617	4
5559	1729	4
5559	1747	4
5559	3006	4
5559	3100	4
5559	3418	5
5564	41	4
5564	293	4
5564	454	2
5564	908	4
5564	1024	2
5564	1199	4
5564	1333	4
5564	2474	3
5564	2746	3
5564	2997	4
5564	3005	3
5564	3033	2
5564	3175	4
5564	3244	3
5564	3461	3
5564	3489	2
5564	3634	4
5564	3649	3
5566	246	5
5566	527	5
5566	780	3
5566	903	4
5566	908	5
5566	924	5
5566	952	3
5566	969	4
5566	971	5
5566	1031	4
5566	1057	3
5566	1094	5
5566	1175	5
5566	1183	4
5566	1189	3
5566	1198	3
5566	1199	5
5566	1200	2
5566	1204	5
5566	1206	5
5566	1214	5
5566	1222	4
5566	1272	5
5566	1287	4
5566	1288	5
5566	1289	5
5566	1372	2
5566	1374	3
5566	1747	3
5566	1924	2
5566	1947	5
5566	1950	5
5566	2011	2
5566	2021	4
5566	2078	4
5566	2100	4
5566	2183	5
5566	2311	2
5566	2407	4
5566	2529	3
5566	2732	4
5566	2890	5
5566	2997	5
5566	3088	4
5566	3142	4
5566	3148	4
5566	3175	3
5566	3196	4
5566	3471	2
5566	3578	3
5566	3608	3
5566	3634	4
5566	3675	4
5576	10	5
5576	26	5
5576	34	4
5576	44	2
5576	110	5
5576	153	4
5576	173	4
5576	318	4
5576	329	5
5576	333	3
5576	357	4
5576	378	5
5576	379	4
5576	434	4
5576	454	5
5576	457	5
5576	466	2
5576	480	5
5576	497	5
5576	527	5
5576	533	2
5576	546	2
5576	587	3
5576	588	4
5576	590	5
5576	593	3
5576	595	4
5576	709	4
5576	783	4
5576	838	2
5576	914	5
5576	918	4
5576	924	2
5576	940	4
5576	953	4
5576	1013	4
5576	1017	4
5576	1019	4
5576	1024	4
5576	1028	5
5576	1029	5
5576	1030	3
5576	1031	5
5576	1032	4
5576	1059	1
5576	1064	4
5576	1079	3
5576	1136	4
5576	1198	5
5576	1200	4
5576	1214	4
5576	1220	2
5576	1225	3
5576	1265	4
5576	1275	4
5576	1287	5
5576	1356	5
5576	1372	5
5576	1373	5
5576	1374	4
5576	1391	2
5576	1411	5
5576	1438	4
5576	1562	4
5576	1566	4
5576	1580	3
5576	1610	5
5576	1690	3
5576	1721	5
5576	1722	5
5576	1931	5
5576	1994	1
5576	2015	5
5576	2018	4
5576	2022	1
5576	2046	3
5576	2059	2
5576	2080	4
5576	2081	4
5576	2083	3
5576	2093	3
5576	2105	3
5576	2123	4
5576	2143	3
5576	2193	3
5576	2322	4
5576	2336	5
5576	2353	5
5576	2396	5
5576	2424	4
5576	2485	4
5576	2529	2
5576	2549	4
5576	2617	4
5576	2629	4
5576	2640	4
5576	2642	4
5576	2690	5
5576	2701	2
5576	2716	4
5576	2746	1
5576	2763	5
5576	2788	3
5576	2916	4
5576	2986	3
5576	2990	5
5576	2993	5
5576	3033	2
5576	3034	4
5576	3051	3
5576	3053	2
5576	3061	5
5576	3072	4
5576	3079	3
5576	3157	5
5576	3176	1
5576	3256	4
5576	3354	3
5576	3401	2
5576	3489	4
5576	3499	2
5576	3578	5
5576	3584	4
5576	3594	5
5576	3608	1
5576	3615	5
5576	3633	5
5576	3635	5
5576	3638	5
5576	3668	4
5576	3672	1
5576	3675	5
5576	3698	2
5576	3702	2
5576	3703	2
5576	3704	2
5576	3753	5
5578	24	3
5578	34	4
5578	163	3
5578	457	4
5578	480	4
5578	593	5
5578	785	4
5578	858	4
5578	1198	5
5578	1214	5
5578	1242	5
5578	1258	4
5578	1288	5
5578	1617	5
5578	1923	3
5578	1954	4
5578	2105	4
5578	2248	3
5578	2396	5
5578	2433	3
5578	2485	3
5578	2598	2
5578	2692	5
5578	2712	5
5578	2734	4
5578	2763	3
5578	2794	3
5578	2795	5
5578	2804	5
5578	2997	5
5578	3005	4
5578	3176	2
5578	3418	4
5578	3527	4
5578	3552	5
5580	5	3
5580	10	4
5580	65	3
5580	122	4
5580	174	3
5580	216	5
5580	300	4
5580	318	5
5580	339	3
5580	415	3
5580	419	3
5580	434	5
5580	454	5
5580	457	4
5580	477	4
5580	480	4
5580	500	4
5580	527	5
5580	593	5
5580	605	3
5580	628	4
5580	647	3
5580	780	4
5580	788	4
5580	858	5
5580	908	5
5580	953	5
5580	1013	4
5580	1042	4
5580	1079	5
5580	1088	4
5580	1092	5
5580	1094	3
5580	1193	5
5580	1198	5
5580	1213	4
5580	1225	4
5580	1228	5
5580	1230	5
5580	1234	5
5580	1265	4
5580	1271	2
5580	1290	3
5580	1292	5
5580	1293	5
5580	1372	4
5580	1374	5
5580	1382	5
5580	1387	4
5580	1390	3
5580	1393	3
5580	1394	3
5580	1396	3
5580	1439	5
5580	1453	1
5580	1457	3
5580	1485	3
5580	1487	4
5580	1569	3
5580	1580	4
5580	1616	3
5580	1641	4
5580	1646	4
5580	1683	5
5580	1747	3
5580	1792	4
5580	1912	4
5580	1923	4
5580	1947	5
5580	1954	4
5580	1955	3
5580	1957	5
5580	1962	5
5580	1994	3
5580	1997	4
5580	2011	3
5580	2012	3
5580	2019	5
5580	2023	4
5580	2059	4
5580	2071	5
5580	2100	5
5580	2130	5
5580	2146	3
5580	2181	4
5580	2245	3
5580	2247	3
5580	2252	3
5580	2262	3
5580	2289	4
5580	2302	5
5580	2359	4
5580	2369	4
5580	2374	4
5580	2396	4
5580	2405	4
5580	2407	4
5580	2410	4
5580	2416	5
5580	2424	3
5580	2469	2
5580	2471	4
5580	2474	3
5580	2539	4
5580	2581	3
5580	2598	2
5580	2629	2
5580	2640	4
5580	2642	2
5580	2716	3
5580	2729	5
5580	2732	5
5580	2752	4
5580	2770	4
5580	2794	2
5580	2795	5
5580	2829	2
5580	2866	5
5580	2881	5
5580	2890	4
5580	2915	4
5580	2916	5
5580	2917	5
5580	2919	5
5580	2971	5
5580	3039	5
5580	3061	4
5580	3063	3
5580	3068	4
5580	3072	3
5580	3104	3
5580	3175	4
5580	3243	2
5580	3244	5
5580	3247	4
5580	3252	3
5580	3253	4
5580	3256	3
5580	3263	3
5580	3274	3
5580	3308	3
5580	3362	4
5580	3418	4
5580	3421	4
5580	3424	4
5580	3426	4
5580	3461	5
5580	3471	4
5580	3475	5
5580	3478	5
5580	3489	2
5580	3499	5
5580	3501	3
5580	3505	5
5580	3513	4
5580	3524	4
5580	3551	4
5580	3552	4
5580	3584	2
5580	3590	3
5580	3594	4
5580	3608	1
5580	3615	4
5580	3616	2
5580	3634	5
5580	3671	5
5580	3685	3
5580	3733	5
5580	3791	4
5580	3811	5
5580	3812	5
5580	3821	4
5580	3869	4
5580	3884	3
5580	3893	2
5580	3929	5
5593	10	4
5593	34	4
5593	235	4
5593	296	4
5593	329	5
5593	457	5
5593	480	5
5593	527	4
5593	587	4
5593	593	5
5593	608	5
5593	610	5
5593	720	5
5593	736	4
5593	832	4
5593	849	5
5593	911	5
5593	924	5
5593	968	4
5593	986	4
5593	1079	5
5593	1092	4
5593	1136	4
5593	1198	5
5593	1200	4
5593	1214	5
5593	1230	4
5593	1234	5
5593	1258	3
5593	1265	5
5593	1275	5
5593	1356	5
5593	1372	5
5593	1373	5
5593	1374	5
5593	1387	5
5593	1391	4
5593	1393	4
5593	1396	4
5593	1446	4
5593	1573	4
5593	1580	5
5593	1610	5
5593	1674	4
5593	1721	4
5593	1862	2
5593	1917	5
5593	1923	5
5593	1953	4
5593	1994	5
5593	2001	5
5593	2046	5
5593	2153	2
5593	2287	4
5593	2407	5
5593	2468	5
5593	2529	4
5593	2664	5
5593	2672	4
5593	2701	4
5593	2763	3
5593	2764	4
5593	2795	4
5593	2819	4
5593	2915	5
5593	2916	5
5593	2917	4
5593	3175	5
5593	3247	5
5593	3256	4
5593	3300	4
5593	3418	4
5593	3421	5
5593	3471	4
5593	3527	5
5593	3633	4
5593	3635	4
5593	3671	5
5593	3697	3
5593	3702	5
5600	34	4
5600	52	2
5600	235	1
5600	236	4
5600	276	4
5600	299	3
5600	300	3
5600	318	5
5600	351	4
5600	357	5
5600	371	4
5600	410	3
5600	413	3
5600	441	2
5600	500	5
5600	505	4
5600	527	4
5600	529	5
5600	537	3
5600	587	5
5600	588	3
5600	590	3
5600	593	1
5600	608	3
5600	858	1
5600	909	4
5600	914	4
5600	915	5
5600	934	4
5600	1020	3
5600	1028	4
5600	1042	3
5600	1079	5
5600	1084	2
5600	1135	4
5600	1136	5
5600	1193	5
5600	1198	3
5600	1199	1
5600	1201	3
5600	1211	3
5600	1220	3
5600	1225	5
5600	1230	5
5600	1234	3
5600	1238	5
5600	1258	1
5600	1271	4
5600	1276	4
5600	1278	4
5600	1288	3
5600	1292	5
5600	1293	5
5600	1295	1
5600	1297	4
5600	1394	4
5600	1396	4
5600	1414	4
5600	1441	5
5600	1457	5
5600	1485	5
5600	1617	3
5600	1641	4
5600	1665	3
5600	1689	4
5600	1704	5
5600	1727	4
5600	1746	3
5600	1747	5
5600	1784	5
5600	1812	4
5600	1816	2
5600	1827	4
5600	1914	4
5600	1957	3
5600	1962	4
5600	1997	1
5600	2015	5
5600	2110	3
5600	2111	3
5600	2193	4
5600	2245	5
5600	2248	4
5600	2252	4
5600	2262	3
5600	2302	4
5600	2369	4
5600	2424	5
5600	2539	4
5600	2567	3
5600	2598	4
5600	2716	5
5600	2788	5
5600	2795	3
5600	2804	5
5600	2819	4
5600	2997	4
5600	3039	4
5600	3068	4
5600	3072	5
5600	3148	4
5600	3175	4
5600	3244	5
5600	3253	2
5600	3317	4
5600	3354	4
5600	3421	3
5600	3424	4
5600	3450	4
5600	3466	5
5600	3479	5
5600	3500	2
5600	3501	5
5600	3510	3
5600	3545	3
5600	3608	3
5600	3669	4
5600	3671	2
5600	3702	2
5600	3704	4
5600	3712	4
5600	3723	1
5600	3733	5
5600	3740	3
5604	6	3
5604	17	4
5604	22	4
5604	34	1
5604	35	5
5604	105	3
5604	111	4
5604	144	5
5604	147	5
5604	214	4
5604	215	5
5604	236	3
5604	293	5
5604	296	3
5604	318	4
5604	339	3
5604	357	4
5604	362	5
5604	389	4
5604	454	4
5604	480	2
5604	497	4
5604	500	4
5604	515	4
5604	527	5
5604	532	3
5604	588	3
5604	590	4
5604	593	5
5604	608	5
5604	760	5
5604	830	4
5604	838	3
5604	903	4
5604	910	4
5604	969	3
5604	1028	3
5604	1029	3
5604	1057	4
5604	1079	5
5604	1092	4
5604	1114	3
5604	1132	5
5604	1183	5
5604	1193	4
5604	1201	4
5604	1204	3
5604	1214	2
5604	1225	4
5604	1238	2
5604	1252	3
5604	1257	4
5604	1264	4
5604	1265	3
5604	1275	4
5604	1277	5
5604	1287	2
5604	1290	4
5604	1293	5
5604	1357	5
5604	1387	4
5604	1408	5
5604	1419	4
5604	1480	4
5604	1507	4
5604	1569	3
5604	1610	3
5604	1641	4
5604	1670	5
5604	1674	4
5604	1704	5
5604	1721	4
5604	1722	3
5604	1747	2
5604	1784	3
5604	1834	4
5604	1835	3
5604	1954	2
5604	1955	3
5604	1994	2
5604	2019	4
5604	2023	4
5604	2075	5
5604	2078	5
5604	2081	5
5604	2212	4
5604	2248	4
5604	2266	3
5604	2329	5
5604	2336	4
5604	2353	3
5604	2396	3
5604	2424	2
5604	2479	2
5604	2529	3
5604	2539	3
5604	2629	3
5604	2640	3
5604	2716	2
5604	2739	4
5604	2763	3
5604	2764	3
5604	2793	4
5604	2826	4
5604	2920	4
5604	2990	3
5604	3022	4
5604	3062	4
5604	3198	4
5604	3372	4
5604	3418	4
5604	3461	3
5604	3638	3
5604	3702	2
5604	3703	2
5604	3707	4
5610	36	4
5610	246	4
5610	296	5
5610	318	5
5610	457	5
5610	480	4
5610	590	4
5610	608	5
5610	866	3
5610	1094	3
5610	1213	4
5610	1265	3
5610	1393	4
5610	1611	2
5610	1914	5
5610	2639	4
5610	2822	3
5610	3072	5
5610	3707	4
5618	10	2
5618	70	2
5618	161	4
5618	232	3
5618	318	5
5618	342	5
5618	357	3
5618	376	3
5618	457	4
5618	480	5
5618	527	3
5618	574	4
5618	587	5
5618	588	5
5618	1088	5
5618	1193	4
5618	1198	5
5618	1265	4
5618	1393	3
5618	1425	3
5618	1431	3
5618	1485	4
5618	1569	3
5618	1573	5
5618	1580	4
5618	1641	5
5618	1722	3
5618	1760	2
5618	1784	4
5618	1917	2
5618	1923	4
5618	2058	5
5618	2081	5
5618	2302	4
5618	2353	5
5618	2359	3
5618	2539	4
5618	2716	4
5618	2840	2
5618	2881	3
5618	2997	4
5618	3114	5
5618	3175	5
5618	3253	4
5618	3450	2
5618	3477	5
5624	70	3
5624	110	4
5624	296	5
5624	329	2
5624	480	5
5624	527	3
5624	555	4
5624	588	4
5624	608	5
5624	720	1
5624	736	4
5624	741	1
5624	780	4
5624	788	3
5624	969	4
5624	1079	5
5624	1200	4
5624	1213	5
5624	1215	4
5624	1222	4
5624	1242	4
5624	1252	4
5624	1261	3
5624	1272	5
5624	1288	4
5624	1289	1
5624	1372	2
5624	1408	4
5624	1573	2
5624	1580	4
5624	1610	4
5624	1617	4
5624	1721	1
5624	1722	3
5624	1917	4
5624	1918	3
5624	2353	3
5624	2763	4
5624	2897	1
5624	2915	5
5624	2916	4
5624	2972	1
5624	3178	1
5624	3334	4
5624	3418	2
5624	3545	1
5624	3555	3
5624	3578	4
5626	24	1
5626	36	4
5626	110	5
5626	161	5
5626	293	4
5626	296	2
5626	318	4
5626	434	4
5626	477	3
5626	480	5
5626	587	5
5626	590	4
5626	647	5
5626	736	4
5626	760	5
5626	780	4
5626	952	5
5626	982	4
5626	1028	3
5626	1183	4
5626	1193	5
5626	1200	5
5626	1204	5
5626	1222	5
5626	1272	5
5626	1283	5
5626	1374	5
5626	1387	5
5626	1401	5
5626	1408	5
5626	1445	5
5626	1580	3
5626	1610	5
5626	1617	4
5626	1673	4
5626	1927	5
5626	1936	5
5626	2001	4
5626	2058	4
5626	2202	5
5626	2278	5
5626	2302	4
5626	2322	4
5626	2529	5
5626	2530	4
5626	2532	3
5626	2533	4
5626	2535	5
5626	2670	5
5626	2763	5
5626	2815	4
5626	2816	4
5626	2817	4
5626	2890	3
5626	2916	4
5626	3053	5
5626	3062	5
5626	3196	5
5626	3203	4
5626	3256	5
5626	3263	4
5626	3367	5
5626	3372	5
5626	3406	5
5626	3418	5
5626	3450	4
5626	3487	4
5626	3555	5
5626	3578	5
5626	3635	4
5626	3643	4
5626	3654	5
5626	3729	4
5626	3737	4
5626	3744	5
5626	3753	5
5626	3766	4
5626	3768	5
5626	3782	2
5626	3792	4
5626	3806	4
5626	3834	3
5626	3836	4
5626	3873	4
5626	3879	4
5627	6	3
5627	10	3
5627	17	4
5627	34	4
5627	36	3
5627	41	4
5627	52	3
5627	70	3
5627	95	2
5627	110	4
5627	111	4
5627	128	3
5627	153	2
5627	158	2
5627	161	3
5627	229	3
5627	235	3
5627	247	3
5627	293	3
5627	296	4
5627	300	3
5627	303	2
5627	318	4
5627	329	3
5627	339	3
5627	348	3
5627	355	2
5627	357	3
5627	362	3
5627	371	2
5627	372	2
5627	373	3
5627	392	3
5627	432	2
5627	448	3
5627	457	4
5627	458	2
5627	467	2
5627	480	4
5627	497	3
5627	500	3
5627	515	3
5627	527	5
5627	533	2
5627	538	3
5627	549	3
5627	555	3
5627	587	3
5627	588	4
5627	590	3
5627	593	5
5627	606	2
5627	608	5
5627	610	4
5627	653	3
5627	671	3
5627	728	3
5627	735	2
5627	736	3
5627	780	3
5627	784	2
5627	785	4
5627	786	3
5627	798	3
5627	830	3
5627	836	2
5627	842	2
5627	849	1
5627	858	5
5627	861	3
5627	866	3
5627	880	2
5627	903	4
5627	908	4
5627	909	4
5627	910	4
5627	914	2
5627	915	3
5627	916	4
5627	922	4
5627	924	3
5627	926	4
5627	929	3
5627	931	3
5627	933	3
5627	940	5
5627	945	3
5627	948	3
5627	952	3
5627	953	5
5627	968	4
5627	969	4
5627	971	4
5627	1019	3
5627	1025	2
5627	1028	2
5627	1029	3
5627	1030	2
5627	1032	4
5627	1041	3
5627	1050	3
5627	1060	4
5627	1064	4
5627	1078	2
5627	1079	4
5627	1084	3
5627	1086	3
5627	1091	2
5627	1104	4
5627	1130	3
5627	1135	3
5627	1136	4
5627	1147	4
5627	1150	3
5627	1171	4
5627	1189	4
5627	1193	4
5627	1198	5
5627	1199	3
5627	1200	4
5627	1201	3
5627	1206	4
5627	1213	5
5627	1214	4
5627	1215	3
5627	1217	3
5627	1220	3
5627	1222	3
5627	1223	4
5627	1225	5
5627	1226	3
5627	1228	3
5627	1230	5
5627	1234	4
5627	1238	2
5627	1242	4
5627	1252	4
5627	1258	4
5627	1261	3
5627	1265	3
5627	1272	4
5627	1275	4
5627	1278	3
5627	1283	4
5627	1287	5
5627	1288	4
5627	1292	3
5627	1295	3
5627	1297	3
5627	1333	4
5627	1339	2
5627	1340	2
5627	1341	2
5627	1342	3
5627	1346	2
5627	1347	4
5627	1352	1
5627	1356	3
5627	1357	3
5627	1372	3
5627	1373	3
5627	1374	5
5627	1378	3
5627	1387	3
5627	1388	3
5627	1391	1
5627	1393	3
5627	1394	3
5627	1396	2
5627	1407	3
5627	1431	1
5627	1449	4
5627	1464	2
5627	1466	4
5627	1472	3
5627	1485	3
5627	1499	3
5627	1562	2
5627	1573	1
5627	1580	3
5627	1590	3
5627	1610	3
5627	1617	4
5627	1639	1
5627	1649	1
5627	1665	3
5627	1673	3
5627	1674	3
5627	1699	2
5627	1721	3
5627	1722	3
5627	1729	2
5627	1762	3
5627	1769	2
5627	1792	2
5627	1834	4
5627	1912	3
5627	1916	2
5627	1917	2
5627	1923	3
5627	1938	3
5627	1942	3
5627	1949	3
5627	1950	4
5627	1953	5
5627	1954	5
5627	1962	4
5627	1963	3
5627	1967	2
5627	1970	2
5627	1972	1
5627	1974	3
5627	1975	2
5627	1982	3
5627	1984	1
5627	1994	4
5627	1995	2
5627	1997	5
5627	2001	3
5627	2010	2
5627	2011	3
5627	2012	2
5627	2018	4
5627	2021	2
5627	2023	3
5627	2024	2
5627	2078	3
5627	2080	3
5627	2081	3
5627	2100	3
5627	2102	1
5627	2105	2
5627	2107	3
5627	2111	2
5627	2118	2
5627	2120	2
5627	2122	2
5627	2123	3
5627	2132	5
5627	2138	3
5627	2142	2
5627	2143	3
5627	2149	2
5627	2173	2
5627	2183	3
5627	2193	3
5627	2202	3
5627	2203	3
5627	2204	3
5627	2208	3
5627	2210	3
5627	2212	3
5627	2241	2
5627	2245	3
5627	2248	3
5627	2262	1
5627	2278	3
5627	2282	2
5627	2287	3
5627	2289	3
5627	2302	3
5627	2311	3
5627	2313	3
5627	2318	3
5627	2320	3
5627	2323	3
5627	2336	3
5627	2342	3
5627	2347	3
5627	2353	3
5627	2359	4
5627	2365	3
5627	2373	2
5627	2374	3
5627	2377	2
5627	2389	2
5627	2391	3
5627	2395	4
5627	2396	5
5627	2401	3
5627	2405	2
5627	2407	3
5627	2410	4
5627	2430	2
5627	2459	3
5627	2468	2
5627	2469	3
5627	2511	3
5627	2529	3
5627	2531	2
5627	2532	2
5627	2533	2
5627	2535	3
5627	2539	3
5627	2551	3
5627	2589	1
5627	2612	3
5627	2617	3
5627	2640	3
5627	2672	1
5627	2692	3
5627	2693	4
5627	2716	3
5627	2719	1
5627	2739	4
5627	2746	2
5627	2747	2
5627	2752	3
5627	2761	4
5627	2770	3
5627	2784	2
5627	2788	3
5627	2793	3
5627	2795	3
5627	2804	4
5627	2819	4
5627	2826	3
5627	2871	3
5627	2890	3
5627	2903	2
5627	2915	3
5627	2916	4
5627	2919	3
5627	2921	3
5627	2922	3
5627	2950	2
5627	2951	4
5627	2967	3
5627	2986	3
5627	2990	2
5627	2993	3
5627	2997	5
5627	3005	2
5627	3013	3
5627	3015	3
5627	3017	2
5627	3020	4
5627	3028	3
5627	3033	2
5627	3034	3
5627	3036	2
5627	3039	3
5627	3040	3
5627	3044	4
5627	3068	3
5627	3072	3
5627	3088	3
5627	3102	3
5627	3104	4
5627	3114	4
5627	3142	2
5627	3148	3
5627	3175	3
5627	3176	4
5627	3198	4
5627	3203	2
5627	3255	3
5627	3263	3
5627	3272	1
5627	3334	3
5627	3362	4
5627	3379	3
5627	3405	3
5627	3418	4
5627	3420	2
5627	3421	3
5627	3424	4
5627	3429	3
5627	3430	4
5627	3432	2
5627	3445	3
5627	3471	3
5627	3475	3
5627	3476	4
5627	3479	3
5627	3499	1
5627	3500	3
5627	3505	4
5627	3508	3
5627	3524	3
5627	3527	3
5627	3546	3
5627	3551	3
5627	3552	4
5627	3578	4
5627	3608	3
5627	3633	3
5627	3635	3
5627	3638	3
5627	3649	3
5627	3654	3
5627	3668	3
5627	3671	3
5627	3681	3
5627	3685	3
5627	3698	3
5627	3700	3
5627	3702	3
5627	3703	4
5627	3704	2
5627	3708	2
5638	79	1
5638	110	4
5638	296	5
5638	318	5
5638	362	3
5638	372	3
5638	527	5
5638	590	5
5638	605	3
5638	608	1
5638	647	3
5638	697	5
5638	779	3
5638	926	4
5638	953	4
5638	1013	3
5638	1014	3
5638	1094	4
5638	1213	3
5638	1242	3
5638	1246	5
5638	1271	4
5638	1393	5
5638	1611	4
5638	1633	3
5638	1639	4
5638	1670	4
5638	1680	3
5638	1704	4
5638	1729	4
5638	1784	4
5638	2146	3
5638	2147	3
5638	2248	5
5638	2312	4
5638	2316	3
5638	2433	3
5638	2640	4
5638	2739	4
5638	2950	3
5638	3107	3
5638	3145	3
5638	3418	4
5638	3471	4
5638	3477	4
5639	111	4
5639	296	5
5639	527	5
5639	588	3
5639	593	4
5639	608	5
5639	903	5
5639	908	4
5639	1066	4
5639	1193	5
5639	1357	4
5639	1912	5
5639	2692	5
5639	2712	5
5639	2761	4
5639	2829	2
5639	2840	2
5639	2908	4
5639	2912	4
5639	2976	3
5639	2997	5
5639	3005	3
5639	3006	4
5639	3145	3
5649	17	5
5649	22	5
5649	31	3
5649	52	5
5649	110	5
5649	140	2
5649	144	4
5649	161	3
5649	163	4
5649	170	3
5649	186	4
5649	216	2
5649	236	5
5649	246	4
5649	262	5
5649	277	4
5649	296	5
5649	318	5
5649	339	4
5649	342	4
5649	371	2
5649	446	4
5649	457	3
5649	480	4
5649	497	4
5649	500	3
5649	514	4
5649	527	4
5649	537	3
5649	538	3
5649	587	1
5649	588	4
5649	593	5
5649	595	3
5649	608	4
5649	628	5
5649	647	3
5649	780	4
5649	783	3
5649	830	4
5649	832	3
5649	858	5
5649	915	3
5649	916	5
5649	1020	5
5649	1059	3
5649	1088	4
5649	1104	4
5649	1136	4
5649	1183	2
5649	1214	4
5649	1217	5
5649	1225	5
5649	1242	5
5649	1342	3
5649	1378	4
5649	1393	4
5649	1407	4
5649	1411	3
5649	1485	3
5649	1498	3
5649	1513	1
5649	1573	4
5649	1611	3
5649	1621	2
5649	1680	4
5649	1704	4
5649	1721	3
5649	1727	3
5649	1784	3
5649	1883	5
5649	1917	4
5649	1927	5
5649	1947	5
5649	1997	2
5649	2001	4
5649	2012	1
5649	2018	5
5649	2059	4
5649	2071	4
5649	2081	5
5649	2125	4
5649	2248	4
5649	2302	4
5649	2396	4
5649	2424	4
5649	2501	4
5649	2539	3
5649	2581	2
5649	2640	4
5649	2692	4
5649	2716	4
5649	2804	4
5649	2834	5
5649	3176	3
5649	3247	3
5649	3421	5
5649	3499	3
5649	3578	4
5650	10	2
5650	31	2
5650	34	3
5650	38	4
5650	158	3
5650	170	2
5650	203	3
5650	317	3
5650	329	4
5650	357	3
5650	457	2
5650	537	3
5650	538	4
5650	558	5
5650	587	2
5650	588	5
5650	595	3
5650	653	4
5650	788	1
5650	858	2
5650	888	2
5650	901	3
5650	908	4
5650	914	4
5650	915	3
5650	969	4
5650	986	4
5650	1013	4
5650	1024	3
5650	1025	4
5650	1028	3
5650	1029	3
5650	1030	5
5650	1031	4
5650	1032	2
5650	1064	2
5650	1083	2
5650	1088	5
5650	1113	4
5650	1130	1
5650	1135	3
5650	1136	3
5650	1193	5
5650	1198	3
5650	1214	1
5650	1215	2
5650	1220	4
5650	1225	1
5650	1230	1
5650	1234	4
5650	1246	4
5650	1258	1
5650	1265	3
5650	1278	3
5650	1286	3
5650	1288	2
5650	1292	5
5650	1347	1
5650	1356	4
5650	1367	2
5650	1372	3
5650	1373	3
5650	1374	3
5650	1393	3
5650	1396	5
5650	1460	3
5650	1525	1
5650	1566	2
5650	1569	5
5650	1599	3
5650	1641	4
5650	1673	1
5650	1690	1
5650	1702	1
5650	1722	2
5650	1920	5
5650	1947	4
5650	1955	3
5650	1970	1
5650	1972	1
5650	1973	1
5650	1997	1
5650	2012	4
5650	2046	3
5650	2078	4
5650	2080	3
5650	2083	2
5650	2100	4
5650	2102	3
5650	2105	3
5650	2107	1
5650	2123	3
5650	2125	5
5650	2153	1
5650	2193	1
5650	2245	4
5650	2302	3
5650	2369	4
5650	2468	4
5650	2469	3
5650	2471	2
5650	2474	2
5650	2529	2
5650	2640	4
5650	2716	5
5650	2734	3
5650	2739	1
5650	2746	2
5650	2761	5
5650	2763	4
5650	2877	5
5650	2950	2
5650	2993	3
5650	3033	2
5650	3061	4
5650	3114	5
5650	3157	3
5650	3159	4
5650	3244	4
5650	3247	4
5650	3252	1
5650	3255	3
5650	3398	3
5650	3418	5
5650	3421	1
5650	3471	4
5650	3476	1
5650	3479	4
5650	3501	3
5650	3545	3
5650	3552	2
5650	3578	1
5650	3615	3
5650	3633	3
5650	3635	3
5650	3638	3
5650	3671	3
5650	3675	4
5650	3684	4
5650	3685	3
5650	3745	3
5650	3784	4
5650	3793	3
5654	24	4
5654	34	5
5654	52	4
5654	76	3
5654	110	4
5654	111	4
5654	151	4
5654	180	4
5654	198	3
5654	231	3
5654	247	4
5654	293	4
5654	296	5
5654	318	5
5654	357	4
5654	373	4
5654	527	5
5654	529	4
5654	549	4
5654	593	5
5654	608	5
5654	653	3
5654	671	3
5654	720	5
5654	728	4
5654	785	4
5654	788	3
5654	799	3
5654	858	4
5654	866	5
5654	908	3
5654	909	5
5654	910	3
5654	924	4
5654	926	3
5654	1034	5
5654	1041	4
5654	1060	4
5654	1079	4
5654	1084	4
5654	1126	2
5654	1136	5
5654	1175	3
5654	1193	4
5654	1198	4
5654	1200	4
5654	1206	4
5654	1213	4
5654	1214	4
5654	1215	4
5654	1223	5
5654	1225	5
5654	1230	4
5654	1261	4
5654	1265	4
5654	1276	3
5654	1278	4
5654	1288	4
5654	1292	4
5654	1356	4
5654	1372	3
5654	1387	3
5654	1391	4
5654	1392	4
5654	1393	4
5654	1394	5
5654	1396	3
5654	1407	3
5654	1449	4
5654	1484	3
5654	1513	4
5654	1573	4
5654	1580	4
5654	1590	2
5654	1610	4
5654	1617	5
5654	1633	3
5654	1639	4
5654	1641	3
5654	1648	4
5654	1649	5
5654	1673	4
5654	1683	4
5654	1690	4
5654	1699	4
5654	1704	4
5654	1721	3
5654	1747	3
5654	1834	4
5654	1845	3
5654	1883	4
5654	1912	5
5654	1916	4
5654	1920	3
5654	1923	5
5654	1994	4
5654	2022	5
5654	2107	3
5654	2193	3
5654	2232	3
5654	2302	4
5654	2318	4
5654	2329	4
5654	2353	3
5654	2391	4
5654	2395	4
5654	2396	4
5654	2407	4
5654	2501	4
5654	2539	3
5654	2580	4
5654	2581	2
5654	2583	4
5654	2594	4
5654	2600	4
5654	2617	4
5654	2692	4
5654	2693	4
5654	2712	3
5654	2761	4
5654	2763	3
5654	2770	2
5654	2804	5
5654	2840	4
5654	2908	4
5654	2912	4
5654	2916	4
5654	2997	4
5654	3006	4
5654	3039	4
5654	3100	3
5654	3114	4
5654	3148	4
5654	3175	4
5654	3176	4
5654	3203	4
5654	3219	2
5654	3252	4
5654	3253	4
5654	3263	4
5654	3300	4
5654	3317	4
5654	3354	2
5654	3418	4
5654	3421	4
5654	3452	3
5654	3489	3
5654	3499	4
5654	3510	4
5654	3527	4
5654	3551	4
5654	3578	4
5654	3702	3
5654	3703	5
5654	3784	3
5654	3793	4
5654	3882	4
5654	3893	4
5657	22	4
5657	31	4
5657	34	5
5657	70	4
5657	110	4
5657	140	4
5657	144	3
5657	151	4
5657	158	4
5657	161	5
5657	163	4
5657	222	3
5657	232	4
5657	262	4
5657	293	5
5657	296	5
5657	317	5
5657	318	5
5657	329	4
5657	339	4
5657	362	4
5657	441	2
5657	454	4
5657	457	5
5657	480	5
5657	494	4
5657	500	4
5657	529	5
5657	587	5
5657	588	4
5657	590	5
5657	593	5
5657	595	4
5657	605	3
5657	608	5
5657	635	4
5657	653	4
5657	780	5
5657	805	4
5657	832	4
5657	986	4
5657	1003	4
5657	1015	4
5657	1042	3
5657	1147	4
5657	1183	3
5657	1213	4
5657	1265	5
5657	1339	4
5657	1356	4
5657	1372	4
5657	1391	4
5657	1393	4
5657	1407	4
5657	1457	3
5657	1485	4
5657	1566	4
5657	1569	4
5657	1573	4
5657	1580	5
5657	1592	3
5657	1610	5
5657	1617	5
5657	1639	4
5657	1641	4
5657	1673	4
5657	1704	5
5657	1721	4
5657	1722	4
5657	1727	4
5657	1747	5
5657	1784	5
5657	1835	4
5657	1914	4
5657	1917	4
5657	1923	5
5657	2012	4
5657	2023	4
5657	2024	4
5657	2058	5
5657	2112	4
5657	2125	4
5657	2278	5
5657	2302	4
5657	2424	5
5657	2429	3
5657	2442	3
5657	2501	4
5657	2617	5
5657	2763	4
5657	2916	4
5657	2997	4
5657	3044	5
5657	3176	3
5657	3247	4
5657	3252	4
5657	3253	4
5657	3255	4
5657	3256	4
5657	3263	4
5657	3418	4
5657	3450	3
5659	5	3
5659	76	3
5659	173	3
5659	198	4
5659	222	5
5659	293	4
5659	296	3
5659	329	3
5659	357	3
5659	376	1
5659	379	3
5659	457	5
5659	480	5
5659	512	3
5659	555	4
5659	590	1
5659	736	4
5659	780	4
5659	788	3
5659	798	4
5659	799	5
5659	849	3
5659	870	1
5659	999	3
5659	1088	5
5659	1092	3
5659	1198	4
5659	1215	1
5659	1265	5
5659	1306	4
5659	1333	3
5659	1356	4
5659	1372	3
5659	1391	3
5659	1394	2
5659	1396	4
5659	1407	4
5659	1408	1
5659	1573	3
5659	1580	4
5659	1590	4
5659	1610	5
5659	1674	2
5659	1690	2
5659	1704	4
5659	1721	4
5659	1722	3
5659	1747	4
5659	1762	1
5659	1779	3
5659	1862	2
5659	1888	4
5659	1917	3
5659	2004	4
5659	2012	5
5659	2046	3
5659	2053	2
5659	2081	3
5659	2100	3
5659	2232	1
5659	2302	4
5659	2316	4
5659	2385	3
5659	2391	3
5659	2395	3
5659	2424	5
5659	2526	4
5659	2549	4
5659	2567	3
5659	2580	4
5659	2581	4
5659	2598	3
5659	2617	2
5659	2672	5
5659	2701	3
5659	2712	3
5659	2722	4
5659	2763	4
5659	2822	3
5659	2840	2
5659	2916	3
5659	2950	5
5659	2976	3
5659	2978	3
5659	2986	2
5659	2995	1
5659	2997	2
5659	3033	1
5659	3100	1
5659	3145	3
5659	3175	5
5659	3219	4
5659	3252	4
5659	3256	4
5659	3269	2
5659	3418	3
5659	3552	1
5659	3638	4
5661	246	4
5661	296	3
5661	535	4
5661	590	4
5661	595	5
5661	608	5
5661	908	3
5661	924	5
5661	969	4
5661	1029	4
5661	1032	4
5661	1136	3
5661	1198	5
5661	1199	5
5661	1200	4
5661	1204	5
5661	1214	3
5661	1225	4
5661	1230	3
5661	1234	5
5661	1242	5
5661	1252	3
5661	1272	5
5661	1283	4
5661	1286	3
5661	1287	4
5661	1288	3
5661	1292	4
5661	1293	5
5661	1333	2
5661	1387	4
5661	1394	3
5661	1396	4
5661	1610	4
5661	1611	3
5661	1617	3
5661	1674	4
5661	1704	4
5661	1931	4
5661	1947	5
5661	1962	5
5661	2019	5
5661	2080	3
5661	2112	4
5661	2289	4
5661	2396	4
5661	2583	4
5661	2916	1
5661	3034	3
5661	3039	3
5661	3088	5
5661	3362	4
5661	3424	5
5661	3471	3
5663	5	4
5663	6	3
5663	17	5
5663	24	5
5663	34	3
5663	70	3
5663	110	5
5663	151	5
5663	198	2
5663	296	5
5663	318	5
5663	329	4
5663	362	5
5663	416	3
5663	454	4
5663	457	4
5663	480	4
5663	527	5
5663	588	4
5663	593	4
5663	595	4
5663	608	4
5663	653	3
5663	736	4
5663	780	3
5663	783	4
5663	788	4
5663	849	3
5663	880	4
5663	891	3
5663	1079	3
5663	1198	5
5663	1200	4
5663	1213	4
5663	1220	3
5663	1222	4
5663	1225	4
5663	1228	4
5663	1242	4
5663	1258	5
5663	1265	3
5663	1275	4
5663	1277	3
5663	1322	3
5663	1324	2
5663	1339	5
5663	1342	2
5663	1356	4
5663	1372	4
5663	1374	4
5663	1393	4
5663	1394	4
5663	1407	3
5663	1466	4
5663	1573	3
5663	1590	3
5663	1610	4
5663	1617	4
5663	1674	4
5663	1690	3
5663	1704	5
5663	1721	5
5663	1762	3
5663	1779	4
5663	1882	2
5663	1912	4
5663	1917	4
5663	1918	4
5663	1957	3
5663	1962	5
5663	1973	3
5663	2004	3
5663	2012	4
5663	2022	3
5663	2035	3
5663	2046	3
5663	2053	3
5663	2059	5
5663	2083	4
5663	2107	3
5663	2120	4
5663	2329	5
5663	2353	4
5663	2389	4
5663	2391	4
5663	2396	4
5663	2461	3
5663	2490	3
5663	2548	2
5663	2560	2
5663	2600	3
5663	2617	2
5663	2672	2
5663	2701	3
5663	2712	3
5663	2716	3
5663	2719	3
5663	2722	4
5663	2739	4
5663	2763	4
5663	2771	4
5663	2793	4
5663	2807	1
5663	2826	4
5663	2829	4
5663	2840	3
5663	2842	4
5663	2860	3
5663	2881	3
5663	2915	4
5663	2916	4
5663	2976	4
5663	2977	4
5663	2995	3
5663	2997	3
5663	3005	4
5663	3006	4
5663	3053	3
5663	3107	3
5663	3114	3
5663	3145	3
5663	3157	3
5663	3159	3
5663	3175	3
5663	3256	4
5663	3269	4
5663	3300	2
5663	3354	5
5663	3418	3
5663	3461	4
5663	3489	4
5663	3499	3
5663	3510	5
5663	3555	3
5663	3578	5
5663	3635	4
5663	3638	4
5663	3703	4
5673	17	4
5673	28	4
5673	34	3
5673	317	4
5673	342	3
5673	432	2
5673	446	4
5673	608	4
5673	838	4
5673	914	4
5673	969	5
5673	1199	4
5673	1201	5
5673	1225	5
5673	1288	4
5673	1674	4
5673	1924	3
5673	1947	4
5673	1982	4
5673	2100	3
5673	2369	4
5673	2732	3
5673	2922	4
5673	2951	5
5673	3072	4
5673	3334	4
5673	3445	4
5673	3545	4
5673	3552	3
5673	3608	3
5674	34	5
5674	36	4
5674	80	5
5674	235	3
5674	296	4
5674	318	4
5674	457	3
5674	480	4
5674	527	5
5674	590	3
5674	608	5
5674	986	5
5674	1041	4
5674	1580	4
5674	2122	2
5674	2289	5
5674	2336	5
5674	2396	5
5674	2692	4
5674	2912	4
5674	2916	2
5674	3100	3
5674	3114	4
5674	3267	5
5674	3418	4
5677	10	3
5677	17	3
5677	34	3
5677	52	3
5677	161	4
5677	231	1
5677	246	4
5677	296	3
5677	300	4
5677	318	4
5677	329	3
5677	339	3
5677	373	3
5677	381	4
5677	454	3
5677	457	4
5677	480	3
5677	494	3
5677	527	4
5677	529	4
5677	555	1
5677	577	3
5677	587	4
5677	590	4
5677	593	5
5677	595	4
5677	608	3
5677	736	2
5677	805	5
5677	858	4
5677	910	5
5677	914	4
5677	922	4
5677	924	4
5677	926	4
5677	929	3
5677	953	4
5677	969	5
5677	1028	5
5677	1029	4
5677	1030	5
5677	1079	2
5677	1094	4
5677	1096	4
5677	1104	4
5677	1193	4
5677	1198	4
5677	1204	5
5677	1206	3
5677	1225	4
5677	1226	4
5677	1234	5
5677	1242	4
5677	1246	4
5677	1265	4
5677	1271	4
5677	1293	5
5677	1356	3
5677	1372	3
5677	1374	4
5677	1393	3
5677	1394	5
5677	1396	3
5677	1408	4
5677	1485	1
5677	1573	3
5677	1580	3
5677	1610	4
5677	1639	4
5677	1641	4
5677	1674	4
5677	1704	4
5677	1721	3
5677	1722	3
5677	1747	2
5677	1784	4
5677	1834	4
5677	1883	3
5677	1923	1
5677	1947	4
5677	1954	4
5677	2078	5
5677	2081	4
5677	2105	1
5677	2132	5
5677	2302	3
5677	2312	4
5677	2329	4
5677	2336	4
5677	2353	4
5677	2359	4
5677	2390	4
5677	2391	3
5677	2396	5
5677	2405	3
5677	2407	4
5677	2424	3
5677	2433	3
5677	2442	4
5677	2501	4
5677	2640	3
5677	2822	2
5677	2881	2
5677	2890	2
5677	2997	3
5677	3039	3
5677	3148	4
5677	3247	3
5677	3252	3
5677	3253	3
5677	3256	4
5677	3418	2
5677	3424	4
5677	3450	4
5677	3466	3
5677	3499	5
5677	3552	4
5677	3684	2
5681	110	3
5681	246	4
5681	608	5
5681	720	5
5681	1136	4
5681	1175	5
5681	1199	4
5681	1204	5
5681	1234	5
5681	1265	4
5681	1278	5
5681	1363	3
5681	1617	2
5681	2507	1
5681	2844	2
5681	2912	1
5681	2976	4
5681	2997	4
5681	3005	3
5681	3036	1
5681	3114	5
5681	3157	4
5681	3388	3
5682	6	5
5682	8	4
5682	10	4
5682	19	4
5682	22	5
5682	34	4
5682	42	4
5682	44	3
5682	70	3
5682	78	1
5682	79	3
5682	95	3
5682	110	5
5682	111	4
5682	144	4
5682	145	3
5682	147	5
5682	151	4
5682	153	2
5682	161	5
5682	163	4
5682	173	4
5682	180	5
5682	181	1
5682	198	4
5682	216	4
5682	231	5
5682	246	5
5682	293	5
5682	296	5
5682	300	4
5682	303	2
5682	317	1
5682	318	5
5682	330	3
5682	333	4
5682	339	2
5682	354	4
5682	360	4
5682	371	4
5682	372	4
5682	376	4
5682	379	3
5682	381	4
5682	413	4
5682	415	2
5682	429	4
5682	434	5
5682	441	5
5682	454	5
5682	457	5
5682	466	4
5682	478	3
5682	479	5
5682	480	4
5682	484	2
5682	493	5
5682	494	5
5682	500	4
5682	511	4
5682	527	5
5682	533	3
5682	546	1
5682	548	4
5682	555	5
5682	588	3
5682	590	5
5682	593	5
5682	600	3
5682	608	4
5682	628	5
5682	647	5
5682	736	4
5682	780	3
5682	784	4
5682	785	5
5682	786	4
5682	788	3
5682	798	3
5682	799	3
5682	810	1
5682	832	5
5682	836	4
5682	849	2
5682	858	5
5682	886	4
5682	924	1
5682	998	2
5682	999	4
5682	1000	1
5682	1017	4
5682	1034	4
5682	1042	3
5682	1059	2
5682	1063	1
5682	1064	1
5682	1084	4
5682	1193	4
5682	1198	5
5682	1200	4
5682	1206	3
5682	1213	5
5682	1214	4
5682	1215	3
5682	1222	5
5682	1242	5
5682	1246	5
5682	1258	3
5682	1265	4
5682	1271	5
5682	1276	4
5682	1347	5
5682	1352	3
5682	1355	4
5682	1356	3
5682	1378	5
5682	1379	4
5682	1387	5
5682	1390	2
5682	1393	4
5682	1394	5
5682	1396	5
5682	1407	5
5682	1408	5
5682	1414	3
5682	1431	2
5682	1432	2
5682	1465	3
5682	1466	4
5682	1485	5
5682	1488	5
5682	1499	2
5682	1513	3
5682	1562	1
5682	1569	4
5682	1573	4
5682	1580	4
5682	1590	3
5682	1609	1
5682	1610	4
5682	1615	5
5682	1616	2
5682	1617	5
5682	1639	4
5682	1661	2
5682	1673	4
5682	1687	4
5682	1690	2
5682	1704	5
5682	1721	5
5682	1722	3
5682	1727	1
5682	1729	5
5682	1753	5
5682	1769	2
5682	1779	3
5682	1783	4
5682	1784	4
5682	1785	3
5682	1792	4
5682	1833	3
5682	1834	2
5682	1840	4
5682	1863	2
5682	1882	2
5682	1892	4
5682	1895	3
5682	1917	4
5682	1918	5
5682	1923	5
5682	1967	5
5682	1994	3
5682	1997	5
5682	2001	5
5682	2004	4
5682	2011	5
5682	2012	2
5682	2023	4
5682	2053	1
5682	2058	4
5682	2105	5
5682	2193	5
5682	2195	5
5682	2232	5
5682	2249	4
5682	2266	3
5682	2278	5
5682	2280	4
5682	2298	3
5682	2302	5
5682	2329	5
5682	2353	5
5682	2385	2
5682	2389	4
5682	2391	4
5682	2433	1
5682	2446	3
5682	2471	4
5682	2474	4
5682	2490	4
5682	2501	4
5682	2580	5
5682	2597	4
5682	2606	3
5682	2617	4
5682	2672	4
5682	2690	4
5682	2692	4
5682	2693	1
5682	2701	1
5682	2716	4
5682	2719	1
5682	2722	4
5682	2735	4
5682	2763	5
5682	2769	3
5682	2772	5
5682	2796	3
5682	2804	5
5682	2812	2
5682	2826	5
5682	2846	4
5682	2860	4
5682	2871	3
5682	2890	4
5682	2916	4
5682	2917	5
5682	2953	3
5682	2978	2
5682	2995	2
5682	3005	4
5682	3020	5
5682	3033	5
5682	3034	5
5682	3053	3
5682	3100	5
5682	3107	5
5682	3146	3
5682	3175	3
5682	3178	4
5682	3219	4
5682	3252	4
5682	3255	5
5682	3256	4
5682	3272	2
5682	3275	5
5682	3299	2
5682	3409	4
5682	3421	4
5682	3438	5
5682	3452	1
5682	3489	3
5682	3499	5
5682	3505	4
5682	3510	5
5682	3513	4
5682	3527	4
5682	3552	3
5682	3555	4
5682	3578	5
5682	3616	1
5682	3646	3
5682	3697	4
5682	3698	4
5682	3744	3
5682	3745	2
5682	3753	5
5682	3784	3
5682	3793	4
5682	3798	4
5682	3821	3
5682	3879	2
5682	3896	5
5682	3898	1
5682	3952	3
5691	153	5
5691	339	5
5691	362	5
5691	588	5
5691	590	5
5691	933	3
5691	934	5
5691	1015	5
5691	1017	5
5691	1028	5
5691	1031	4
5691	1079	4
5691	1136	5
5691	1198	5
5691	1234	5
5691	1265	4
5691	1278	5
5691	1287	4
5691	1356	5
5691	1372	4
5691	1373	5
5691	1394	3
5691	1569	5
5691	1580	4
5691	1595	3
5691	1641	3
5691	1747	5
5691	1779	5
5691	1931	4
5691	2001	4
5691	2011	4
5691	2050	2
5691	2078	5
5691	2080	5
5691	2081	5
5691	2100	4
5691	2153	3
5691	2302	5
5691	2405	4
5691	2407	3
5691	2424	4
5691	2471	4
5691	2642	3
5691	2716	4
5691	2735	2
5691	2871	5
5691	2881	4
5691	2915	5
5691	2916	4
5691	3039	5
5691	3040	5
5691	3072	4
5691	3104	4
5691	3114	5
5691	3244	5
5691	3253	4
5691	3421	4
5691	3479	5
5691	3501	5
5691	3552	5
5692	80	5
5692	110	5
5692	247	3
5692	318	5
5692	441	5
5692	527	5
5692	593	3
5692	1046	5
5692	1198	4
5692	1213	4
5692	1246	5
5692	1392	4
5692	1797	5
5692	2188	3
5692	2336	4
5692	2722	2
5692	2826	4
5692	2881	4
5692	3005	4
5692	3253	3
5692	3300	3
5692	3354	2
5692	3409	3
5692	3466	5
5692	3513	5
5692	3555	4
5692	3578	5
5693	111	5
5693	527	3
5693	535	3
5693	593	3
5693	908	4
5693	1041	4
5693	1046	1
5693	1193	3
5693	1225	3
5693	1230	5
5693	1236	4
5693	1251	3
5693	1617	3
5693	2289	5
5693	2731	5
5693	2732	4
5693	2920	3
5693	3334	4
5693	3404	2
5693	3418	3
5693	3424	3
5697	410	1
5697	1198	5
5697	1721	5
5697	2021	5
5697	2712	1
5697	3005	4
5697	3033	3
5697	3102	4
5697	3317	3
5697	3513	5
5697	3555	5
5697	3578	5
5697	3608	1
5701	110	4
5701	161	4
5701	198	2
5701	317	2
5701	457	3
5701	480	4
5701	588	5
5701	590	5
5701	593	5
5701	595	5
5701	608	4
5701	780	3
5701	785	4
5701	858	5
5701	1025	4
5701	1029	5
5701	1198	5
5701	1200	3
5701	1206	4
5701	1214	5
5701	1215	4
5701	1222	4
5701	1242	5
5701	1258	4
5701	1275	5
5701	1356	3
5701	1372	3
5701	1374	3
5701	1387	3
5701	1396	4
5701	1573	3
5701	1580	4
5701	1610	4
5701	1617	5
5701	1674	4
5701	1982	2
5701	2038	4
5701	2078	4
5701	2080	5
5701	2081	5
5701	2100	2
5701	2138	5
5701	2407	5
5701	2474	3
5701	2529	4
5701	2580	5
5701	2581	1
5701	2640	3
5701	2716	3
5701	2881	3
5701	2889	4
5701	2916	2
5701	3104	4
5701	3213	5
5701	3219	3
5701	3269	3
5701	3420	4
5701	3471	3
5701	3476	5
5701	3527	2
5706	24	3
5706	34	5
5706	70	1
5706	235	3
5706	293	5
5706	296	5
5706	457	5
5706	480	3
5706	500	3
5706	527	5
5706	587	4
5706	588	5
5706	593	4
5706	608	2
5706	780	5
5706	785	1
5706	788	4
5706	880	1
5706	1060	2
5706	1136	2
5706	1183	5
5706	1198	5
5706	1200	5
5706	1220	4
5706	1246	5
5706	1257	3
5706	1265	5
5706	1288	2
5706	1396	5
5706	1411	4
5706	1466	4
5706	1573	5
5706	1580	5
5706	1610	4
5706	1617	5
5706	1641	3
5706	1673	5
5706	1721	2
5706	1784	5
5706	1834	5
5706	1883	3
5706	1917	3
5706	1923	5
5706	1967	5
5706	2011	4
5706	2012	5
5706	2077	3
5706	2081	5
5706	2083	4
5706	2093	3
5706	2100	3
5706	2161	4
5706	2329	5
5706	2391	5
5706	2395	5
5706	2396	4
5706	2407	5
5706	2433	1
5706	2539	3
5706	2716	5
5706	2734	3
5706	2770	5
5706	2804	5
5706	2846	5
5706	2890	1
5706	2986	2
5706	2997	5
5706	3114	4
5706	3175	4
5706	3253	5
5706	3255	4
5706	3398	5
5706	3418	3
5706	3450	4
5706	3555	3
5706	3578	4
5706	3608	4
5706	3723	3
5708	36	4
5708	110	4
5708	173	1
5708	198	3
5708	329	1
5708	527	5
5708	741	5
5708	780	1
5708	924	5
5708	968	3
5708	1175	3
5708	1199	3
5708	1200	3
5708	1206	3
5708	1214	4
5708	1215	3
5708	1333	4
5708	1356	2
5708	1372	2
5708	1373	1
5708	1374	2
5708	1396	2
5708	1573	1
5708	1580	3
5708	1617	4
5708	1924	1
5708	2009	3
5708	2010	4
5708	2011	2
5708	2021	2
5708	2022	3
5708	2311	2
5708	2407	2
5708	2474	4
5708	2640	2
5708	2681	5
5708	2908	4
5708	2916	3
5708	2997	5
5708	3033	2
5708	3175	4
5708	3217	3
5708	3334	3
5708	3339	4
5708	3471	2
5708	3521	4
5708	3527	3
5708	3638	2
5711	5	4
5711	95	3
5711	293	4
5711	454	4
5711	457	4
5711	593	5
5711	628	5
5711	1499	1
5711	1610	4
5711	1721	4
5711	1833	4
5711	1892	3
5711	2058	3
5711	2122	4
5711	2353	4
5711	2389	4
5711	2474	4
5711	2712	2
5711	2719	3
5711	2763	4
5711	2881	5
5711	3005	4
5711	3033	5
5711	3175	2
5711	3176	2
5711	3461	4
5711	3499	4
5711	3552	4
5715	110	4
5715	153	2
5715	457	4
5715	610	3
5715	858	5
5715	940	5
5715	1198	5
5715	1200	4
5715	1201	4
5715	1214	3
5715	1215	4
5715	1222	4
5715	1242	5
5715	1252	5
5715	1275	4
5715	1287	3
5715	1356	2
5715	1387	4
5715	1408	4
5715	1562	1
5715	1601	2
5715	1610	5
5715	1617	5
5715	2009	2
5715	2019	4
5715	2021	2
5715	2529	2
5715	2905	5
5715	2916	4
5715	3029	3
5715	3213	4
5715	3479	4
5715	3578	5
5715	3635	3
5715	3638	1
5717	6	5
5717	22	2
5717	34	4
5717	70	2
5717	110	3
5717	111	5
5717	145	4
5717	151	3
5717	153	2
5717	170	1
5717	293	4
5717	296	4
5717	303	5
5717	318	5
5717	333	5
5717	365	4
5717	434	3
5717	441	3
5717	457	5
5717	497	4
5717	514	4
5717	529	3
5717	588	4
5717	590	3
5717	593	5
5717	608	3
5717	785	4
5717	858	4
5717	908	4
5717	924	3
5717	999	3
5717	1028	3
5717	1029	4
5717	1066	5
5717	1079	3
5717	1084	4
5717	1088	3
5717	1104	4
5717	1136	4
5717	1193	4
5717	1198	5
5717	1199	5
5717	1200	5
5717	1201	5
5717	1204	4
5717	1211	4
5717	1213	3
5717	1214	5
5717	1215	5
5717	1217	3
5717	1220	3
5717	1222	3
5717	1225	4
5717	1242	4
5717	1246	5
5717	1252	5
5717	1257	4
5717	1258	4
5717	1261	3
5717	1265	2
5717	1271	4
5717	1275	4
5717	1276	4
5717	1278	3
5717	1287	2
5717	1288	3
5717	1293	4
5717	1297	5
5717	1306	5
5717	1333	4
5717	1374	2
5717	1378	5
5717	1379	4
5717	1387	4
5717	1394	4
5717	1396	5
5717	1407	3
5717	1411	4
5717	1446	4
5717	1466	3
5717	1573	5
5717	1580	2
5717	1610	4
5717	1617	5
5717	1704	4
5717	1729	4
5717	1769	2
5717	1784	4
5717	1785	2
5717	1794	3
5717	1804	2
5717	1845	2
5717	1950	4
5717	1953	5
5717	1954	5
5717	1955	4
5717	1957	5
5717	1962	4
5717	2001	4
5717	2010	4
5717	2012	2
5717	2019	5
5717	2078	2
5717	2080	3
5717	2100	3
5717	2102	2
5717	2112	3
5717	2147	3
5717	2245	4
5717	2248	4
5717	2261	4
5717	2278	2
5717	2302	4
5717	2312	4
5717	2313	5
5717	2359	4
5717	2395	5
5717	2401	5
5717	2407	3
5717	2485	4
5717	2529	2
5717	2539	4
5717	2540	3
5717	2580	3
5717	2640	4
5717	2692	4
5717	2712	4
5717	2716	4
5717	2734	4
5717	2737	4
5717	2739	3
5717	2746	3
5717	2747	3
5717	2770	5
5717	2795	3
5717	2804	4
5717	2819	3
5717	2846	3
5717	2890	4
5717	2915	4
5717	2916	3
5717	2919	4
5717	2921	4
5717	2922	3
5717	2928	1
5717	2951	5
5717	2986	2
5717	2993	5
5717	2997	5
5717	3022	3
5717	3029	4
5717	3034	5
5717	3039	4
5717	3040	4
5717	3100	4
5717	3104	2
5717	3114	5
5717	3135	3
5717	3203	3
5717	3214	4
5717	3247	2
5717	3253	4
5717	3255	5
5717	3267	3
5717	3362	3
5717	3418	4
5717	3421	4
5717	3424	4
5717	3450	4
5717	3468	4
5717	3471	3
5717	3508	4
5717	3552	4
5717	3608	5
5717	3618	4
5717	3635	5
5725	145	2
5725	1342	1
5725	2908	5
5725	2997	5
5725	3005	4
5725	3300	4
5725	3354	1
5725	3510	4
5733	36	5
5733	110	4
5733	111	5
5733	296	5
5733	307	3
5733	318	4
5733	329	3
5733	357	4
5733	457	4
5733	480	3
5733	527	5
5733	593	4
5733	608	5
5733	780	4
5733	858	5
5733	908	5
5733	910	5
5733	911	5
5733	914	5
5733	916	5
5733	924	4
5733	1032	5
5733	1057	5
5733	1079	5
5733	1104	5
5733	1126	3
5733	1136	4
5733	1193	5
5733	1198	3
5733	1201	5
5733	1204	4
5733	1214	5
5733	1220	4
5733	1222	4
5733	1227	5
5733	1230	5
5733	1234	4
5733	1258	4
5733	1265	4
5733	1278	5
5733	1292	4
5733	1295	5
5733	1333	5
5733	1356	3
5733	1374	3
5733	1394	4
5733	1446	5
5733	1573	2
5733	1580	4
5733	1617	4
5733	1690	5
5733	1704	3
5733	1721	5
5733	1747	3
5733	1923	5
5733	1955	5
5733	2011	5
5733	2012	4
5733	2018	5
5733	2019	5
5733	2023	2
5733	2105	5
5733	2161	5
5733	2245	4
5733	2278	3
5733	2302	5
5733	2474	5
5733	2512	5
5733	2529	5
5733	2531	2
5733	2532	2
5733	2533	2
5733	2692	5
5733	2712	5
5733	2916	5
5733	2951	5
5733	2997	5
5733	3015	2
5733	3033	2
5733	3104	5
5733	3252	3
5733	3499	4
5733	3545	5
5733	3551	5
5733	3681	5
5733	3698	3
5733	3702	5
5733	3703	5
5733	3704	4
5733	3882	4
5742	34	4
5742	246	4
5742	595	3
5742	910	5
5742	914	4
5742	938	4
5742	1028	4
5742	1084	5
5742	1094	4
5742	1096	4
5742	1198	5
5742	1204	4
5742	1225	4
5742	1288	4
5742	1947	5
5742	2078	5
5742	2080	4
5742	2396	5
5742	3088	5
5742	3251	3
5742	3468	4
5747	6	4
5747	10	3
5747	17	4
5747	36	4
5747	44	2
5747	89	2
5747	95	2
5747	110	5
5747	111	4
5747	147	4
5747	151	4
5747	153	1
5747	161	4
5747	170	3
5747	173	1
5747	181	1
5747	198	3
5747	215	4
5747	246	4
5747	293	4
5747	296	4
5747	303	4
5747	307	5
5747	318	5
5747	329	3
5747	355	1
5747	357	4
5747	379	1
5747	415	2
5747	432	2
5747	434	3
5747	457	4
5747	465	3
5747	466	1
5747	477	4
5747	480	4
5747	493	4
5747	494	2
5747	497	5
5747	512	2
5747	515	4
5747	527	5
5747	529	4
5747	533	3
5747	538	4
5747	546	1
5747	550	3
5747	581	4
5747	588	5
5747	590	4
5747	593	5
5747	595	5
5747	605	3
5747	608	4
5747	610	4
5747	647	4
5747	707	3
5747	720	4
5747	736	2
5747	741	4
5747	760	3
5747	780	3
5747	783	3
5747	785	2
5747	836	1
5747	842	1
5747	849	1
5747	858	5
5747	880	2
5747	888	1
5747	896	5
5747	903	4
5747	914	4
5747	924	4
5747	969	4
5747	971	4
5747	1028	5
5747	1029	4
5747	1030	3
5747	1046	5
5747	1059	4
5747	1060	4
5747	1092	3
5747	1094	4
5747	1136	5
5747	1147	4
5747	1183	5
5747	1193	4
5747	1198	5
5747	1200	5
5747	1201	5
5747	1206	4
5747	1214	5
5747	1215	4
5747	1217	5
5747	1220	5
5747	1222	4
5747	1223	4
5747	1225	5
5747	1242	5
5747	1246	5
5747	1265	4
5747	1272	4
5747	1275	4
5747	1277	4
5747	1278	4
5747	1288	3
5747	1293	5
5747	1333	4
5747	1339	3
5747	1356	3
5747	1372	3
5747	1373	3
5747	1374	4
5747	1382	3
5747	1387	5
5747	1388	2
5747	1391	4
5747	1393	4
5747	1398	3
5747	1401	4
5747	1408	4
5747	1411	5
5747	1438	2
5747	1441	3
5747	1445	1
5747	1498	3
5747	1499	1
5747	1562	1
5747	1573	2
5747	1580	4
5747	1595	1
5747	1606	2
5747	1610	4
5747	1611	4
5747	1616	2
5747	1617	5
5747	1690	2
5747	1702	2
5747	1704	5
5747	1721	4
5747	1722	3
5747	1739	1
5747	1747	4
5747	1769	4
5747	1772	2
5747	1784	4
5747	1792	3
5747	1797	4
5747	1834	4
5747	1862	1
5747	1882	2
5747	1888	3
5747	1895	3
5747	1917	2
5747	1924	2
5747	1931	4
5747	1947	5
5747	1957	4
5747	1979	1
5747	1984	1
5747	1986	1
5747	1989	1
5747	1994	3
5747	1995	1
5747	1997	3
5747	1998	1
5747	2001	3
5747	2004	1
5747	2011	3
5747	2018	5
5747	2019	5
5747	2021	4
5747	2022	3
5747	2029	4
5747	2038	2
5747	2053	1
5747	2058	3
5747	2078	4
5747	2080	4
5747	2081	5
5747	2105	3
5747	2138	4
5747	2143	3
5747	2146	3
5747	2147	2
5747	2152	1
5747	2248	4
5747	2278	3
5747	2311	4
5747	2312	4
5747	2315	1
5747	2322	2
5747	2336	4
5747	2353	4
5747	2395	4
5747	2396	5
5747	2410	2
5747	2433	4
5747	2434	3
5747	2437	4
5747	2457	4
5747	2501	4
5747	2540	3
5747	2598	3
5747	2617	2
5747	2640	3
5747	2642	2
5747	2670	4
5747	2701	2
5747	2709	4
5747	2716	4
5747	2719	1
5747	2722	1
5747	2734	4
5747	2770	4
5747	2807	1
5747	2815	2
5747	2816	2
5747	2817	1
5747	2822	3
5747	2862	3
5747	2871	3
5747	2903	1
5747	2905	5
5747	2916	3
5747	2919	4
5747	2922	4
5747	2951	4
5747	2953	1
5747	2986	1
5747	3017	1
5747	3020	3
5747	3033	2
5747	3034	4
5747	3036	3
5747	3037	4
5747	3068	4
5747	3100	5
5747	3107	4
5747	3142	3
5747	3176	5
5747	3178	4
5747	3252	5
5747	3256	4
5747	3334	4
5747	3418	4
5747	3424	4
5747	3436	3
5747	3438	2
5747	3471	4
5747	3479	3
5747	3489	3
5747	3490	2
5747	3499	3
5747	3505	4
5747	3508	4
5747	3527	3
5747	3552	3
5747	3608	2
5747	3633	2
5747	3635	3
5747	3638	2
5747	3744	4
5747	3745	4
5747	3753	2
5747	3793	4
5747	3864	2
5749	6	5
5749	34	4
5749	36	5
5749	41	4
5749	72	5
5749	110	2
5749	111	5
5749	116	5
5749	121	5
5749	144	2
5749	145	1
5749	163	2
5749	198	1
5749	235	4
5749	246	5
5749	247	3
5749	293	4
5749	296	5
5749	297	2
5749	300	4
5749	307	5
5749	308	3
5749	318	5
5749	326	5
5749	334	4
5749	335	4
5749	342	3
5749	352	3
5749	357	4
5749	372	2
5749	373	5
5749	389	4
5749	441	4
5749	446	4
5749	448	4
5749	454	1
5749	457	4
5749	480	3
5749	493	3
5749	497	2
5749	501	5
5749	514	3
5749	527	4
5749	537	3
5749	549	5
5749	555	3
5749	574	4
5749	581	4
5749	588	4
5749	593	5
5749	608	5
5749	628	3
5749	662	2
5749	668	5
5749	728	5
5749	759	4
5749	788	1
5749	832	1
5749	851	3
5749	858	5
5749	866	5
5749	896	5
5749	908	5
5749	948	4
5749	1041	3
5749	1057	4
5749	1060	4
5749	1092	2
5749	1094	5
5749	1112	4
5749	1116	4
5749	1147	5
5749	1171	3
5749	1175	5
5749	1176	5
5749	1178	5
5749	1183	5
5749	1184	4
5749	1200	5
5749	1227	5
5749	1234	4
5749	1236	3
5749	1237	5
5749	1252	5
5749	1264	5
5749	1265	4
5749	1277	5
5749	1287	3
5749	1407	4
5749	1408	4
5749	1411	4
5749	1466	5
5749	1472	4
5749	1480	3
5749	1542	3
5749	1569	3
5749	1573	3
5749	1580	3
5749	1585	3
5749	1610	3
5749	1616	1
5749	1617	5
5749	1639	1
5749	1641	2
5749	1648	5
5749	1670	4
5749	1673	4
5749	1674	5
5749	1683	4
5749	1699	5
5749	1704	2
5749	1722	3
5749	1784	1
5749	1785	4
5749	1794	4
5749	1816	3
5749	1834	4
5749	1845	3
5749	1856	4
5749	1883	5
5749	1912	5
5749	1916	5
5749	1923	3
5749	1953	5
5749	1955	4
5749	1994	4
5749	2019	5
5749	2058	4
5749	2110	4
5749	2118	3
5749	2121	1
5749	2252	1
5749	2267	3
5749	2278	3
5749	2289	5
5749	2305	2
5749	2318	4
5749	2323	5
5749	2336	3
5749	2349	5
5749	2351	5
5749	2353	3
5749	2356	2
5749	2359	3
5749	2390	4
5749	2391	5
5749	2395	5
5749	2396	5
5749	2511	5
5749	2551	5
5749	2567	3
5749	2600	4
5749	2624	5
5749	2692	5
5749	2726	5
5749	2731	5
5749	2763	3
5749	2770	5
5749	2890	4
5749	2908	5
5749	2912	5
5749	2916	1
5749	2917	4
5749	2952	5
5749	2997	5
5749	3002	5
5749	3005	2
5749	3006	5
5749	3044	3
5749	3077	5
5749	3100	3
5749	3102	2
5749	3107	1
5749	3114	5
5749	3148	3
5749	3175	2
5749	3176	3
5749	3196	5
5749	3203	3
5749	3219	2
5749	3253	2
5749	3256	2
5749	3263	3
5749	3267	3
5749	3281	5
5749	3304	3
5749	3317	4
5749	3362	5
5749	3418	4
5749	3476	3
5749	3527	1
5749	3578	3
5749	3584	1
5749	3598	5
5749	3618	4
5749	3712	3
5749	3728	4
5749	3783	4
5750	110	3
5750	111	4
5750	247	4
5750	293	3
5750	296	2
5750	307	4
5750	446	4
5750	457	3
5750	593	3
5750	608	3
5750	858	4
5750	903	4
5750	908	4
5750	909	4
5750	915	4
5750	922	4
5750	940	3
5750	969	4
5750	1084	4
5750	1136	5
5750	1193	4
5750	1198	3
5750	1213	4
5750	1228	4
5750	1230	5
5750	1242	4
5750	1252	4
5750	1265	2
5750	1288	4
5750	1356	2
5750	1374	3
5750	1610	3
5750	1617	3
5750	1953	4
5750	2001	4
5750	2004	2
5750	2010	3
5750	2019	5
5750	2159	1
5750	2278	3
5750	2289	2
5750	2424	2
5750	2692	5
5750	2871	3
5750	2997	2
5750	3019	4
5750	3334	4
5750	3362	4
5750	3418	3
5750	3424	4
5750	3521	5
5751	8	4
5751	27	4
5751	34	2
5751	158	3
5751	262	3
5751	362	4
5751	480	3
5751	577	3
5751	588	3
5751	783	3
5751	808	4
5751	837	4
5751	986	4
5751	1015	4
5751	1367	4
5751	1513	5
5751	1566	4
5751	1688	3
5751	2053	4
5751	2059	3
5751	2142	3
5751	2390	2
5751	2396	2
5751	2485	5
5751	2574	5
5751	2581	5
5751	2629	3
5751	2690	4
5751	2701	3
5751	2716	3
5751	2719	4
5751	2722	3
5751	2761	3
5751	2770	4
5751	2881	4
5751	3114	5
5751	3157	4
5751	3159	5
5751	3176	2
5751	3354	4
5757	34	4
5757	110	5
5757	198	4
5757	235	4
5757	527	5
5757	788	4
5757	858	5
5757	908	5
5757	924	5
5757	1136	4
5757	1175	5
5757	1178	4
5757	1193	5
5757	1198	4
5757	1199	5
5757	1200	3
5757	1204	5
5757	1206	5
5757	1214	5
5757	1222	5
5757	1230	5
5757	1252	5
5757	1258	5
5757	1265	4
5757	1287	5
5757	1333	4
5757	1374	4
5757	1391	3
5757	1407	2
5757	1580	4
5757	1617	4
5757	1690	2
5757	1747	4
5757	1917	4
5757	1953	5
5757	1997	5
5757	2010	5
5757	2019	5
5757	2053	2
5757	2692	3
5757	2712	5
5757	2722	3
5757	2761	4
5757	2788	3
5757	2826	2
5757	2916	4
5757	2997	5
5757	3006	4
5757	3088	5
5757	3114	2
5757	3159	4
5757	3253	2
5757	3354	2
5757	3467	5
5757	3551	5
5758	296	5
5758	339	5
5758	357	4
5758	373	5
5758	457	5
5758	480	3
5758	608	1
5758	788	1
5758	830	2
5758	858	4
5758	903	5
5758	908	5
5758	929	5
5758	933	5
5758	969	5
5758	1017	5
5758	1019	5
5758	1079	1
5758	1086	5
5758	1198	3
5758	1214	2
5758	1220	5
5758	1234	5
5758	1252	5
5758	1265	2
5758	1356	4
5758	1387	5
5758	1396	5
5758	1580	1
5758	1610	5
5758	1617	5
5758	1641	4
5758	1674	5
5758	1747	5
5758	1784	5
5758	1953	5
5758	2015	5
5758	2053	1
5758	2100	5
5758	2184	4
5758	2396	5
5758	2407	5
5758	2468	5
5758	2469	4
5758	2716	3
5758	2763	4
5758	2764	5
5758	2870	4
5758	2871	4
5758	2915	5
5758	2983	5
5758	3039	4
5758	3247	4
5758	3253	4
5758	3255	4
5758	3256	4
5758	3334	5
5758	3404	5
5758	3418	3
5758	3421	2
5758	3450	3
5758	3552	2
5758	3555	5
5758	3608	1
5758	3634	5
5765	10	4
5765	34	2
5765	95	2
5765	111	4
5765	235	4
5765	293	4
5765	296	3
5765	318	5
5765	329	4
5765	348	4
5765	376	4
5765	434	1
5765	457	3
5765	466	4
5765	480	2
5765	512	1
5765	608	4
5765	610	4
5765	653	4
5765	671	4
5765	780	4
5765	788	2
5765	858	4
5765	880	2
5765	924	5
5765	1015	3
5765	1079	5
5765	1136	5
5765	1198	5
5765	1199	3
5765	1200	4
5765	1206	5
5765	1213	5
5765	1214	4
5765	1215	5
5765	1222	5
5765	1223	5
5765	1242	4
5765	1258	5
5765	1265	4
5765	1275	4
5765	1292	4
5765	1340	4
5765	1356	4
5765	1374	4
5765	1378	2
5765	1387	4
5765	1388	3
5765	1391	4
5765	1396	2
5765	1562	2
5765	1573	3
5765	1580	3
5765	1610	4
5765	1882	1
5765	1920	4
5765	1924	1
5765	1967	3
5765	2001	3
5765	2011	2
5765	2021	3
5765	2038	3
5765	2057	3
5765	2105	1
5765	2161	3
5765	2193	4
5765	2287	3
5765	2311	4
5765	2322	3
5765	2365	4
5765	2405	3
5765	2457	4
5765	2490	4
5765	2617	4
5765	2640	2
5765	2788	5
5765	2804	4
5765	2810	4
5765	2871	4
5765	2916	2
5765	2950	3
5765	3033	2
5765	3036	3
5765	3274	3
5765	3354	2
5765	3390	4
5765	3401	1
5765	3420	3
5765	3421	4
5765	3471	4
5765	3489	2
5765	3527	3
5765	3578	4
5765	3608	3
5768	17	5
5768	28	5
5768	357	4
5768	903	5
5768	911	5
5768	914	5
5768	915	5
5768	916	5
5768	931	5
5768	932	5
5768	933	4
5768	942	5
5768	943	5
5768	1086	5
5768	1094	5
5768	1096	5
5768	1230	5
5768	1252	5
5768	1357	5
5768	1484	5
5768	1674	5
5768	1683	5
5768	1684	5
5768	1947	5
5768	1962	3
5768	1964	4
5768	2171	4
5768	2396	5
5768	2708	5
5768	2749	4
5768	2919	5
5768	2935	5
5768	3044	5
5768	3072	5
5768	3176	4
5768	3475	5
5771	296	3
5771	454	3
5771	587	3
5771	588	4
5771	595	3
5771	780	3
5771	788	3
5771	861	5
5771	903	4
5771	908	4
5771	909	4
5771	924	5
5771	940	4
5771	953	3
5771	1017	2
5771	1019	4
5771	1029	3
5771	1079	5
5771	1083	3
5771	1136	5
5771	1193	4
5771	1199	4
5771	1200	2
5771	1201	5
5771	1206	5
5771	1214	2
5771	1220	4
5771	1225	4
5771	1234	2
5771	1241	4
5771	1252	3
5771	1264	4
5771	1271	4
5771	1275	3
5771	1333	3
5771	1356	4
5771	1373	5
5771	1374	5
5771	1387	2
5771	1388	1
5771	1394	4
5771	1721	3
5771	1924	4
5771	1931	3
5771	1947	3
5771	1955	2
5771	1957	5
5771	1967	4
5771	1975	1
5771	1994	2
5771	1997	2
5771	2001	2
5771	2010	4
5771	2016	3
5771	2018	3
5771	2019	5
5771	2021	2
5771	2078	5
5771	2080	4
5771	2095	3
5771	2105	3
5771	2138	4
5771	2151	5
5771	2193	3
5771	2302	4
5771	2369	4
5771	2373	4
5771	2380	3
5771	2382	3
5771	2459	1
5771	2471	4
5771	2474	3
5771	2520	4
5771	2521	1
5771	2529	2
5771	2531	2
5771	2532	2
5771	2533	2
5771	2642	2
5771	2664	2
5771	2729	5
5771	2746	3
5771	2761	5
5771	2788	5
5771	2794	2
5771	2866	3
5771	2877	3
5771	2899	4
5771	2916	3
5771	2921	3
5771	2950	3
5771	2993	4
5771	3015	1
5771	3036	3
5771	3114	5
5771	3135	2
5771	3142	4
5771	3253	5
5771	3263	4
5771	3421	4
5771	3424	4
5771	3430	2
5771	3471	3
5771	3501	4
5771	3545	5
5771	3552	5
5771	3608	5
5771	3633	4
5771	3635	4
5771	3638	3
5774	110	5
5774	296	4
5774	527	4
5774	593	5
5774	788	1
5774	810	1
5774	924	4
5774	1079	4
5774	1193	4
5774	1198	4
5774	1204	4
5774	1234	4
5774	1265	4
5774	1333	3
5774	1379	2
5774	1573	2
5774	1639	3
5774	1704	4
5774	1923	3
5774	1957	2
5774	2105	3
5774	2396	5
5774	2716	4
5774	2997	4
5774	3006	4
5774	3114	5
5779	5	3
5779	6	4
5779	10	2
5779	70	5
5779	89	4
5779	110	5
5779	111	3
5779	122	4
5779	145	2
5779	153	2
5779	236	4
5779	246	3
5779	293	4
5779	296	5
5779	300	4
5779	307	3
5779	318	3
5779	348	4
5779	365	3
5779	371	3
5779	372	4
5779	434	4
5779	441	4
5779	457	5
5779	459	2
5779	466	3
5779	480	5
5779	510	2
5779	515	2
5779	535	4
5779	555	5
5779	587	3
5779	588	2
5779	590	2
5779	593	3
5779	608	5
5779	628	4
5779	647	3
5779	697	2
5779	736	3
5779	780	2
5779	786	3
5779	788	3
5779	798	3
5779	805	4
5779	832	3
5779	858	5
5779	866	4
5779	875	2
5779	903	5
5779	908	4
5779	924	4
5779	931	4
5779	1057	4
5779	1060	5
5779	1079	4
5779	1086	5
5779	1088	3
5779	1136	4
5779	1193	5
5779	1198	5
5779	1199	3
5779	1200	4
5779	1201	3
5779	1206	3
5779	1213	5
5779	1214	4
5779	1220	3
5779	1225	4
5779	1228	3
5779	1230	4
5779	1234	5
5779	1246	3
5779	1252	4
5779	1258	5
5779	1265	5
5779	1276	4
5779	1290	2
5779	1333	4
5779	1339	2
5779	1374	2
5779	1393	5
5779	1394	3
5779	1407	4
5779	1466	3
5779	1498	2
5779	1573	3
5779	1580	2
5779	1610	3
5779	1611	3
5779	1616	2
5779	1617	5
5779	1639	2
5779	1641	4
5779	1673	2
5779	1674	4
5779	1690	3
5779	1704	5
5779	1721	3
5779	1722	2
5779	1769	2
5779	1784	3
5779	1791	3
5779	1792	4
5779	1834	4
5779	1840	3
5779	1845	4
5779	1854	2
5779	1895	3
5779	1912	3
5779	1923	4
5779	1953	3
5779	1954	5
5779	1962	3
5779	1964	3
5779	1982	4
5779	1994	3
5779	2001	4
5779	2022	2
5779	2023	3
5779	2080	4
5779	2105	4
5779	2183	3
5779	2201	3
5779	2203	5
5779	2204	4
5779	2245	4
5779	2248	3
5779	2278	4
5779	2329	5
5779	2353	3
5779	2359	3
5779	2374	2
5779	2391	3
5779	2395	4
5779	2396	2
5779	2407	3
5779	2410	3
5779	2411	3
5779	2416	4
5779	2485	2
5779	2490	5
5779	2501	5
5779	2580	5
5779	2692	3
5779	2712	4
5779	2716	4
5779	2752	1
5779	2795	5
5779	2804	5
5779	2890	4
5779	2916	4
5779	2951	3
5779	2993	3
5779	3006	4
5779	3019	5
5779	3020	3
5779	3039	4
5779	3104	4
5779	3107	4
5779	3115	2
5779	3145	3
5779	3176	4
5779	3256	3
5779	3418	4
5779	3421	5
5779	3424	4
5779	3426	2
5779	3477	2
5779	3499	4
5779	3505	3
5779	3508	3
5779	3521	2
5779	3527	5
5779	3551	3
5779	3552	5
5779	3578	4
5779	3608	2
5780	6	5
5780	10	3
5780	19	5
5780	22	5
5780	61	4
5780	70	5
5780	95	4
5780	110	5
5780	122	4
5780	151	3
5780	161	4
5780	163	4
5780	170	4
5780	173	3
5780	293	5
5780	296	5
5780	303	4
5780	318	4
5780	352	3
5780	372	3
5780	427	4
5780	434	4
5780	441	2
5780	454	5
5780	457	4
5780	458	4
5780	477	3
5780	479	3
5780	480	5
5780	493	5
5780	494	3
5780	500	4
5780	511	4
5780	532	1
5780	550	3
5780	588	3
5780	590	5
5780	593	4
5780	608	3
5780	707	4
5780	736	4
5780	782	3
5780	786	4
5780	788	4
5780	798	4
5780	832	5
5780	858	5
5780	861	4
5780	880	3
5780	998	4
5780	1020	2
5780	1084	4
5780	1092	5
5780	1094	3
5780	1213	5
5780	1215	2
5780	1265	2
5780	1339	5
5780	1393	5
5780	1396	3
5780	1408	3
5780	1411	3
5780	1466	4
5780	1485	4
5780	1487	3
5780	1499	4
5780	1569	3
5780	1573	5
5780	1580	4
5780	1590	5
5780	1601	4
5780	1610	4
5780	1616	4
5780	1617	4
5780	1621	5
5780	1661	3
5780	1662	4
5780	1673	3
5780	1687	4
5780	1704	4
5780	1721	4
5780	1722	4
5780	1729	4
5780	1746	4
5780	1769	5
5780	1779	3
5780	1783	3
5780	1785	4
5780	1792	4
5780	1835	4
5780	1840	4
5780	1892	5
5780	1918	4
5780	1920	3
5780	1923	4
5780	2012	4
5780	2023	5
5780	2053	2
5780	2058	4
5780	2247	3
5780	2278	5
5780	2302	3
5780	2353	5
5780	2490	5
5780	2539	5
5780	2540	4
5780	2607	3
5780	2617	4
5780	2770	3
5780	2812	4
5780	2822	4
5780	2916	4
5780	2986	3
5780	3100	4
5780	3107	3
5780	3256	4
5780	3418	3
5780	3489	3
5796	1193	4
5796	2171	4
5796	2829	4
5796	2997	5
5796	3175	4
5796	3247	1
5796	3308	2
5796	3354	1
5796	3552	4
5796	3608	3
5798	10	2
5798	95	2
5798	339	2
5798	357	2
5798	480	3
5798	529	5
5798	587	4
5798	858	5
5798	1078	4
5798	1171	4
5798	1198	4
5798	1220	4
5798	1222	5
5798	1230	5
5798	1265	5
5798	1292	5
5798	1394	3
5798	1573	2
5798	1580	3
5798	1641	3
5798	1784	2
5798	1883	4
5798	1923	3
5798	1963	4
5798	2001	3
5798	2023	1
5798	2289	4
5798	2302	5
5798	2396	4
5798	2701	2
5798	2716	5
5798	2770	2
5798	2915	4
5798	2997	3
5798	3072	4
5798	3104	5
5798	3107	1
5798	3176	3
5798	3178	4
5798	3219	4
5798	3244	4
5798	3253	3
5798	3274	4
5798	3362	4
5798	3404	4
5798	3418	4
5798	3421	5
5798	3524	5
5798	3527	4
5798	3551	5
5798	3552	5
5798	3638	2
5798	3671	5
5799	111	3
5799	493	2
5799	593	5
5799	608	5
5799	628	4
5799	707	3
5799	924	3
5799	1214	4
5799	1230	3
5799	1252	4
5799	1617	5
5799	1783	3
5799	2840	4
5799	2881	3
5799	2912	4
5799	2976	3
5799	2995	1
5799	3005	4
5799	3006	3
5799	3505	4
5800	968	4
5800	1610	5
5800	1674	3
5800	2424	3
5800	2670	4
5800	2716	3
5800	2719	3
5800	3114	5
5800	3157	3
5800	3219	3
5800	3354	4
5802	608	4
5802	741	5
5802	903	5
5802	910	5
5802	926	5
5802	969	5
5802	1104	5
5802	1222	3
5802	1230	4
5802	1772	4
5802	1938	4
5802	2010	5
5802	2507	4
5802	2732	5
5814	34	4
5814	296	5
5814	318	5
5814	593	5
5814	1213	4
5814	1223	5
5814	1252	2
5814	1387	5
5814	1617	5
5814	2459	3
5814	2640	3
5814	2997	5
5814	3114	5
5814	3421	5
5814	3471	4
5816	924	3
5816	1086	5
5816	1092	3
5816	1617	5
5816	1892	3
5816	2712	3
5816	2881	4
5816	2889	5
5816	2908	3
5816	2997	4
5816	3157	3
5816	3175	1
5816	3478	3
5820	34	1
5820	318	4
5820	458	4
5820	593	5
5820	608	4
5820	953	5
5820	1079	3
5820	1136	3
5820	1193	3
5820	1198	3
5820	1230	4
5820	1234	4
5820	1265	2
5820	1997	3
5820	2023	5
5820	2147	4
5820	2336	3
5820	2396	4
5820	2716	3
5820	2734	4
5820	2853	3
5820	3421	4
5824	6	3
5824	10	3
5824	41	4
5824	61	3
5824	70	3
5824	95	4
5824	110	3
5824	151	3
5824	153	1
5824	161	4
5824	163	4
5824	173	2
5824	180	3
5824	198	4
5824	209	2
5824	216	4
5824	231	3
5824	235	4
5824	293	4
5824	296	4
5824	300	4
5824	318	5
5824	329	3
5824	333	4
5824	372	3
5824	413	3
5824	429	3
5824	432	3
5824	433	3
5824	457	4
5824	480	3
5824	500	3
5824	527	4
5824	532	1
5824	546	1
5824	587	4
5824	588	4
5824	590	4
5824	593	4
5824	595	5
5824	608	3
5824	610	1
5824	709	3
5824	736	3
5824	741	4
5824	780	4
5824	785	2
5824	786	4
5824	798	3
5824	799	4
5824	832	2
5824	849	1
5824	880	2
5824	891	2
5824	903	5
5824	908	4
5824	914	3
5824	924	5
5824	933	4
5824	934	3
5824	953	4
5824	968	3
5824	1028	3
5824	1029	4
5824	1030	3
5824	1032	3
5824	1051	3
5824	1060	4
5824	1086	4
5824	1088	3
5824	1091	3
5824	1092	3
5824	1094	3
5824	1136	2
5824	1167	3
5824	1198	5
5824	1199	4
5824	1200	5
5824	1206	4
5824	1214	5
5824	1215	5
5824	1220	2
5824	1223	4
5824	1225	4
5824	1242	5
5824	1252	4
5824	1257	4
5824	1261	4
5824	1278	3
5824	1287	5
5824	1288	2
5824	1333	4
5824	1356	4
5824	1372	4
5824	1373	3
5824	1374	5
5824	1378	4
5824	1379	2
5824	1391	3
5824	1396	5
5824	1407	5
5824	1411	3
5824	1438	4
5824	1566	1
5824	1573	4
5824	1580	4
5824	1590	3
5824	1610	4
5824	1616	3
5824	1617	4
5824	1639	3
5824	1646	1
5824	1688	3
5824	1690	3
5824	1704	4
5824	1721	5
5824	1722	4
5824	1747	4
5824	1769	3
5824	1779	3
5824	1792	4
5824	1845	4
5824	1883	4
5824	1917	3
5824	1918	4
5824	1943	3
5824	1947	4
5824	1954	4
5824	1967	4
5824	1994	3
5824	2001	4
5824	2004	4
5824	2009	4
5824	2011	3
5824	2012	4
5824	2021	4
5824	2041	3
5824	2046	4
5824	2053	2
5824	2058	3
5824	2072	3
5824	2078	4
5824	2080	3
5824	2081	4
5824	2083	3
5824	2100	3
5824	2102	3
5824	2105	3
5824	2107	2
5824	2110	3
5824	2118	3
5824	2121	3
5824	2143	3
5824	2161	3
5824	2193	3
5824	2232	3
5824	2247	2
5824	2278	4
5824	2302	3
5824	2311	4
5824	2353	4
5824	2373	2
5824	2374	2
5824	2382	1
5824	2391	4
5824	2395	3
5824	2396	5
5824	2399	2
5824	2405	4
5824	2407	4
5824	2410	3
5824	2411	3
5824	2416	2
5824	2433	3
5824	2468	2
5824	2490	4
5824	2521	1
5824	2526	2
5824	2529	5
5824	2530	4
5824	2531	4
5824	2532	4
5824	2533	4
5824	2539	3
5824	2540	3
5824	2549	1
5824	2560	1
5824	2606	2
5824	2617	5
5824	2640	5
5824	2642	2
5824	2681	2
5824	2693	5
5824	2701	1
5824	2709	4
5824	2716	4
5824	2719	3
5824	2734	3
5824	2735	2
5824	2746	3
5824	2748	2
5824	2761	5
5824	2763	3
5824	2796	3
5824	2798	1
5824	2804	3
5824	2826	4
5824	2840	2
5824	2874	3
5824	2890	4
5824	2903	2
5824	2915	2
5824	2916	3
5824	2986	1
5824	2990	3
5824	2995	3
5824	2997	5
5824	3020	4
5824	3029	2
5824	3033	4
5824	3072	2
5824	3088	3
5824	3100	3
5824	3104	3
5824	3146	3
5824	3175	5
5824	3178	3
5824	3203	3
5824	3238	3
5824	3252	4
5824	3253	4
5824	3255	3
5824	3256	4
5824	3263	3
5824	3300	3
5824	3354	1
5824	3388	3
5824	3398	4
5824	3418	4
5824	3468	3
5824	3471	5
5824	3476	4
5824	3477	4
5824	3479	3
5824	3500	2
5824	3510	4
5824	3513	3
5824	3527	4
5824	3552	3
5824	3555	3
5824	3578	5
5824	3608	3
5827	144	4
5827	151	4
5827	153	4
5827	329	4
5827	454	4
5827	457	5
5827	480	3
5827	587	4
5827	593	5
5827	608	5
5827	653	4
5827	720	4
5827	736	2
5827	849	4
5827	1060	4
5827	1227	4
5827	1265	3
5827	1356	4
5827	1372	4
5827	1379	4
5827	1393	5
5827	1408	5
5827	1485	3
5827	1562	4
5827	1580	5
5827	1605	4
5827	1610	5
5827	1617	5
5827	1641	4
5827	1689	2
5827	1721	5
5827	1779	1
5827	1895	3
5827	1917	1
5827	1923	5
5827	1994	4
5827	2302	4
5827	2322	4
5827	2581	4
5827	2617	4
5827	2770	2
5827	2916	5
5827	3255	3
5827	3450	5
5827	3489	5
5827	3527	5
5829	34	2
5829	145	5
5829	342	4
5829	493	4
5829	858	5
5829	916	4
5829	952	3
5829	969	5
5829	1079	2
5829	1084	4
5829	1136	4
5829	1200	5
5829	1220	5
5829	1234	3
5829	1292	4
5829	1387	5
5829	1394	5
5829	1641	3
5829	1784	4
5829	1954	4
5829	2247	2
5829	2248	3
5829	2396	5
5829	2692	4
5829	2915	3
5829	3061	4
5829	3114	5
5829	3404	2
5829	3421	5
5829	3424	3
5829	3546	4
5829	3552	4
5829	3584	4
5829	3608	3
5831	6	4
5831	10	4
5831	17	5
5831	19	3
5831	20	3
5831	22	4
5831	24	2
5831	28	4
5831	34	5
5831	36	4
5831	41	4
5831	65	2
5831	71	3
5831	80	3
5831	95	3
5831	105	4
5831	110	5
5831	111	4
5831	144	4
5831	151	4
5831	153	2
5831	161	4
5831	163	3
5831	170	3
5831	173	3
5831	198	4
5831	201	4
5831	210	3
5831	216	3
5831	222	4
5831	235	4
5831	236	4
5831	246	4
5831	276	3
5831	282	4
5831	293	4
5831	296	4
5831	300	4
5831	303	3
5831	317	4
5831	318	5
5831	329	3
5831	333	3
5831	339	4
5831	342	4
5831	348	4
5831	351	4
5831	357	4
5831	365	4
5831	371	4
5831	379	3
5831	381	4
5831	410	3
5831	413	3
5831	416	3
5831	434	4
5831	448	4
5831	454	4
5831	457	5
5831	458	4
5831	466	3
5831	477	4
5831	480	4
5831	494	4
5831	497	5
5831	500	4
5831	518	4
5831	527	5
5831	529	4
5831	532	3
5831	535	4
5831	536	3
5831	546	2
5831	548	3
5831	587	4
5831	588	4
5831	590	4
5831	593	4
5831	595	5
5831	605	3
5831	608	4
5831	610	3
5831	635	4
5831	653	4
5831	720	4
5831	736	4
5831	743	3
5831	780	4
5831	783	4
5831	785	2
5831	786	3
5831	805	4
5831	832	4
5831	836	3
5831	838	4
5831	858	5
5831	901	4
5831	903	4
5831	905	4
5831	908	5
5831	910	4
5831	914	4
5831	915	4
5831	916	4
5831	922	4
5831	924	5
5831	931	4
5831	933	4
5831	934	3
5831	938	4
5831	940	4
5831	947	4
5831	948	4
5831	953	5
5831	969	4
5831	984	3
5831	1013	4
5831	1019	4
5831	1020	4
5831	1025	3
5831	1028	5
5831	1029	4
5831	1030	3
5831	1031	3
5831	1032	4
5831	1041	4
5831	1050	4
5831	1057	4
5831	1060	4
5831	1079	4
5831	1083	4
5831	1088	4
5831	1091	2
5831	1092	4
5831	1094	4
5831	1096	4
5831	1113	4
5831	1130	3
5831	1135	3
5831	1136	5
5831	1161	4
5831	1171	3
5831	1178	4
5831	1183	4
5831	1189	4
5831	1193	4
5831	1198	5
5831	1199	5
5831	1200	4
5831	1201	4
5831	1204	5
5831	1211	4
5831	1213	5
5831	1214	4
5831	1215	4
5831	1220	4
5831	1222	4
5831	1223	4
5831	1225	5
5831	1226	4
5831	1228	4
5831	1230	4
5831	1234	4
5831	1242	5
5831	1246	4
5831	1252	4
5831	1257	4
5831	1258	4
5831	1261	4
5831	1265	5
5831	1271	4
5831	1272	4
5831	1275	3
5831	1278	5
5831	1283	5
5831	1286	4
5831	1287	5
5831	1288	4
5831	1289	4
5831	1290	4
5831	1292	4
5831	1293	4
5831	1295	4
5831	1297	4
5831	1333	4
5831	1339	3
5831	1340	3
5831	1346	3
5831	1347	3
5831	1356	4
5831	1357	4
5831	1372	4
5831	1373	3
5831	1374	4
5831	1378	3
5831	1379	3
5831	1382	2
5831	1387	5
5831	1388	4
5831	1391	2
5831	1393	4
5831	1394	4
5831	1396	4
5831	1408	4
5831	1411	4
5831	1414	4
5831	1438	4
5831	1441	4
5831	1446	4
5831	1449	4
5831	1453	4
5831	1484	4
5831	1485	4
5831	1487	3
5831	1488	4
5831	1507	4
5831	1562	2
5831	1566	4
5831	1569	4
5831	1573	4
5831	1580	4
5831	1609	4
5831	1610	4
5831	1615	4
5831	1616	4
5831	1617	5
5831	1621	4
5831	1633	4
5831	1641	4
5831	1646	2
5831	1674	4
5831	1683	4
5831	1688	4
5831	1690	3
5831	1702	3
5831	1704	4
5831	1721	4
5831	1722	3
5831	1727	4
5831	1769	3
5831	1784	4
5831	1792	3
5831	1797	4
5831	1834	4
5831	1835	4
5831	1882	3
5831	1883	3
5831	1896	3
5831	1912	4
5831	1917	3
5831	1918	3
5831	1920	4
5831	1923	4
5831	1938	4
5831	1943	4
5831	1949	5
5831	1953	4
5831	1954	4
5831	1955	4
5831	1957	4
5831	1962	4
5831	1967	3
5831	1974	2
5831	1982	4
5831	1994	4
5831	1995	4
5831	1997	4
5831	2001	4
5831	2009	4
5831	2010	4
5831	2011	4
5831	2012	4
5831	2015	4
5831	2018	4
5831	2019	5
5831	2021	4
5831	2022	4
5831	2023	4
5831	2035	3
5831	2037	3
5831	2058	4
5831	2072	3
5831	2077	4
5831	2078	4
5831	2080	4
5831	2081	4
5831	2083	4
5831	2093	3
5831	2097	4
5831	2100	5
5831	2102	3
5831	2105	4
5831	2110	3
5831	2111	4
5831	2112	4
5831	2118	4
5831	2121	3
5831	2125	4
5831	2138	4
5831	2143	3
5831	2146	4
5831	2147	3
5831	2149	3
5831	2151	4
5831	2161	4
5831	2171	4
5831	2178	4
5831	2183	4
5831	2184	4
5831	2193	3
5831	2208	4
5831	2210	4
5831	2241	3
5831	2245	4
5831	2247	4
5831	2248	4
5831	2252	3
5831	2257	4
5831	2261	3
5831	2262	4
5831	2264	3
5831	2265	1
5831	2266	4
5831	2272	4
5831	2278	3
5831	2287	4
5831	2289	4
5831	2302	4
5831	2311	4
5831	2312	4
5831	2313	4
5831	2316	3
5831	2322	4
5831	2329	5
5831	2336	4
5831	2341	4
5831	2349	4
5831	2353	3
5831	2359	5
5831	2369	3
5831	2370	4
5831	2373	1
5831	2374	3
5831	2377	3
5831	2380	1
5831	2382	1
5831	2385	2
5831	2390	4
5831	2395	4
5831	2396	5
5831	2399	3
5831	2401	4
5831	2405	3
5831	2407	5
5831	2408	4
5831	2410	3
5831	2411	3
5831	2416	4
5831	2424	4
5831	2429	3
5831	2430	4
5831	2433	4
5831	2456	3
5831	2457	4
5831	2458	1
5831	2459	1
5831	2468	4
5831	2469	3
5831	2471	4
5831	2474	4
5831	2485	3
5831	2501	4
5831	2520	4
5831	2521	3
5831	2526	2
5831	2529	4
5831	2535	3
5831	2539	3
5831	2540	3
5831	2551	4
5831	2558	4
5831	2567	4
5831	2581	4
5831	2583	4
5831	2597	3
5831	2598	3
5831	2609	4
5831	2612	4
5831	2617	3
5831	2629	2
5831	2639	4
5831	2640	4
5831	2642	2
5831	2659	4
5831	2664	4
5831	2672	4
5831	2692	4
5831	2711	4
5831	2712	5
5831	2716	3
5831	2726	4
5831	2733	4
5831	2734	3
5831	2735	3
5831	2739	5
5831	2745	4
5831	2746	4
5831	2748	1
5831	2761	4
5831	2763	3
5831	2764	3
5831	2767	3
5831	2788	4
5831	2794	2
5831	2795	3
5831	2796	4
5831	2798	2
5831	2804	5
5831	2815	3
5831	2816	3
5831	2817	2
5831	2819	4
5831	2822	3
5831	2870	3
5831	2871	4
5831	2874	4
5831	2877	4
5831	2881	4
5831	2889	4
5831	2890	4
5831	2899	4
5831	2908	4
5831	2915	4
5831	2916	4
5831	2917	4
5831	2919	4
5831	2921	4
5831	2928	4
5831	2950	3
5831	2953	2
5831	2971	4
5831	2986	2
5831	2990	3
5831	2993	4
5831	2997	5
5831	3005	4
5831	3006	5
5831	3015	3
5831	3020	4
5831	3022	5
5831	3028	4
5831	3029	4
5831	3033	4
5831	3034	4
5831	3036	4
5831	3037	5
5831	3039	4
5831	3040	4
5831	3044	4
5831	3061	4
5831	3062	4
5831	3068	4
5831	3072	4
5831	3079	4
5831	3102	4
5831	3104	4
5831	3107	4
5831	3114	5
5831	3115	4
5831	3135	4
5831	3145	4
5831	3148	4
5831	3157	2
5831	3159	4
5831	3169	4
5831	3175	3
5831	3196	5
5831	3198	4
5831	3203	4
5831	3213	4
5831	3214	3
5831	3243	4
5831	3244	4
5831	3247	4
5831	3251	4
5831	3252	4
5831	3253	4
5831	3255	4
5831	3256	4
5831	3263	4
5831	3267	4
5831	3269	3
5831	3274	3
5831	3308	4
5831	3317	3
5831	3326	4
5831	3359	4
5831	3362	4
5831	3379	4
5831	3385	3
5831	3388	3
5831	3391	3
5831	3398	4
5831	3401	3
5831	3404	4
5831	3406	4
5831	3418	4
5831	3420	4
5831	3421	4
5831	3424	4
5831	3429	4
5831	3430	3
5831	3438	2
5831	3450	4
5831	3461	4
5831	3471	4
5831	3478	4
5831	3479	4
5831	3489	3
5831	3499	4
5831	3501	5
5831	3505	4
5831	3508	3
5831	3510	4
5831	3515	4
5831	3521	4
5831	3524	4
5831	3527	4
5831	3538	4
5831	3551	5
5831	3552	4
5831	3555	4
5831	3578	4
5831	3584	3
5831	3608	4
5831	3633	4
5831	3635	3
5831	3638	3
5831	3654	4
5831	3669	2
5831	3671	4
5831	3675	4
5831	3684	4
5831	3685	4
5831	3697	2
5831	3698	3
5831	3700	4
5831	3702	4
5831	3703	4
5831	3704	4
5831	3707	3
5831	3708	3
5831	3710	3
5831	3712	3
5831	3732	2
5831	3740	4
5831	3753	3
5831	3758	3
5831	3760	4
5831	3791	3
5831	3792	3
5831	3793	3
5831	3798	4
5831	3807	3
5831	3811	4
5831	3812	3
5831	3816	4
5831	3819	5
5831	3834	4
5831	3836	4
5831	3844	4
5831	3877	2
5831	3882	3
5831	3926	3
5831	3927	4
5831	3937	3
5831	3952	3
5832	17	4
5832	34	4
5832	36	4
5832	80	4
5832	110	3
5832	296	5
5832	300	3
5832	318	5
5832	527	5
5832	571	2
5832	593	4
5832	608	5
5832	635	5
5832	908	4
5832	910	4
5832	1066	5
5832	1094	5
5832	1200	4
5832	1213	2
5832	1234	5
5832	1374	4
5832	1639	4
5832	1900	4
5832	2336	3
5832	2390	2
5832	2396	4
5832	2407	4
5832	2501	5
5832	2804	3
5832	2908	4
5832	3114	4
5832	3148	4
5832	3317	5
5832	3362	4
5832	3527	4
5832	3578	5
5833	34	4
5833	70	2
5833	110	4
5833	111	4
5833	205	4
5833	300	4
5833	318	5
5833	527	5
5833	529	5
5833	590	5
5833	608	4
5833	903	5
5833	968	1
5833	1041	4
5833	1213	3
5833	1230	5
5833	1398	4
5833	1513	4
5833	1617	5
5833	1641	4
5833	1704	4
5833	2289	4
5833	2336	5
5833	2391	5
5833	2396	5
5833	2485	3
5833	2546	5
5833	2581	4
5833	2690	4
5833	2709	3
5833	2734	5
5833	2761	4
5833	2771	4
5833	2846	3
5833	2908	5
5833	3114	4
5833	3148	5
5833	3157	4
5833	3176	4
5833	3203	4
5833	3219	4
5833	3418	3
5839	70	3
5839	110	5
5839	293	5
5839	318	5
5839	527	5
5839	608	4
5839	953	5
5839	1029	4
5839	1198	5
5839	1225	3
5839	1252	4
5839	1265	5
5839	1278	5
5839	1283	4
5839	2023	5
5839	3461	4
5841	17	5
5841	161	2
5841	246	5
5841	296	4
5841	300	3
5841	318	5
5841	339	4
5841	342	5
5841	348	3
5841	357	4
5841	373	5
5841	454	2
5841	480	4
5841	500	5
5841	527	5
5841	532	4
5841	588	5
5841	590	2
5841	593	5
5841	595	4
5841	608	4
5841	720	5
5841	830	3
5841	838	5
5841	888	1
5841	901	4
5841	903	5
5841	908	5
5841	910	5
5841	911	5
5841	931	5
5841	933	5
5841	934	5
5841	942	5
5841	943	5
5841	947	4
5841	1028	5
5841	1029	4
5841	1031	5
5841	1032	4
5841	1057	5
5841	1079	5
5841	1086	5
5841	1092	3
5841	1094	5
5841	1096	3
5841	1135	4
5841	1147	3
5841	1178	4
5841	1198	5
5841	1200	4
5841	1211	5
5841	1214	5
5841	1222	3
5841	1223	5
5841	1230	4
5841	1238	5
5841	1264	5
5841	1265	3
5841	1271	3
5841	1278	5
5841	1288	5
5841	1292	4
5841	1367	5
5841	1393	4
5841	1394	4
5841	1571	5
5841	1580	5
5841	1610	3
5841	1617	4
5841	1641	5
5841	1674	5
5841	1680	5
5841	1690	1
5841	1704	5
5841	1721	5
5841	1747	5
5841	1784	3
5841	1797	5
5841	1947	5
5841	1955	5
5841	1962	5
5841	1994	4
5841	2011	4
5841	2018	5
5841	2078	5
5841	2080	5
5841	2081	5
5841	2100	5
5841	2110	3
5841	2111	4
5841	2177	4
5841	2183	4
5841	2212	4
5841	2245	5
5841	2247	5
5841	2248	5
5841	2249	5
5841	2289	5
5841	2302	4
5841	2336	4
5841	2349	5
5841	2359	5
5841	2369	3
5841	2395	4
5841	2396	5
5841	2405	3
5841	2469	5
5841	2523	3
5841	2529	3
5841	2539	5
5841	2574	4
5841	2640	4
5841	2690	2
5841	2716	5
5841	2746	5
5841	2747	5
5841	2763	2
5841	2764	2
5841	2840	1
5841	2915	5
5841	2916	3
5841	2917	5
5841	2937	5
5841	2950	1
5841	2976	5
5841	2997	5
5841	3006	5
5841	3034	4
5841	3039	3
5841	3044	5
5841	3061	5
5841	3072	5
5841	3079	4
5841	3107	1
5841	3175	5
5841	3244	4
5841	3334	5
5841	3398	5
5841	3418	4
5841	3421	4
5841	3429	5
5841	3445	3
5841	3471	5
5841	3510	4
5841	3524	4
5841	3538	3
5841	3551	5
5841	3552	4
5841	3783	5
5841	3798	3
5841	3855	5
5842	6	3
5842	110	5
5842	457	5
5842	480	5
5842	493	4
5842	707	2
5842	780	4
5842	858	5
5842	969	3
5842	1198	5
5842	1200	4
5842	1201	5
5842	1214	4
5842	1220	3
5842	1222	5
5842	1265	4
5842	1287	4
5842	1374	3
5842	1387	5
5842	1485	4
5842	1610	4
5842	1617	3
5842	1953	5
5842	1954	5
5842	2529	4
5842	2916	3
5842	2993	3
5842	3104	5
5846	105	1
5846	111	4
5846	296	5
5846	318	5
5846	593	4
5846	608	5
5846	1084	4
5846	1136	4
5846	1178	4
5846	1193	5
5846	1204	5
5846	1230	4
5846	1252	4
5846	1276	4
5846	1322	2
5846	1617	4
5846	1704	4
5846	1947	4
5846	1950	5
5846	1953	5
5846	2023	3
5846	2395	4
5846	2598	4
5846	2609	5
5846	2712	4
5846	2716	4
5846	2731	5
5846	2840	3
5846	2997	5
5846	3006	3
5846	3022	5
5846	3175	4
5846	3418	4
5846	3468	4
5853	5	1
5853	151	3
5853	198	4
5853	293	4
5853	357	5
5853	480	3
5853	555	3
5853	780	2
5853	788	1
5853	914	2
5853	915	3
5853	924	5
5853	942	5
5853	968	3
5853	969	3
5853	1088	2
5853	1175	3
5853	1183	4
5853	1199	5
5853	1200	4
5853	1206	5
5853	1214	5
5853	1230	5
5853	1252	5
5853	1265	4
5853	1286	1
5853	1290	2
5853	1357	4
5853	1391	2
5853	1396	2
5853	1408	4
5853	1580	3
5853	1617	5
5853	1674	3
5853	1680	1
5853	1690	2
5853	1783	1
5853	1917	2
5853	1924	4
5853	2009	2
5853	2010	5
5853	2011	3
5853	2012	2
5853	2021	2
5853	2022	4
5853	2100	3
5853	2248	5
5853	2262	1
5853	2287	3
5853	2396	3
5853	2407	2
5853	2469	4
5853	2529	3
5853	2530	2
5853	2532	2
5853	2640	4
5853	2692	5
5853	2752	3
5853	2916	5
5853	2935	5
5853	3033	2
5853	3308	3
5853	3334	5
5853	3471	4
5853	3501	1
5853	3524	3
5853	3590	2
5858	17	4
5858	34	3
5858	110	5
5858	111	5
5858	147	4
5858	235	3
5858	296	5
5858	299	3
5858	318	5
5858	357	4
5858	381	2
5858	389	3
5858	477	3
5858	527	5
5858	535	4
5858	588	4
5858	590	5
5858	595	4
5858	858	5
5858	905	5
5858	909	4
5858	914	3
5858	926	5
5858	934	4
5858	938	2
5858	940	4
5858	952	3
5858	953	4
5858	1028	4
5858	1041	5
5858	1084	4
5858	1104	5
5858	1130	3
5858	1190	2
5858	1198	5
5858	1199	5
5858	1200	5
5858	1204	5
5858	1214	5
5858	1217	5
5858	1222	4
5858	1227	5
5858	1237	5
5858	1252	5
5858	1258	5
5858	1272	4
5858	1277	4
5858	1287	4
5858	1293	5
5858	1387	5
5858	1393	4
5858	1411	4
5858	1610	4
5858	1611	3
5858	1617	5
5858	1641	4
5858	1674	5
5858	1704	4
5858	1729	4
5858	1784	4
5858	1923	3
5858	1954	4
5858	1955	4
5858	1982	3
5858	1994	4
5858	1997	5
5858	2010	5
5858	2011	3
5858	2019	4
5858	2100	1
5858	2125	2
5858	2212	5
5858	2302	4
5858	2313	5
5858	2396	5
5858	2407	4
5858	2474	3
5858	2483	5
5858	2529	3
5858	2640	4
5858	2664	3
5858	2731	5
5858	2739	3
5858	2747	3
5858	2819	4
5858	2826	1
5858	2908	5
5858	2916	4
5858	3037	4
5858	3072	5
5858	3148	5
5858	3198	3
5858	3251	3
5858	3252	3
5858	3255	1
5858	3308	3
5858	3330	5
5858	3405	3
5858	3499	4
5858	3527	4
5858	3546	4
5858	3551	4
5861	10	4
5861	34	4
5861	95	3
5861	246	4
5861	357	4
5861	454	4
5861	494	4
5861	593	2
5861	608	4
5861	858	5
5861	903	4
5861	905	4
5861	908	5
5861	909	4
5861	910	5
5861	911	5
5861	915	3
5861	916	3
5861	924	4
5861	931	5
5861	942	4
5861	945	4
5861	947	5
5861	1003	3
5861	1079	5
5861	1086	4
5861	1230	5
5861	1252	5
5861	1264	4
5861	1276	4
5861	1278	5
5861	1288	5
5861	1573	4
5861	1610	5
5861	1616	3
5861	1617	5
5861	1641	5
5861	1674	5
5861	1683	4
5861	1722	3
5861	1950	4
5861	1953	5
5861	1963	5
5861	1964	3
5861	1994	4
5861	2058	2
5861	2080	3
5861	2110	3
5861	2178	3
5861	2181	3
5861	2184	3
5861	2203	5
5861	2204	4
5861	2208	3
5861	2210	3
5861	2212	3
5861	2248	4
5861	2289	4
5861	2353	2
5861	2396	5
5861	2752	2
5861	2763	3
5861	2764	4
5861	2788	5
5861	2804	5
5861	2819	5
5861	2912	2
5861	2916	3
5861	2917	5
5861	2935	4
5861	2937	4
5861	2967	2
5861	2983	4
5861	2997	4
5861	3015	3
5861	3039	3
5861	3044	3
5861	3072	4
5861	3102	3
5861	3114	5
5861	3157	3
5861	3176	5
5861	3256	4
5861	3334	3
5861	3362	5
5861	3505	5
5861	3527	1
5861	3551	4
5861	3634	3
5861	3685	4
5870	36	3
5870	296	5
5870	318	5
5870	608	5
5870	1060	5
5870	1094	3
5870	1199	4
5870	1206	5
5870	1222	5
5870	1258	5
5870	1288	5
5870	1721	3
5870	1760	1
5870	2011	3
5870	2012	3
5870	2395	5
5870	2501	5
5870	2568	2
5870	2712	3
5870	2997	5
5870	3157	3
5872	6	3
5872	10	4
5872	70	2
5872	89	3
5872	95	2
5872	111	3
5872	145	3
5872	153	2
5872	163	3
5872	173	2
5872	293	4
5872	318	5
5872	379	3
5872	415	3
5872	457	4
5872	459	3
5872	465	4
5872	480	3
5872	494	2
5872	511	3
5872	518	1
5872	529	3
5872	608	3
5872	647	3
5872	736	3
5872	780	3
5872	785	3
5872	786	3
5872	858	5
5872	924	3
5872	1042	3
5872	1222	3
5872	1230	4
5872	1257	4
5872	1265	3
5872	1275	5
5872	1379	4
5872	1387	3
5872	1388	2
5872	1393	3
5872	1432	1
5872	1438	3
5872	1485	4
5872	1562	2
5872	1580	5
5872	1609	3
5872	1610	4
5872	1616	3
5872	1639	4
5872	1687	3
5872	1722	4
5872	1762	2
5872	1833	3
5872	1912	4
5872	1916	4
5872	1917	3
5872	1918	4
5872	1997	4
5872	2001	4
5872	2058	4
5872	2248	3
5872	2278	3
5872	2329	5
5872	2336	4
5872	2353	3
5872	2396	4
5872	2411	1
5872	2433	4
5872	2490	4
5872	2598	4
5872	2617	3
5872	2712	3
5872	2714	4
5872	2716	4
5872	2763	4
5872	2770	3
5872	2772	3
5872	2807	2
5872	2826	5
5872	2881	3
5872	2889	3
5872	2908	2
5872	2912	4
5872	2916	3
5872	2990	3
5872	2997	5
5872	3005	3
5872	3020	3
5872	3037	2
5872	3107	4
5872	3148	3
5872	3175	4
5872	3176	3
5872	3185	1
5872	3253	4
5872	3256	4
5872	3263	3
5872	3267	4
5872	3274	3
5872	3326	4
5872	3418	3
5872	3450	3
5872	3510	3
5872	3527	4
5872	3555	3
5872	3578	4
5872	3646	3
5872	3745	3
5872	3753	2
5872	3793	4
5872	3841	2
5872	3869	4
5874	6	5
5874	10	3
5874	20	4
5874	95	2
5874	110	5
5874	147	5
5874	161	3
5874	163	3
5874	293	5
5874	296	5
5874	321	5
5874	342	4
5874	348	5
5874	357	4
5874	457	5
5874	480	3
5874	527	5
5874	588	4
5874	590	3
5874	593	5
5874	608	4
5874	780	2
5874	858	5
5874	903	4
5874	911	5
5874	915	5
5874	924	5
5874	953	4
5874	969	4
5874	1066	5
5874	1079	4
5874	1084	4
5874	1092	3
5874	1104	5
5874	1176	5
5874	1193	4
5874	1198	4
5874	1200	3
5874	1204	5
5874	1214	5
5874	1222	5
5874	1234	4
5874	1246	5
5874	1258	4
5874	1272	4
5874	1277	4
5874	1293	4
5874	1339	4
5874	1391	4
5874	1393	3
5874	1411	4
5874	1580	4
5874	1609	3
5874	1610	5
5874	1617	5
5874	1641	3
5874	1674	4
5874	1689	3
5874	1690	3
5874	1721	2
5874	1722	3
5874	1729	5
5874	1769	2
5874	1792	4
5874	1834	3
5874	1883	5
5874	1917	3
5874	1918	3
5874	1923	2
5874	1947	4
5874	2001	4
5874	2004	2
5874	2012	2
5874	2018	5
5874	2023	4
5874	2058	4
5874	2100	3
5874	2105	4
5874	2183	5
5874	2193	3
5874	2212	5
5874	2267	3
5874	2311	3
5874	2329	5
5874	2353	4
5874	2380	1
5874	2382	1
5874	2391	3
5874	2395	3
5874	2396	5
5874	2407	3
5874	2408	2
5874	2410	2
5874	2411	2
5874	2433	2
5874	2456	2
5874	2469	4
5874	2474	4
5874	2483	5
5874	2490	3
5874	2501	4
5874	2529	4
5874	2594	5
5874	2617	1
5874	2640	2
5874	2642	2
5874	2712	5
5874	2716	3
5874	2745	5
5874	2763	3
5874	2770	4
5874	2826	2
5874	2908	4
5874	2916	4
5874	2990	3
5874	2997	4
5874	3006	4
5874	3033	1
5874	3148	4
5874	3175	2
5874	3185	4
5874	3256	3
5874	3263	4
5874	3267	3
5874	3418	5
5874	3424	4
5874	3426	4
5874	3471	4
5874	3479	4
5874	3578	3
5874	3654	4
5874	3702	4
5874	3703	4
5874	3744	3
5874	3753	2
5874	3893	2
5874	3894	4
5875	10	3
5875	17	4
5875	34	4
5875	70	5
5875	110	5
5875	153	2
5875	293	5
5875	296	5
5875	318	5
5875	593	5
5875	608	5
5875	720	5
5875	736	1
5875	780	2
5875	786	4
5875	788	2
5875	858	5
5875	924	4
5875	1084	5
5875	1176	5
5875	1198	5
5875	1199	4
5875	1200	4
5875	1204	4
5875	1206	5
5875	1214	5
5875	1225	5
5875	1275	5
5875	1391	4
5875	1393	4
5875	1446	4
5875	1562	2
5875	1573	4
5875	1617	5
5875	1687	4
5875	1690	5
5875	1917	2
5875	2021	3
5875	2023	5
5875	2278	4
5875	2302	3
5875	2311	4
5875	2373	3
5875	2396	5
5875	2617	3
5875	2692	4
5875	2701	2
5875	2712	4
5875	2826	2
5875	2881	3
5875	2916	4
5875	2953	2
5875	2997	5
5875	3053	3
5875	3148	4
5875	3185	3
5875	3354	1
5875	3438	3
5875	3510	3
5875	3527	3
5875	3555	3
5875	3578	4
5875	3784	3
5878	22	1
5878	28	5
5878	34	4
5878	35	1
5878	36	5
5878	83	4
5878	110	4
5878	147	4
5878	151	4
5878	157	3
5878	161	3
5878	170	4
5878	205	5
5878	222	2
5878	235	3
5878	269	3
5878	282	4
5878	293	5
5878	296	2
5878	300	3
5878	303	5
5878	312	5
5878	318	5
5878	333	3
5878	339	5
5878	340	5
5878	348	5
5878	351	3
5878	352	5
5878	372	1
5878	373	5
5878	376	5
5878	381	2
5878	410	5
5878	422	3
5878	454	4
5878	457	4
5878	477	3
5878	497	5
5878	515	5
5878	529	5
5878	538	2
5878	574	1
5878	581	1
5878	587	3
5878	593	4
5878	608	5
5878	671	1
5878	728	5
5878	736	1
5878	782	1
5878	786	4
5878	788	1
5878	798	4
5878	805	3
5878	832	4
5878	837	5
5878	838	4
5878	851	5
5878	901	5
5878	903	5
5878	908	5
5878	915	5
5878	916	5
5878	931	5
5878	934	3
5878	956	4
5878	971	5
5878	986	3
5878	1006	4
5878	1020	4
5878	1041	5
5878	1042	5
5878	1059	3
5878	1060	2
5878	1084	5
5878	1086	5
5878	1131	5
5878	1132	5
5878	1135	3
5878	1136	5
5878	1175	2
5878	1183	1
5878	1190	1
5878	1199	1
5878	1200	3
5878	1214	3
5878	1220	4
5878	1225	3
5878	1226	5
5878	1228	4
5878	1230	4
5878	1242	5
5878	1246	5
5878	1257	5
5878	1258	1
5878	1261	3
5878	1265	4
5878	1275	3
5878	1277	5
5878	1278	4
5878	1290	5
5878	1295	1
5878	1342	1
5878	1357	4
5878	1366	5
5878	1378	5
5878	1379	1
5878	1391	1
5878	1393	4
5878	1394	5
5878	1407	2
5878	1408	4
5878	1411	5
5878	1441	4
5878	1457	1
5878	1466	4
5878	1484	3
5878	1485	3
5878	1487	1
5878	1498	4
5878	1507	5
5878	1513	5
5878	1569	4
5878	1573	4
5878	1616	4
5878	1617	4
5878	1624	4
5878	1633	3
5878	1639	1
5878	1660	5
5878	1674	5
5878	1684	4
5878	1704	4
5878	1721	1
5878	1722	4
5878	1727	3
5878	1769	4
5878	1784	3
5878	1792	4
5878	1804	4
5878	1806	1
5878	1812	5
5878	1834	5
5878	1856	1
5878	1875	2
5878	1888	4
5878	1895	1
5878	1900	5
5878	1914	5
5878	1953	2
5878	1962	5
5878	1967	4
5878	1994	3
5878	2001	3
5878	2012	3
5878	2022	1
5878	2023	4
5878	2077	4
5878	2097	5
5878	2100	2
5878	2104	4
5878	2118	4
5878	2120	5
5878	2125	4
5878	2132	5
5878	2161	5
5878	2183	5
5878	2184	4
5878	2193	5
5878	2203	5
5878	2212	5
5878	2232	1
5878	2248	5
5878	2252	3
5878	2261	5
5878	2278	5
5878	2302	5
5878	2312	1
5878	2336	5
5878	2346	4
5878	2353	4
5878	2359	5
5878	2369	3
5878	2391	5
5878	2395	4
5878	2396	1
5878	2401	3
5878	2433	4
5878	2437	1
5878	2461	1
5878	2501	4
5878	2506	4
5878	2581	5
5878	2583	5
5878	2609	5
5878	2610	5
5878	2617	2
5878	2639	3
5878	2674	1
5878	2690	5
5878	2692	5
5878	2712	1
5878	2734	5
5878	2739	3
5878	2745	5
5878	2746	3
5878	2747	4
5878	2761	5
5878	2763	1
5878	2804	5
5878	2826	4
5878	2842	5
5878	2844	4
5878	2881	4
5878	2890	1
5878	2908	1
5878	2916	3
5878	2995	4
5878	2997	1
5878	3005	3
5878	3019	4
5878	3028	5
5878	3044	4
5878	3051	4
5878	3072	5
5878	3079	5
5878	3090	5
5878	3100	5
5878	3107	3
5878	3112	3
5878	3118	3
5878	3128	5
5878	3135	5
5878	3145	3
5878	3157	4
5878	3175	1
5878	3203	4
5878	3211	3
5878	3247	5
5878	3251	3
5878	3253	4
5878	3255	5
5878	3256	4
5878	3269	1
5878	3299	3
5878	3300	2
5878	3334	5
5878	3359	4
5878	3421	1
5878	3424	4
5878	3477	3
5878	3479	5
5878	3489	3
5878	3499	5
5878	3521	3
5878	3527	3
5878	3546	4
5878	3578	4
5878	3608	5
5878	3679	5
5878	3703	4
5878	3704	3
5878	3753	4
5878	3793	5
5878	3821	1
5878	3830	1
5878	3838	1
5878	3844	3
5878	3893	1
5878	3896	3
5878	3910	5
5881	22	3
5881	52	4
5881	65	2
5881	70	4
5881	89	4
5881	105	3
5881	144	4
5881	161	3
5881	173	3
5881	186	5
5881	198	3
5881	205	4
5881	210	4
5881	231	1
5881	232	4
5881	256	3
5881	276	3
5881	296	5
5881	303	4
5881	307	5
5881	308	5
5881	317	4
5881	318	4
5881	339	4
5881	342	2
5881	351	4
5881	355	2
5881	357	5
5881	371	4
5881	381	3
5881	410	3
5881	433	5
5881	434	3
5881	457	3
5881	467	3
5881	500	5
5881	537	4
5881	587	4
5881	590	3
5881	593	5
5881	605	4
5881	608	4
5881	780	4
5881	784	3
5881	788	5
5881	805	5
5881	836	3
5881	866	4
5881	1094	4
5881	1126	3
5881	1190	4
5881	1213	3
5881	1215	4
5881	1265	5
5881	1271	4
5881	1339	4
5881	1390	3
5881	1393	3
5881	1401	3
5881	1425	2
5881	1485	3
5881	1573	4
5881	1580	4
5881	1610	4
5881	1665	2
5881	1690	5
5881	1703	3
5881	1704	4
5881	1721	3
5881	1722	4
5881	1727	3
5881	1731	1
5881	1779	3
5881	1784	5
5881	1833	4
5881	1835	4
5881	1888	4
5881	1892	3
5881	1917	4
5881	1923	4
5881	2012	4
5881	2046	4
5881	2053	4
5881	2120	3
5881	2125	4
5881	2147	3
5881	2252	4
5881	2265	3
5881	2266	4
5881	2272	4
5881	2302	5
5881	2316	4
5881	2320	3
5881	2359	5
5881	2385	3
5881	2391	3
5881	2396	3
5881	2424	4
5881	2433	4
5881	2490	3
5881	2501	5
5881	2506	5
5881	2539	4
5881	2546	4
5881	2558	2
5881	2574	1
5881	2581	4
5881	2629	3
5881	2701	3
5881	2716	4
5881	2763	3
5881	2798	2
5881	2822	2
5881	2829	3
5881	2881	4
5881	2916	5
5881	2953	2
5881	3020	2
5881	3100	3
5881	3107	3
5881	3148	4
5881	3176	2
5881	3203	3
5881	3243	1
5881	3247	5
5881	3253	4
5881	3255	5
5881	3256	3
5881	3269	3
5881	3409	3
5881	3418	3
5881	3425	3
5881	3450	5
5881	3489	3
5881	3524	2
5881	3555	4
5898	527	4
5898	866	4
5898	1041	3
5898	1277	3
5898	1513	4
5898	2011	3
5898	2336	4
5898	2396	4
5898	2580	5
5898	2712	4
5898	2716	4
5898	2763	3
5898	2997	4
5898	3072	5
5898	3176	4
5902	17	3
5902	28	4
5902	357	3
5902	515	5
5902	527	5
5902	588	2
5902	593	4
5902	838	3
5902	907	4
5902	908	4
5902	914	4
5902	918	5
5902	924	4
5902	938	2
5902	945	4
5902	969	5
5902	1078	3
5902	1086	4
5902	1183	3
5902	1200	2
5902	1220	4
5902	1230	5
5902	1252	5
5902	1265	5
5902	1283	5
5902	1542	3
5902	1617	4
5902	1641	3
5902	1683	3
5902	1684	5
5902	2078	2
5902	2080	3
5902	2396	3
5902	2690	1
5902	2971	4
5902	3203	2
5902	3545	4
5904	410	2
5904	500	4
5904	1617	3
5904	2474	3
5904	2712	4
5904	2997	5
5904	3552	3
5913	34	5
5913	105	3
5913	110	5
5913	235	2
5913	293	5
5913	318	5
5913	362	5
5913	454	4
5913	457	4
5913	497	3
5913	527	5
5913	529	5
5913	555	5
5913	588	5
5913	593	5
5913	595	5
5913	608	5
5913	628	4
5913	1213	5
5913	1393	3
5913	1466	4
5913	1487	4
5913	1617	5
5913	1639	4
5913	1660	1
5913	1673	5
5913	1721	5
5913	1747	3
5913	1923	3
5913	2125	3
5913	2282	5
5913	2395	3
5913	2396	3
5913	2583	1
5913	2692	4
5913	2772	3
5913	2997	4
5913	3476	4
5913	3499	4
5913	3608	4
5921	110	3
5921	296	5
5921	527	1
5921	590	5
5921	593	3
5921	858	4
5921	1198	4
5921	1200	3
5921	1201	2
5921	1213	3
5921	1214	3
5921	1258	5
5921	1265	4
5921	1387	4
5921	1617	2
5921	1997	4
5921	2100	4
5921	2396	1
5921	2712	4
5921	2716	4
5925	34	4
5925	158	3
5925	262	4
5925	296	4
5925	329	2
5925	348	4
5925	357	3
5925	362	5
5925	480	5
5925	538	3
5925	588	4
5925	595	4
5925	608	4
5925	780	2
5925	783	2
5925	858	3
5925	918	4
5925	924	3
5925	938	2
5925	1028	4
5925	1029	3
5925	1031	4
5925	1032	4
5925	1041	5
5925	1079	2
5925	1104	4
5925	1198	3
5925	1200	4
5925	1211	4
5925	1220	4
5925	1225	5
5925	1230	4
5925	1242	4
5925	1252	5
5925	1264	5
5925	1288	5
5925	1367	3
5925	1394	4
5925	1513	3
5925	1535	4
5925	1566	3
5925	1580	4
5925	1633	3
5925	1704	5
5925	1947	4
5925	1955	4
5925	1962	4
5925	2011	4
5925	2012	4
5925	2018	4
5925	2053	3
5925	2078	5
5925	2080	4
5925	2081	4
5925	2100	3
5925	2112	3
5925	2203	5
5925	2248	4
5925	2289	2
5925	2302	4
5925	2311	3
5925	2407	3
5925	2433	3
5925	2640	4
5925	2716	4
5925	2731	4
5925	2746	5
5925	2747	5
5925	2752	2
5925	2916	4
5925	2950	2
5925	3036	4
5925	3072	5
5925	3203	3
5925	3247	3
5925	3329	5
5925	3359	4
5925	3418	5
5925	3421	4
5925	3424	4
5925	3471	4
5925	3489	3
5925	3545	5
5925	3546	5
5925	3547	4
5926	110	5
5926	329	4
5926	457	4
5926	480	5
5926	494	4
5926	736	3
5926	858	3
5926	940	3
5926	969	5
5926	1198	4
5926	1201	3
5926	1214	3
5926	1275	3
5926	1287	4
5926	1356	4
5926	1374	4
5926	1387	4
5926	1408	5
5926	1610	5
5926	1721	3
5926	1953	3
5926	2001	4
5926	2058	3
5926	2365	3
5926	2815	4
5926	3062	3
5926	3256	4
5926	3527	3
5932	122	3
5932	457	4
5932	480	4
5932	493	3
5932	780	2
5932	1277	4
5932	1379	1
5932	1617	2
5932	1912	3
5932	2916	4
5932	3256	2
5932	3267	5
5932	3418	3
5936	34	5
5936	110	5
5936	296	4
5936	318	5
5936	527	5
5936	593	5
5936	608	5
5936	858	5
5936	1136	5
5936	1198	5
5936	1200	5
5936	1214	5
5936	1225	3
5936	1242	3
5936	1272	4
5936	1278	5
5936	1387	5
5936	1783	4
5936	2871	5
5940	1721	3
5940	2336	3
5940	2390	4
5940	2395	1
5940	2396	4
5940	2433	3
5940	2485	3
5940	2490	3
5940	2546	3
5940	2568	2
5940	2598	3
5940	2600	4
5940	2690	3
5940	2701	3
5940	2719	3
5940	2722	3
5940	2763	2
5940	2770	2
5940	2826	2
5940	2881	4
5940	3005	4
5940	3203	4
5940	3505	4
5941	293	4
5941	457	3
5941	593	5
5941	608	3
5941	903	4
5941	908	3
5941	931	3
5941	1563	4
5941	1617	5
5941	1674	4
5941	2081	3
5941	2203	3
5941	2208	5
5941	2493	5
5941	2649	4
5941	3133	5
5941	3219	2
5946	84	2
5946	105	5
5946	222	4
5946	299	4
5946	339	3
5946	351	4
5946	357	4
5946	457	5
5946	480	3
5946	497	4
5946	500	4
5946	858	2
5946	969	5
5946	1057	3
5946	1094	4
5946	1242	5
5946	1265	4
5946	1357	5
5946	1393	1
5946	1569	3
5946	1641	5
5946	1680	5
5946	1684	4
5946	1784	4
5946	1883	1
5946	1888	3
5946	1914	3
5946	2125	4
5946	2359	5
5946	2396	5
5946	2424	4
5946	2433	4
5946	2434	3
5946	2546	3
5946	2690	5
5946	2716	4
5946	2763	5
5946	3005	4
5946	3053	5
5946	3255	5
5946	3418	3
5946	3436	4
5949	6	5
5949	22	4
5949	34	5
5949	70	1
5949	110	4
5949	111	5
5949	198	2
5949	293	4
5949	296	5
5949	318	5
5949	371	3
5949	434	1
5949	441	5
5949	457	5
5949	527	5
5949	532	5
5949	555	5
5949	588	5
5949	593	5
5949	608	5
5949	628	3
5949	785	4
5949	866	5
5949	1020	1
5949	1034	4
5949	1060	5
5949	1193	5
5949	1213	5
5949	1214	4
5949	1215	5
5949	1271	5
5949	1352	3
5949	1393	3
5949	1407	5
5949	1466	3
5949	1580	1
5949	1617	5
5949	1639	4
5949	1641	2
5949	1671	3
5949	1673	5
5949	1704	4
5949	1729	4
5949	1747	3
5949	1923	4
5949	1967	3
5949	2010	3
5949	2125	3
5949	2159	2
5949	2188	3
5949	2278	5
5949	2282	5
5949	2318	5
5949	2329	5
5949	2336	4
5949	2391	3
5949	2395	3
5949	2568	1
5949	2580	1
5949	2581	3
5949	2598	2
5949	2692	5
5949	2712	3
5949	2722	1
5949	2769	2
5949	2772	4
5949	2804	5
5949	2826	1
5949	2840	1
5949	2908	5
5949	2976	3
5949	2997	5
5949	3006	2
5949	3019	5
5949	3146	3
5949	3148	4
5949	3176	2
5949	3185	1
5949	3253	4
5949	3255	4
5949	3317	5
5949	3418	5
5949	3476	3
5949	3499	4
5949	3555	1
5949	3578	2
5949	3858	4
5953	10	4
5953	34	3
5953	457	5
5953	480	4
5953	497	3
5953	529	4
5953	558	2
5953	588	4
5953	593	4
5953	610	3
5953	671	4
5953	720	5
5953	741	5
5953	780	4
5953	924	5
5953	1193	4
5953	1199	4
5953	1223	5
5953	1237	4
5953	1356	4
5953	1372	4
5953	1391	3
5953	1396	4
5953	1411	5
5953	1580	4
5953	1722	4
5953	1779	2
5953	1845	5
5953	2012	2
5953	2019	5
5953	2396	5
5953	2501	3
5953	2600	4
5953	2692	5
5953	2761	4
5953	2997	5
5953	3033	5
5953	3114	5
5953	3429	5
5953	3471	4
5953	3476	4
5954	10	3
5954	17	4
5954	19	1
5954	26	4
5954	41	5
5954	42	5
5954	44	1
5954	65	1
5954	70	4
5954	76	5
5954	89	3
5954	95	4
5954	105	3
5954	110	5
5954	151	5
5954	153	1
5954	158	4
5954	170	4
5954	173	2
5954	181	1
5954	198	5
5954	216	1
5954	235	5
5954	277	1
5954	293	5
5954	296	5
5954	300	4
5954	307	5
5954	318	5
5954	329	2
5954	330	2
5954	333	1
5954	340	5
5954	348	3
5954	355	1
5954	357	4
5954	362	5
5954	373	5
5954	379	4
5954	386	1
5954	410	3
5954	415	2
5954	427	2
5954	454	2
5954	457	3
5954	458	3
5954	466	3
5954	480	5
5954	497	5
5954	500	1
5954	512	3
5954	515	4
5954	518	4
5954	527	5
5954	532	5
5954	546	1
5954	565	4
5954	587	2
5954	588	5
5954	590	5
5954	593	5
5954	595	5
5954	608	5
5954	610	3
5954	631	1
5954	647	4
5954	653	3
5954	720	4
5954	735	4
5954	736	1
5954	780	5
5954	783	1
5954	784	1
5954	785	4
5954	788	3
5954	837	3
5954	858	5
5954	880	3
5954	891	1
5954	901	1
5954	903	5
5954	905	4
5954	908	5
5954	910	5
5954	911	5
5954	914	3
5954	916	3
5954	918	5
5954	922	1
5954	924	2
5954	926	3
5954	932	3
5954	933	5
5954	938	1
5954	940	1
5954	942	3
5954	943	4
5954	945	4
5954	948	5
5954	952	5
5954	953	5
5954	960	5
5954	968	5
5954	969	5
5954	971	2
5954	1008	1
5954	1013	1
5954	1017	1
5954	1019	5
5954	1020	3
5954	1024	3
5954	1025	3
5954	1028	5
5954	1029	5
5954	1030	3
5954	1031	4
5954	1032	5
5954	1041	4
5954	1064	3
5954	1078	3
5954	1079	5
5954	1084	5
5954	1086	5
5954	1088	1
5954	1094	5
5954	1104	3
5954	1126	3
5954	1130	5
5954	1131	5
5954	1132	5
5954	1135	1
5954	1136	5
5954	1150	4
5954	1171	5
5954	1183	4
5954	1189	5
5954	1190	1
5954	1193	5
5954	1198	4
5954	1199	5
5954	1200	5
5954	1201	5
5954	1204	5
5954	1206	5
5954	1213	5
5954	1214	5
5954	1215	5
5954	1217	5
5954	1220	5
5954	1222	5
5954	1225	5
5954	1228	3
5954	1230	4
5954	1234	5
5954	1237	5
5954	1242	5
5954	1246	5
5954	1252	5
5954	1258	5
5954	1261	5
5954	1265	3
5954	1272	5
5954	1275	5
5954	1276	5
5954	1278	5
5954	1283	4
5954	1286	1
5954	1287	1
5954	1288	5
5954	1292	5
5954	1293	5
5954	1329	1
5954	1333	2
5954	1339	1
5954	1340	4
5954	1341	3
5954	1342	4
5954	1346	5
5954	1347	5
5954	1356	3
5954	1372	3
5954	1373	4
5954	1374	5
5954	1378	4
5954	1379	1
5954	1387	5
5954	1388	1
5954	1390	4
5954	1391	1
5954	1394	5
5954	1396	4
5954	1407	1
5954	1408	5
5954	1419	5
5954	1425	4
5954	1431	1
5954	1438	1
5954	1441	4
5954	1465	5
5954	1466	5
5954	1485	1
5954	1488	1
5954	1499	3
5954	1562	1
5954	1566	4
5954	1573	1
5954	1580	5
5954	1590	5
5954	1595	1
5954	1610	5
5954	1611	4
5954	1612	4
5954	1616	4
5954	1617	5
5954	1641	5
5954	1646	4
5954	1655	4
5954	1660	5
5954	1673	1
5954	1674	5
5954	1690	3
5954	1702	2
5954	1704	3
5954	1722	3
5954	1727	3
5954	1729	5
5954	1747	4
5954	1762	5
5954	1772	1
5954	1779	2
5954	1804	4
5954	1845	5
5954	1862	1
5954	1882	4
5954	1883	4
5954	1918	3
5954	1920	5
5954	1924	5
5954	1931	4
5954	1935	2
5954	1947	3
5954	1949	4
5954	1950	5
5954	1953	5
5954	1954	2
5954	1955	4
5954	1957	4
5954	1962	5
5954	1964	5
5954	1967	5
5954	1970	1
5954	1972	1
5954	1973	1
5954	1974	1
5954	1975	1
5954	1979	1
5954	1982	5
5954	1984	5
5954	1986	1
5954	1988	3
5954	1992	1
5954	1993	1
5954	1994	4
5954	1995	1
5954	1997	4
5954	1998	1
5954	2001	3
5954	2004	3
5954	2009	4
5954	2010	5
5954	2011	3
5954	2012	3
5954	2015	3
5954	2018	4
5954	2019	5
5954	2021	3
5954	2022	5
5954	2023	3
5954	2035	2
5954	2037	4
5954	2038	3
5954	2046	4
5954	2050	2
5954	2053	1
5954	2057	4
5954	2058	5
5954	2078	5
5954	2080	5
5954	2081	4
5954	2097	5
5954	2100	3
5954	2102	1
5954	2105	3
5954	2110	5
5954	2118	5
5954	2120	3
5954	2121	1
5954	2122	1
5954	2123	2
5954	2132	5
5954	2138	5
5954	2142	1
5954	2143	1
5954	2146	3
5954	2149	1
5954	2151	1
5954	2153	4
5954	2159	1
5954	2161	4
5954	2193	4
5954	2205	4
5954	2241	2
5954	2245	2
5954	2262	2
5954	2264	2
5954	2266	2
5954	2278	3
5954	2287	3
5954	2302	3
5954	2311	3
5954	2312	5
5954	2313	5
5954	2315	3
5954	2320	4
5954	2329	5
5954	2336	3
5954	2346	3
5954	2353	5
5954	2359	4
5954	2362	3
5954	2365	3
5954	2368	1
5954	2369	1
5954	2373	2
5954	2374	1
5954	2377	3
5954	2397	4
5954	2401	4
5954	2405	3
5954	2407	3
5954	2410	1
5954	2411	1
5954	2456	1
5954	2459	4
5954	2462	3
5954	2468	3
5954	2469	3
5954	2471	3
5954	2520	3
5954	2529	4
5954	2530	3
5954	2531	3
5954	2532	3
5954	2533	4
5954	2551	5
5954	2554	3
5954	2589	1
5954	2617	3
5954	2640	4
5954	2642	2
5954	2646	3
5954	2647	3
5954	2649	3
5954	2651	1
5954	2655	1
5954	2664	5
5954	2672	3
5954	2716	4
5954	2735	5
5954	2746	5
5954	2747	5
5954	2748	2
5954	2764	5
5954	2781	4
5954	2784	4
5954	2788	3
5954	2793	1
5954	2794	1
5954	2796	4
5954	2804	5
5954	2815	1
5954	2816	1
5954	2817	1
5954	2846	5
5954	2862	1
5954	2866	3
5954	2868	4
5954	2871	4
5954	2877	1
5954	2899	2
5954	2903	3
5954	2915	1
5954	2916	5
5954	2919	5
5954	2921	5
5954	2932	3
5954	2950	1
5954	2951	4
5954	2953	1
5954	2971	5
5954	2982	1
5954	2983	5
5954	2986	1
5954	2990	3
5954	2992	5
5954	2993	3
5954	3013	1
5954	3015	3
5954	3017	3
5954	3021	3
5954	3033	2
5954	3034	5
5954	3037	5
5954	3039	4
5954	3040	1
5954	3044	3
5954	3061	4
5954	3072	4
5954	3093	3
5954	3104	3
5954	3135	5
5954	3141	3
5954	3169	4
5954	3198	4
5954	3203	1
5954	3217	4
5954	3247	4
5954	3251	4
5954	3252	1
5954	3255	4
5954	3256	2
5954	3263	1
5954	3274	1
5954	3284	5
5954	3330	3
5954	3334	5
5954	3340	4
5954	3359	4
5954	3362	5
5954	3367	3
5954	3385	2
5954	3388	3
5954	3390	1
5954	3401	1
5954	3404	1
5954	3418	5
5954	3421	4
5954	3424	5
5954	3426	4
5954	3430	1
5954	3432	1
5954	3438	3
5954	3444	4
5954	3445	3
5954	3447	4
5954	3461	4
5954	3468	4
5954	3471	3
5954	3476	3
5954	3478	4
5954	3479	5
5954	3489	3
5954	3499	4
5954	3505	3
5954	3508	4
5954	3524	5
5954	3527	4
5954	3545	5
5954	3547	4
5954	3552	4
5954	3584	2
5954	3602	1
5954	3608	5
5957	10	3
5957	34	5
5957	44	3
5957	110	4
5957	111	4
5957	153	1
5957	170	2
5957	173	3
5957	180	4
5957	198	4
5957	231	2
5957	317	3
5957	329	3
5957	339	3
5957	419	2
5957	466	3
5957	480	4
5957	497	4
5957	527	5
5957	529	4
5957	533	3
5957	587	3
5957	588	3
5957	590	3
5957	593	4
5957	595	3
5957	610	3
5957	653	1
5957	671	5
5957	741	5
5957	780	2
5957	810	1
5957	830	3
5957	842	1
5957	849	1
5957	924	4
5957	969	4
5957	1025	3
5957	1032	3
5957	1060	3
5957	1126	3
5957	1136	4
5957	1200	4
5957	1206	4
5957	1214	5
5957	1215	5
5957	1217	5
5957	1220	4
5957	1223	3
5957	1258	5
5957	1261	5
5957	1275	5
5957	1278	4
5957	1339	4
5957	1356	3
5957	1485	3
5957	1562	1
5957	1573	5
5957	1580	4
5957	1590	4
5957	1617	5
5957	1641	4
5957	1690	2
5957	1729	5
5957	1739	1
5957	1769	5
5957	1882	3
5957	1918	4
5957	1967	3
5957	1973	3
5957	1997	4
5957	2012	3
5957	2019	5
5957	2021	4
5957	2041	4
5957	2046	3
5957	2072	4
5957	2081	3
5957	2083	4
5957	2105	3
5957	2143	4
5957	2161	4
5957	2193	3
5957	2195	4
5957	2396	4
5957	2506	3
5957	2640	4
5957	2692	4
5957	2716	4
5957	2810	5
5957	2826	4
5957	2916	3
5957	2997	5
5957	3033	3
5957	3034	3
5957	3104	3
5957	3157	2
5957	3213	4
5957	3243	3
5957	3253	4
5957	3255	3
5957	3269	2
5957	3300	5
5957	3398	4
5957	3429	3
5957	3438	5
5957	3477	2
5957	3479	3
5957	3489	4
5957	3527	3
5962	110	5
5962	111	3
5962	246	3
5962	296	5
5962	587	4
5962	608	5
5962	858	5
5962	934	4
5962	1193	5
5962	1198	4
5962	1213	5
5962	1225	5
5962	1394	3
5962	3006	5
5962	3068	4
5962	3359	5
5964	5	3
5964	19	2
5964	22	4
5964	34	5
5964	36	5
5964	44	3
5964	52	4
5964	63	4
5964	65	3
5964	70	3
5964	95	4
5964	111	5
5964	157	3
5964	158	2
5964	163	3
5964	170	3
5964	173	2
5964	180	4
5964	198	4
5964	231	2
5964	235	5
5964	282	2
5964	296	5
5964	297	4
5964	318	5
5964	333	4
5964	372	2
5964	373	4
5964	410	4
5964	429	4
5964	441	3
5964	454	3
5964	457	4
5964	466	3
5964	479	2
5964	480	3
5964	493	5
5964	494	1
5964	500	3
5964	527	4
5964	538	5
5964	555	5
5964	574	4
5964	581	5
5964	587	2
5964	588	3
5964	590	2
5964	593	5
5964	608	5
5964	610	3
5964	697	3
5964	736	2
5964	766	5
5964	780	1
5964	784	4
5964	785	2
5964	786	1
5964	832	2
5964	849	3
5964	903	5
5964	908	4
5964	910	5
5964	924	5
5964	953	5
5964	1025	3
5964	1028	5
5964	1029	5
5964	1030	5
5964	1032	5
5964	1034	5
5964	1079	5
5964	1091	3
5964	1094	5
5964	1104	5
5964	1112	4
5964	1136	5
5964	1175	5
5964	1193	5
5964	1198	5
5964	1200	5
5964	1206	5
5964	1213	5
5964	1214	5
5964	1215	5
5964	1222	5
5964	1225	5
5964	1228	5
5964	1242	5
5964	1246	5
5964	1257	5
5964	1258	5
5964	1261	4
5964	1265	4
5964	1276	5
5964	1277	5
5964	1293	5
5964	1310	5
5964	1339	4
5964	1387	5
5964	1388	3
5964	1391	4
5964	1393	1
5964	1394	5
5964	1407	4
5964	1431	2
5964	1449	4
5964	1499	4
5964	1563	4
5964	1573	4
5964	1580	3
5964	1610	2
5964	1611	5
5964	1617	5
5964	1673	3
5964	1699	5
5964	1729	4
5964	1743	5
5964	1747	4
5964	1760	5
5964	1769	4
5964	1779	2
5964	1784	5
5964	1806	4
5964	1827	5
5964	1845	4
5964	1856	4
5964	1882	3
5964	1912	5
5964	1916	5
5964	1920	4
5964	1923	4
5964	1947	3
5964	1954	4
5964	1955	4
5964	1962	5
5964	1967	4
5964	2004	3
5964	2011	3
5964	2012	3
5964	2018	3
5964	2022	4
5964	2072	2
5964	2080	3
5964	2081	2
5964	2083	5
5964	2100	4
5964	2111	4
5964	2112	3
5964	2123	3
5964	2159	4
5964	2161	5
5964	2193	4
5964	2249	4
5964	2261	4
5964	2265	4
5964	2282	5
5964	2302	3
5964	2329	4
5964	2353	2
5964	2356	4
5964	2369	4
5964	2370	4
5964	2374	2
5964	2380	2
5964	2389	4
5964	2391	5
5964	2395	5
5964	2396	5
5964	2405	4
5964	2410	2
5964	2411	2
5964	2416	3
5964	2424	2
5964	2435	1
5964	2440	4
5964	2469	3
5964	2500	3
5964	2539	3
5964	2551	5
5964	2567	1
5964	2568	1
5964	2580	3
5964	2581	2
5964	2600	5
5964	2617	4
5964	2640	4
5964	2642	2
5964	2672	3
5964	2692	5
5964	2701	2
5964	2712	3
5964	2716	5
5964	2719	1
5964	2722	4
5964	2734	3
5964	2735	4
5964	2746	5
5964	2770	4
5964	2793	2
5964	2794	4
5964	2795	4
5964	2804	5
5964	2840	4
5964	2844	4
5964	2908	5
5964	2916	3
5964	2967	3
5964	2976	4
5964	2986	2
5964	2997	5
5964	3006	4
5964	3020	4
5964	3033	4
5964	3034	5
5964	3040	4
5964	3053	2
5964	3104	4
5964	3114	5
5964	3145	5
5964	3148	5
5964	3157	5
5964	3159	1
5964	3175	4
5964	3176	4
5964	3178	4
5964	3243	3
5964	3252	4
5964	3253	5
5964	3267	4
5964	3272	4
5964	3300	2
5964	3317	4
5964	3388	3
5964	3391	2
5964	3398	5
5964	3401	3
5964	3409	2
5964	3424	5
5964	3429	5
5964	3438	3
5964	3450	2
5964	3461	5
5964	3471	5
5964	3478	4
5964	3489	1
5964	3495	5
5964	3499	3
5964	3524	4
5964	3527	3
5964	3544	4
5964	3552	4
5964	3596	1
5966	17	4
5966	36	5
5966	235	2
5966	246	4
5966	296	5
5966	318	3
5966	497	5
5966	538	4
5966	590	2
5966	593	4
5966	838	3
5966	1041	2
5966	1051	4
5966	1060	3
5966	1094	3
5966	1213	4
5966	1357	3
5966	1393	2
5966	1617	2
5966	1704	3
5966	1729	2
5966	1747	3
5966	1914	3
5966	2329	4
5966	2336	3
5966	2396	5
5966	2997	5
5966	3072	4
5966	3100	2
5966	3176	4
5966	3252	2
5966	3418	3
5968	858	5
5968	969	5
5968	1132	4
5968	1201	5
5968	1214	5
5968	1242	5
5968	1287	5
5968	1387	5
5968	1953	5
5968	2019	5
5968	2468	3
5968	2726	4
5968	2905	5
5968	3072	5
5968	3317	4
5968	3406	5
5975	34	3
5975	318	5
5975	457	4
5975	480	4
5975	527	5
5975	588	5
5975	590	5
5975	593	4
5975	1193	5
5975	1198	4
5975	1200	3
5975	1246	5
5975	1293	3
5975	1674	4
5975	2060	1
5975	2078	5
5975	2081	5
5975	2353	4
5975	2391	4
5975	2795	3
5975	2804	5
5975	2916	2
5975	3114	5
5975	3176	3
5975	3471	4
5978	10	3
5978	44	1
5978	95	2
5978	111	4
5978	153	1
5978	158	2
5978	181	2
5978	246	5
5978	318	5
5978	355	2
5978	362	5
5978	457	4
5978	465	3
5978	466	1
5978	480	3
5978	513	2
5978	527	5
5978	546	1
5978	577	2
5978	588	5
5978	590	5
5978	593	4
5978	595	5
5978	647	3
5978	653	4
5978	736	3
5978	780	2
5978	837	3
5978	849	1
5978	858	3
5978	903	4
5978	908	5
5978	914	2
5978	916	4
5978	924	3
5978	940	4
5978	953	5
5978	969	5
5978	986	3
5978	1013	5
5978	1014	2
5978	1015	3
5978	1017	4
5978	1019	5
5978	1024	4
5978	1025	3
5978	1028	5
5978	1029	4
5978	1030	2
5978	1031	3
5978	1032	3
5978	1083	2
5978	1094	4
5978	1136	1
5978	1183	4
5978	1184	3
5978	1193	5
5978	1198	5
5978	1199	4
5978	1200	4
5978	1201	5
5978	1204	5
5978	1206	1
5978	1214	3
5978	1217	4
5978	1222	3
5978	1225	2
5978	1230	2
5978	1234	5
5978	1252	3
5978	1261	1
5978	1272	5
5978	1275	3
5978	1276	4
5978	1278	4
5978	1287	5
5978	1293	3
5978	1333	2
5978	1367	4
5978	1373	1
5978	1382	2
5978	1387	2
5978	1445	2
5978	1499	1
5978	1566	2
5978	1592	2
5978	1610	5
5978	1661	3
5978	1674	4
5978	1792	3
5978	1806	3
5978	1920	2
5978	1927	4
5978	1950	5
5978	1953	4
5978	1954	3
5978	1955	3
5978	1997	1
5978	2012	3
5978	2015	5
5978	2018	5
5978	2019	5
5978	2032	5
5978	2038	2
5978	2041	1
5978	2046	3
5978	2050	1
5978	2059	3
5978	2077	1
5978	2078	5
5978	2080	4
5978	2081	5
5978	2083	3
5978	2093	2
5978	2095	2
5978	2097	4
5978	2102	5
5978	2105	1
5978	2123	1
5978	2138	3
5978	2142	2
5978	2161	2
5978	2193	2
5978	2278	4
5978	2311	2
5978	2349	3
5978	2529	1
5978	2617	1
5978	2640	1
5978	2642	1
5978	2664	5
5978	2670	4
5978	2701	1
5978	2709	2
5978	2716	3
5978	2748	1
5978	2819	3
5978	2826	1
5978	2871	3
5978	2890	5
5978	2916	4
5978	2919	4
5978	2921	2
5978	2951	3
5978	2953	3
5978	2971	1
5978	2972	5
5978	2990	3
5978	3015	2
5978	3028	5
5978	3034	5
5978	3135	3
5978	3157	4
5978	3196	5
5978	3198	5
5978	3256	5
5978	3345	3
5978	3359	3
5978	3362	5
5978	3461	2
5978	3467	4
5978	3468	4
5978	3471	4
5978	3476	5
5978	3489	2
5978	3505	4
5978	3508	3
5978	3527	1
5978	3545	3
5978	3551	2
5978	3633	2
5978	3635	3
5978	3638	2
5978	3654	4
5978	3672	2
5978	3704	1
5978	3710	1
5978	3728	5
5978	3754	3
5978	3811	5
5978	3836	4
5978	3841	2
5979	111	5
5979	410	3
5979	1794	4
5979	1924	3
5979	1950	4
5979	2362	3
5979	2712	1
5979	3033	3
5979	3330	5
5979	3334	4
5979	3521	3
5980	34	3
5980	246	4
5980	300	3
5980	357	4
5980	480	4
5980	527	5
5980	588	4
5980	590	2
5980	593	5
5980	595	3
5980	608	5
5980	720	4
5980	858	5
5980	903	4
5980	905	4
5980	908	5
5980	909	3
5980	933	4
5980	945	4
5980	947	4
5980	952	4
5980	953	3
5980	969	4
5980	971	4
5980	982	4
5980	1032	5
5980	1079	4
5980	1183	4
5980	1193	3
5980	1200	4
5980	1204	4
5980	1206	4
5980	1214	5
5980	1220	4
5980	1230	1
5980	1234	5
5980	1252	5
5980	1272	3
5980	1275	2
5980	1277	4
5980	1278	5
5980	1283	4
5980	1292	5
5980	1293	3
5980	1333	4
5980	1340	4
5980	1374	5
5980	1387	2
5980	1580	5
5980	1610	4
5980	1674	3
5980	1927	5
5980	1931	4
5980	1932	3
5980	1933	3
5980	1949	4
5980	1953	5
5980	1957	3
5980	1997	2
5980	2009	1
5980	2010	4
5980	2018	3
5980	2019	5
5980	2080	4
5980	2102	3
5980	2130	2
5980	2132	3
5980	2202	3
5980	2212	3
5980	2302	5
5980	2670	4
5980	2739	3
5980	2916	3
5980	2922	3
5980	2951	2
5980	2993	4
5980	3037	5
5980	3039	2
5980	3061	4
5980	3072	3
5980	3104	2
5980	3110	3
5980	3114	3
5980	3175	4
5980	3196	3
5980	3252	4
5980	3253	1
5980	3334	4
5980	3362	2
5980	3365	5
5980	3379	3
5980	3447	4
5980	3461	3
5980	3467	2
5980	3468	4
5980	3475	5
5980	3479	2
5980	3508	4
5980	3551	3
5980	3552	4
5981	34	5
5981	111	3
5981	144	4
5981	145	2
5981	161	3
5981	232	3
5981	246	5
5981	357	3
5981	480	2
5981	500	3
5981	573	4
5981	587	2
5981	590	4
5981	595	5
5981	608	4
5981	668	5
5981	681	4
5981	720	5
5981	830	2
5981	858	4
5981	903	5
5981	908	5
5981	909	4
5981	915	2
5981	924	5
5981	931	5
5981	934	3
5981	952	4
5981	969	5
5981	970	4
5981	1020	2
5981	1028	3
5981	1064	3
5981	1078	5
5981	1079	1
5981	1086	3
5981	1094	4
5981	1104	4
5981	1131	5
5981	1132	5
5981	1135	2
5981	1136	2
5981	1178	5
5981	1190	3
5981	1193	4
5981	1201	2
5981	1217	5
5981	1225	3
5981	1230	5
5981	1234	5
5981	1238	5
5981	1242	4
5981	1246	3
5981	1251	2
5981	1264	4
5981	1272	4
5981	1277	4
5981	1283	4
5981	1287	3
5981	1293	4
5981	1297	3
5981	1333	3
5981	1393	2
5981	1610	3
5981	1641	4
5981	1840	4
5981	1927	5
5981	1935	5
5981	1950	5
5981	1953	5
5981	1954	3
5981	1957	3
5981	1962	4
5981	1963	4
5981	1964	3
5981	1997	2
5981	2009	1
5981	2019	5
5981	2023	3
5981	2078	4
5981	2105	3
5981	2110	3
5981	2183	5
5981	2184	3
5981	2202	5
5981	2204	4
5981	2208	5
5981	2210	4
5981	2212	4
5981	2245	2
5981	2289	4
5981	2405	3
5981	2407	4
5981	2469	2
5981	2512	4
5981	2529	1
5981	2640	3
5981	2670	4
5981	2716	2
5981	2731	5
5981	2732	3
5981	2746	2
5981	2819	4
5981	2846	3
5981	2871	4
5981	2905	4
5981	2921	2
5981	2935	4
5981	2951	3
5981	2970	5
5981	3015	3
5981	3022	5
5981	3028	5
5981	3033	2
5981	3037	3
5981	3039	3
5981	3044	4
5981	3047	3
5981	3062	4
5981	3072	3
5981	3100	4
5981	3114	5
5981	3135	4
5981	3157	3
5981	3244	4
5981	3252	3
5981	3263	3
5981	3267	4
5981	3304	1
5981	3334	5
5981	3359	5
5981	3365	3
5981	3398	4
5981	3406	3
5981	3421	3
5981	3508	3
5981	3551	3
5981	3552	2
5989	231	3
5989	317	4
5989	339	4
5989	351	5
5989	558	4
5989	587	5
5989	588	5
5989	788	3
5989	1042	3
5989	1126	4
5989	1265	5
5989	1583	3
5989	1641	3
5989	1721	4
5989	1747	5
5989	1784	4
5989	1895	4
5989	1920	2
5989	2302	5
5989	2395	5
5989	2396	3
5989	2424	4
5989	2771	5
5989	2829	1
5989	2840	4
5989	2860	4
5989	2881	4
5989	2996	3
5989	3005	5
5989	3006	3
5989	3053	5
5989	3114	5
5989	3157	4
5989	3238	2
5989	3253	3
5989	3354	4
5989	3438	2
5989	3450	4
5989	3466	4
5989	3477	3
5989	3489	5
5989	3513	4
5989	3555	5
6000	5	3
6000	8	3
6000	10	3
6000	19	3
6000	105	3
6000	111	3
6000	151	4
6000	153	3
6000	158	3
6000	161	5
6000	173	3
6000	186	3
6000	198	4
6000	229	3
6000	231	4
6000	236	3
6000	282	3
6000	303	2
6000	318	5
6000	329	4
6000	351	3
6000	355	1
6000	357	3
6000	362	3
6000	365	2
6000	371	4
6000	376	3
6000	410	2
6000	415	3
6000	419	2
6000	432	3
6000	434	3
6000	457	5
6000	459	3
6000	480	4
6000	494	3
6000	500	4
6000	506	3
6000	527	4
6000	533	3
6000	558	3
6000	587	3
6000	590	5
6000	595	3
6000	605	3
6000	608	5
6000	628	4
6000	647	4
6000	653	3
6000	736	3
6000	743	3
6000	747	1
6000	780	4
6000	788	3
6000	808	3
6000	832	3
6000	849	3
6000	858	4
6000	909	3
6000	924	4
6000	929	3
6000	952	2
6000	969	5
6000	1008	3
6000	1079	4
6000	1088	2
6000	1094	3
6000	1096	3
6000	1136	4
6000	1183	2
6000	1198	5
6000	1200	3
6000	1201	4
6000	1214	2
6000	1215	4
6000	1238	3
6000	1246	3
6000	1252	5
6000	1275	4
6000	1276	5
6000	1278	4
6000	1286	4
6000	1287	5
6000	1293	4
6000	1333	5
6000	1356	5
6000	1372	4
6000	1378	3
6000	1391	3
6000	1396	5
6000	1401	4
6000	1438	3
6000	1445	2
6000	1485	4
6000	1488	3
6000	1562	3
6000	1569	4
6000	1580	3
6000	1610	5
6000	1615	4
6000	1617	4
6000	1633	3
6000	1641	3
6000	1646	2
6000	1665	2
6000	1687	4
6000	1689	3
6000	1721	4
6000	1727	4
6000	1731	1
6000	1779	3
6000	1784	4
6000	1792	4
6000	1806	3
6000	1835	3
6000	1882	2
6000	1918	3
6000	1920	2
6000	1923	5
6000	1949	4
6000	1950	5
6000	1994	3
6000	2011	4
6000	2012	4
6000	2053	2
6000	2059	3
6000	2072	3
6000	2078	3
6000	2081	3
6000	2083	3
6000	2100	3
6000	2105	3
6000	2110	4
6000	2152	1
6000	2153	2
6000	2161	4
6000	2193	3
6000	2232	3
6000	2278	3
6000	2311	4
6000	2313	3
6000	2353	3
6000	2396	4
6000	2399	3
6000	2401	4
6000	2407	3
6000	2408	2
6000	2429	3
6000	2433	5
6000	2440	3
6000	2456	1
6000	2501	5
6000	2506	3
6000	2520	4
6000	2521	3
6000	2529	5
6000	2530	3
6000	2532	3
6000	2533	3
6000	2539	4
6000	2551	2
6000	2567	3
6000	2574	3
6000	2617	4
6000	2640	4
6000	2642	2
6000	2690	3
6000	2693	3
6000	2701	2
6000	2716	3
6000	2735	2
6000	2745	4
6000	2746	3
6000	2748	1
6000	2761	3
6000	2763	3
6000	2794	3
6000	2795	5
6000	2804	5
6000	2822	2
6000	2826	4
6000	2829	3
6000	2866	3
6000	2871	3
6000	2916	4
6000	2919	4
6000	2928	3
6000	2953	3
6000	2977	4
6000	3015	4
6000	3033	3
6000	3037	4
6000	3039	3
6000	3062	4
6000	3068	5
6000	3072	3
6000	3100	3
6000	3102	4
6000	3104	3
6000	3114	3
6000	3157	4
6000	3175	3
6000	3176	3
6000	3196	4
6000	3198	4
6000	3252	3
6000	3253	3
6000	3255	3
6000	3284	2
6000	3334	4
6000	3359	3
6000	3362	3
6000	3405	4
6000	3406	3
6000	3421	4
6000	3450	4
6000	3467	4
6000	3468	3
6000	3499	3
6000	3510	5
6000	3527	3
6000	3552	4
6000	3555	5
6000	3578	5
6000	3615	3
6001	6	4
6001	10	4
6001	22	3
6001	105	4
6001	111	4
6001	153	3
6001	170	2
6001	229	4
6001	247	4
6001	296	4
6001	427	1
6001	454	3
6001	457	4
6001	480	4
6001	501	2
6001	555	4
6001	593	5
6001	608	5
6001	662	3
6001	830	4
6001	832	4
6001	841	4
6001	903	5
6001	908	5
6001	910	4
6001	924	5
6001	933	5
6001	940	4
6001	969	4
6001	999	4
6001	1003	3
6001	1019	3
6001	1086	4
6001	1092	3
6001	1094	4
6001	1193	5
6001	1213	4
6001	1214	4
6001	1225	3
6001	1227	4
6001	1252	4
6001	1275	4
6001	1295	3
6001	1372	3
6001	1373	3
6001	1438	2
6001	1466	3
6001	1499	2
6001	1573	3
6001	1580	4
6001	1615	4
6001	1617	5
6001	1674	4
6001	1680	4
6001	1683	4
6001	1687	3
6001	1729	4
6001	1760	1
6001	1779	3
6001	1784	4
6001	1892	4
6001	1950	5
6001	1953	4
6001	1964	4
6001	2001	3
6001	2011	3
6001	2012	3
6001	2058	3
6001	2110	3
6001	2181	3
6001	2346	5
6001	2349	3
6001	2373	2
6001	2396	5
6001	2405	3
6001	2471	2
6001	2551	4
6001	2600	4
6001	2640	3
6001	2672	3
6001	2692	4
6001	2712	4
6001	2722	3
6001	2763	4
6001	2764	4
6001	2912	4
6001	2916	4
6001	2917	3
6001	2950	2
6001	2970	4
6001	2986	2
6001	2997	5
6001	3176	4
6001	3203	4
6001	3219	3
6001	3267	4
6001	3317	4
6001	3461	4
6001	3499	5
6001	3538	4
6001	3545	5
6001	3547	4
6001	3551	5
6001	3584	3
6001	3649	4
6001	3676	4
6001	3684	4
6001	3685	4
6001	3707	3
6001	3729	4
6001	3733	4
6001	3812	3
6002	110	3
6002	111	3
6002	144	4
6002	235	3
6002	246	4
6002	296	4
6002	318	5
6002	329	5
6002	381	2
6002	457	5
6002	465	3
6002	480	4
6002	497	5
6002	527	5
6002	529	5
6002	549	4
6002	593	5
6002	608	5
6002	759	5
6002	760	2
6002	780	3
6002	858	5
6002	909	5
6002	910	5
6002	916	5
6002	924	5
6002	942	4
6002	953	5
6002	968	4
6002	969	5
6002	1042	4
6002	1084	5
6002	1104	4
6002	1132	5
6002	1147	5
6002	1161	3
6002	1178	5
6002	1183	5
6002	1189	5
6002	1193	5
6002	1199	5
6002	1200	4
6002	1201	4
6002	1204	5
6002	1206	1
6002	1213	4
6002	1214	5
6002	1217	3
6002	1222	3
6002	1225	4
6002	1226	5
6002	1228	4
6002	1230	5
6002	1234	5
6002	1242	5
6002	1252	5
6002	1265	4
6002	1276	5
6002	1278	5
6002	1287	5
6002	1288	3
6002	1289	3
6002	1293	5
6002	1295	5
6002	1333	5
6002	1356	4
6002	1372	2
6002	1374	3
6002	1387	5
6002	1396	4
6002	1419	4
6002	1480	3
6002	1507	4
6002	1617	4
6002	1648	3
6002	1670	4
6002	1674	4
6002	1690	3
6002	1734	4
6002	1747	3
6002	1779	2
6002	1784	5
6002	1927	4
6002	1935	4
6002	1942	5
6002	1947	5
6002	1949	5
6002	1950	5
6002	1953	5
6002	1954	5
6002	1955	5
6002	1964	5
6002	1997	5
6002	2022	1
6002	2023	2
6002	2100	4
6002	2248	5
6002	2289	4
6002	2311	4
6002	2395	5
6002	2396	5
6002	2407	4
6002	2459	4
6002	2474	3
6002	2501	5
6002	2520	4
6002	2529	4
6002	2577	3
6002	2640	4
6002	2664	5
6002	2670	4
6002	2716	4
6002	2726	4
6002	2764	4
6002	2819	4
6002	2866	5
6002	2871	5
6002	2890	3
6002	2908	5
6002	2915	4
6002	2922	4
6002	2932	3
6002	2938	4
6002	2971	4
6002	2972	4
6002	2993	4
6002	2997	3
6002	3006	4
6002	3019	4
6002	3037	4
6002	3062	5
6002	3068	4
6002	3072	5
6002	3090	5
6002	3093	4
6002	3144	2
6002	3148	5
6002	3178	5
6002	3198	5
6002	3244	4
6002	3255	5
6002	3330	5
6002	3334	4
6002	3359	5
6002	3362	4
6002	3367	3
6002	3372	4
6002	3421	4
6002	3424	1
6002	3445	3
6002	3468	5
6002	3471	5
6002	3489	1
6002	3506	4
6002	3546	5
6002	3551	4
6002	3578	3
6002	3634	5
6002	3654	5
6002	3668	5
6002	3700	4
6002	3702	4
6002	3703	4
6002	3729	4
6002	3733	4
6002	3789	5
6002	3811	5
6002	3836	4
6002	3873	5
6013	28	3
6013	34	5
6013	80	4
6013	232	5
6013	300	5
6013	308	5
6013	318	5
6013	326	5
6013	506	5
6013	527	5
6013	587	3
6013	593	4
6013	595	5
6013	668	5
6013	908	4
6013	914	5
6013	1028	5
6013	1030	5
6013	1132	4
6013	1211	5
6013	1394	4
6013	1513	5
6013	1571	5
6013	1573	1
6013	1648	4
6013	1704	5
6013	1721	4
6013	1760	5
6013	1888	3
6013	1947	5
6013	2010	5
6013	2083	5
6013	2105	3
6013	2132	5
6013	2396	5
6013	2529	2
6013	2704	5
6013	2716	3
6013	2746	4
6013	2804	5
6013	2877	4
6013	2908	5
6013	2996	4
6013	2997	5
6013	3005	3
6013	3115	4
6013	3118	4
6013	3157	3
6013	3429	5
6013	3555	2
6013	3578	2
6014	246	4
6014	318	4
6014	355	3
6014	588	4
6014	858	5
6014	908	5
6014	914	5
6014	918	3
6014	924	5
6014	938	5
6014	945	3
6014	1014	2
6014	1025	3
6014	1028	4
6014	1029	3
6014	1032	3
6014	1147	4
6014	1199	5
6014	1200	4
6014	1201	4
6014	1206	4
6014	1213	4
6014	1214	4
6014	1220	3
6014	1252	5
6014	1272	4
6014	1288	4
6014	1289	5
6014	1391	2
6014	1610	4
6014	1617	4
6014	1704	2
6014	1721	5
6014	1784	4
6014	1797	4
6014	1947	5
6014	1994	3
6014	2010	4
6014	2057	3
6014	2203	4
6014	2204	4
6014	2245	4
6014	2359	4
6014	2664	4
6014	2950	1
6014	2971	5
6014	3061	3
6014	3244	4
6014	3308	4
6014	3404	4
6014	3471	5
6014	3545	5
6022	110	3
6022	246	5
6022	296	5
6022	480	4
6022	608	4
6022	1079	4
6022	1200	4
6022	1220	4
6022	1222	4
6022	1246	4
6022	1258	5
6022	1394	4
6022	1674	2
6022	2474	5
6022	2716	3
6022	2795	3
6022	3039	3
6022	3114	5
6022	3505	2
6024	329	4
6024	457	5
6024	527	5
6024	780	5
6024	1198	5
6024	1201	4
6024	1220	4
6024	1222	4
6024	1356	4
6024	1374	4
6024	1387	3
6024	1513	4
6024	1580	5
6024	1610	5
6024	1680	5
6024	1729	4
6024	1918	4
6024	2001	4
6024	2058	4
6024	2353	4
6024	2396	4
6024	2490	5
6024	2529	3
6024	2640	4
6024	2716	4
6024	2763	5
6024	2770	3
6024	2916	4
6024	3107	3
6024	3114	4
6024	3203	3
6024	3219	3
6024	3267	4
6024	3331	4
6024	3405	4
6024	3505	5
6024	3527	3
6035	5	1
6035	26	2
6035	31	2
6035	42	3
6035	110	4
6035	153	4
6035	157	1
6035	186	1
6035	216	2
6035	231	3
6035	236	2
6035	256	1
6035	282	4
6035	293	5
6035	296	5
6035	307	4
6035	318	5
6035	325	1
6035	329	4
6035	333	1
6035	355	1
6035	372	3
6035	378	1
6035	429	1
6035	432	1
6035	454	1
6035	466	3
6035	480	2
6035	500	1
6035	512	1
6035	515	5
6035	527	5
6035	537	1
6035	590	4
6035	605	3
6035	608	5
6035	766	4
6035	784	1
6035	788	2
6035	805	1
6035	830	2
6035	851	3
6035	870	1
6035	875	1
6035	1006	1
6035	1020	1
6035	1042	1
6035	1183	5
6035	1193	5
6035	1200	2
6035	1265	4
6035	1356	4
6035	1366	4
6035	1367	1
6035	1372	4
6035	1373	4
6035	1374	4
6035	1379	3
6035	1391	3
6035	1396	5
6035	1431	1
6035	1453	2
6035	1466	3
6035	1480	3
6035	1513	2
6035	1573	2
6035	1580	4
6035	1590	1
6035	1595	1
6035	1641	1
6035	1646	1
6035	1689	5
6035	1690	2
6035	1702	2
6035	1704	5
6035	1721	2
6035	1727	1
6035	1729	3
6035	1731	1
6035	1747	4
6035	1760	1
6035	1779	1
6035	1784	4
6035	1806	1
6035	1863	1
6035	1882	1
6035	1918	3
6035	1923	1
6035	2004	1
6035	2011	2
6035	2012	2
6035	2021	5
6035	2036	1
6035	2046	4
6035	2053	1
6035	2059	1
6035	2105	5
6035	2152	3
6035	2266	5
6035	2302	1
6035	2311	5
6035	2336	5
6035	2396	4
6035	2407	5
6035	2408	3
6035	2456	2
6035	2642	3
6035	2701	1
6035	2709	3
6035	2916	1
6035	2953	1
6035	2986	1
6035	3053	1
6035	3146	1
6035	3175	5
6035	3176	4
6035	3252	4
6035	3253	4
6035	3255	5
6035	3263	2
6035	3418	4
6035	3426	1
6035	3450	1
6035	3527	2
6037	17	4
6037	34	3
6037	111	5
6037	198	3
6037	235	3
6037	247	4
6037	296	5
6037	318	5
6037	454	4
6037	457	4
6037	527	5
6037	593	5
6037	608	5
6037	702	2
6037	837	3
6037	858	5
6037	903	5
6037	905	3
6037	908	4
6037	909	4
6037	910	5
6037	916	3
6037	924	5
6037	926	5
6037	931	4
6037	933	4
6037	959	4
6037	968	4
6037	1019	3
6037	1086	4
6037	1136	4
6037	1193	4
6037	1200	4
6037	1213	3
6037	1214	5
6037	1225	5
6037	1230	5
6037	1234	3
6037	1237	3
6037	1252	3
6037	1276	5
6037	1288	5
6037	1293	3
6037	1394	2
6037	1407	3
6037	1573	3
6037	1610	3
6037	1617	3
6037	1674	4
6037	1882	1
6037	1938	4
6037	1949	3
6037	1950	3
6037	1953	4
6037	1963	3
6037	1994	4
6037	2010	3
6037	2118	4
6037	2132	3
6037	2178	4
6037	2181	3
6037	2183	3
6037	2208	2
6037	2238	3
6037	2287	4
6037	2289	3
6037	2353	3
6037	2396	4
6037	2407	3
6037	2501	4
6037	2529	3
6037	2640	4
6037	2804	4
6037	2840	3
6037	2890	2
6037	2915	2
6037	2919	3
6037	2997	4
6037	3006	4
6037	3015	3
6037	3044	3
6037	3051	3
6037	3068	4
6037	3114	4
6037	3148	4
6037	3175	4
6037	3196	4
6037	3330	5
6037	3334	3
6037	3359	4
6037	3362	3
6037	3379	5
6037	3424	3
6037	3467	4
6037	3468	4
6037	3471	5
6037	3505	4
6037	3508	3
6039	111	4
6039	282	4
6039	588	4
6039	783	2
6039	858	4
6039	901	4
6039	903	5
6039	907	4
6039	909	3
6039	911	4
6039	914	4
6039	915	4
6039	916	5
6039	918	5
6039	922	5
6039	924	4
6039	926	5
6039	933	4
6039	938	4
6039	942	4
6039	945	4
6039	947	3
6039	952	4
6039	1014	3
6039	1028	4
6039	1066	3
6039	1078	4
6039	1083	3
6039	1086	4
6039	1088	4
6039	1204	5
6039	1211	4
6039	1220	3
6039	1223	4
6039	1230	3
6039	1237	5
6039	1252	4
6039	1265	3
6039	1276	4
6039	1641	4
6039	1680	4
6039	1947	4
6039	1964	4
6039	2019	4
6039	2080	4
6039	2083	3
6039	2208	4
6039	2289	4
6039	2396	5
6039	2746	4
6039	2804	4
6039	3022	4
6039	3028	3
6039	3037	5
6039	3072	3
6039	3088	5
6039	3133	3
6039	3175	4
6039	3421	2
6039	3471	4
6039	3545	4
